 	trajectory	start	end	x1	y1	x2	y2	duration	distance	rate	angle (deg)
1	12	281.250	301.350	-0.269	-0.311	-1.379	-0.059	20.100	1.138	0.057	167.179
2	28	218.850	228.900	-0.025	-0.143	-0.686	-0.161	10.050	0.661	0.066	-178.478
3	32	271.050	286.800	-0.118	-0.093	0.030	-0.076	15.750	0.149	0.009	6.568
4	36	277.500	283.950	-0.272	0.270	-0.814	0.116	6.450	0.564	0.087	-164.075
5	41	301.950	313.650	-0.476	-0.011	-1.307	0.011	11.700	0.831	0.071	178.479
6	54	288.900	308.700	-0.211	-0.081	0.634	0.023	19.800	0.851	0.043	6.977
7	73	255	256.500	-0.049	0.145	-0.489	-0.107	1.500	0.507	0.338	-150.266
8	73	258.900	259.950	-0.627	-0.387	-1.281	-0.261	1.050	0.666	0.634	169.061
9	79	248.550	249.600	-0.159	-0.130	0.274	0.478	1.050	0.746	0.711	54.542
10	79	250.500	251.550	0.423	0.434	0.735	0.188	1.050	0.397	0.378	-38.264
11	90	242.250	242.700	-0.375	0.054	-0.820	0.036	0.450	0.445	0.990	-177.633
12	92	324.150	336.450	-0.125	-0.068	-0.693	-0.008	12.300	0.571	0.046	173.947
13	104	253.950	255	-1.162	0.466	-1.516	0.531	1.050	0.360	0.343	169.576
14	104	285.600	286.950	-2.887	0.620	-3.261	0.558	1.350	0.379	0.281	-170.470
15	106	314.850	341.700	-0.214	-0.470	1.017	0.677	26.850	1.683	0.063	42.996
16	113	282.300	283.650	-0.058	3.721E-4	0.723	-0.341	1.350	0.852	0.631	-23.602
17	113	287.100	288.150	0.803	-0.260	1.400	0.100	1.050	0.697	0.664	31.121
18	115	230.100	230.850	-0.218	-0.334	-0.487	-0.132	0.750	0.336	0.448	143.151
19	126	263.100	263.850	-1.162	-0.060	-1.455	-0.003	0.750	0.298	0.398	168.998
20	126	265.800	266.400	-1.594	0.090	-1.877	0.110	0.600	0.284	0.473	176.093
21	126	269.700	271.500	-2.241	-0.010	-3.553	0.120	1.800	1.318	0.732	174.326
22	130	209.100	210.600	-0.089	-0.029	-0.387	-0.093	1.500	0.305	0.203	-167.902
23	163	295.500	365.850	-0.069	-0.085	-4.069	0.779	70.350	4.092	0.058	167.810
24	190	283.950	295.200	-0.071	0.026	0.663	-0.067	11.250	0.740	0.066	-7.235
25	201	299.700	334.650	-0.350	-0.073	-2.239	-0.086	34.950	1.889	0.054	-179.613
26	259	251.400	252.900	0.069	0.184	-0.620	-0.054	1.500	0.729	0.486	-160.974
27	259	260.100	262.350	-0.939	0.054	-2.262	-0.314	2.250	1.373	0.610	-164.434
28	259	265.200	266.850	-2.358	-0.553	-3.278	0.053	1.650	1.101	0.667	146.656
29	259	279.600	280.800	-4.131	-0.761	-5.099	-0.092	1.200	1.177	0.981	145.352
30	259	306.450	306.900	-3.937	-0.649	-4.710	-0.366	0.450	0.823	1.829	159.910
31	259	311.100	311.550	-5.827	-0.603	-6.552	-0.514	0.450	0.730	1.623	173.069
32	259	314.850	315.300	-7.104	-0.801	-8.019	-0.982	0.450	0.933	2.073	-168.779
33	284	316.200	399.600	-0.533	-0.017	-3.634	-0.103	83.400	3.102	0.037	-178.414
34	291	246.750	247.800	0.047	-0.213	-0.742	-0.075	1.050	0.801	0.763	170.060
35	291	256.050	257.700	-1.651	-0.025	-2.659	-0.168	1.650	1.018	0.617	-171.922
36	291	269.400	270.600	-4.601	-0.440	-5.505	-0.480	1.200	0.905	0.754	-177.427
37	291	274.950	278.850	-6.118	-0.568	-8.219	-0.612	3.900	2.101	0.539	-178.798
38	309	288.450	313.050	0.012	-0.126	-0.917	-0.044	24.600	0.933	0.038	174.946
39	318	382.350	383.400	-0.388	-6.505E-4	-0.209	-0.043	1.050	0.184	0.175	-13.239
40	318	384.600	385.500	-0.176	-0.151	-0.030	0.098	0.900	0.288	0.320	59.525
41	318	387.450	388.350	0.250	0.029	0.458	0.041	0.900	0.208	0.231	3.274
42	318	390.150	392.250	0.514	-0.056	1.404	-0.138	2.100	0.894	0.426	-5.241
43	318	393.150	395.850	1.554	-0.109	2.568	-0.168	2.700	1.016	0.376	-3.325
44	318	396	396.750	2.634	-0.077	2.856	-0.280	0.750	0.301	0.402	-42.560
45	322	284.100	385.800	-0.893	-0.023	3.581	-0.010	101.700	4.474	0.044	0.159
46	339	275.550	278.700	-0.395	-0.143	-1.434	-0.127	3.150	1.039	0.330	179.121
47	352	223.950	224.550	-0.204	-0.274	-0.645	-0.458	0.600	0.478	0.797	-157.317
48	375	283.650	399.600	-1.294	-0.021	2.409	-0.009	115.950	3.703	0.032	0.182
49	379	331.950	381.150	-0.300	0.096	-2.929	-0.014	49.200	2.631	0.053	-177.604
50	383	342	361.050	1.019	0.001	-0.310	-0.048	19.050	1.330	0.070	-177.868
51	405	276.300	277.350	-0.101	-0.165	0.201	-0.299	1.050	0.330	0.315	-23.940
52	410	332.400	340.800	-1.346	-0.051	1.171	0.071	8.400	2.520	0.300	2.779
53	411	270	271.050	-0.030	-0.242	-0.449	-0.204	1.050	0.421	0.401	174.811
54	425	213	213.750	-0.090	-0.274	-0.349	0.025	0.750	0.396	0.528	130.879
55	427	317.700	363.450	-0.689	0.027	-1.802	-0.044	45.750	1.115	0.024	-176.386
56	432	344.550	374.850	0.066	0.025	-0.783	0.063	30.300	0.850	0.028	177.409
57	433	351.900	360.750	-2.586	-0.143	0.272	-0.256	8.850	2.860	0.323	-2.247
58	433	366.900	369.300	0.832	-0.349	1.886	-0.568	2.400	1.076	0.448	-11.709
59	433	371.850	373.500	2.446	-0.432	3.235	-0.464	1.650	0.790	0.479	-2.289
60	433	382.800	387.900	4.376	-0.529	6.444	-0.782	5.100	2.083	0.409	-6.971
61	433	391.650	393.750	7.088	-0.808	7.936	-0.636	2.100	0.865	0.412	11.459
62	446	300.450	339.750	0.006	-0.046	1.249	-0.006	39.300	1.244	0.032	1.831
63	448	305.850	399.600	0.498	0.001	-2.515	-0.181	93.750	3.019	0.032	-176.534
64	450	284.850	308.700	-0.295	-0.083	-2.010	-0.214	23.850	1.720	0.072	-175.637
65	451	327.300	365.850	-0.118	-0.050	-1.364	-0.271	38.550	1.265	0.033	-169.968
66	457	276.450	300.900	-0.059	-0.092	-0.543	-0.032	24.450	0.488	0.020	172.975
67	462	331.050	399.600	-0.262	-0.068	-2.460	-0.139	68.550	2.199	0.032	-178.154
68	469	230.850	232.050	-0.218	0.068	-0.588	-0.064	1.200	0.393	0.327	-160.366
69	469	239.100	240.750	-0.663	-0.025	-1.869	0.115	1.650	1.214	0.736	173.367
70	474	272.550	273.150	-0.378	-0.012	-0.719	0.019	0.600	0.342	0.571	174.698
71	474	275.550	277.050	-0.778	-0.165	-1.527	0.065	1.500	0.784	0.522	162.926
72	474	279.450	280.500	-1.682	-0.060	-2.185	0.022	1.050	0.510	0.485	170.755
73	474	280.950	281.850	-2.362	0.365	-2.913	-0.084	0.900	0.710	0.789	-140.854
74	474	283.200	284.100	-3.031	-0.075	-3.341	0.067	0.900	0.341	0.379	155.290
75	475	235.500	235.950	-0.128	0.048	-0.803	-0.138	0.450	0.700	1.556	-164.601
76	481	391.950	393.150	-2.380	-0.181	-1.421	-0.539	1.200	1.024	0.853	-20.473
77	481	394.350	396.750	-1.168	-0.249	0.048	0.038	2.400	1.249	0.521	13.288
78	481	397.950	399.450	0.508	-0.163	1.051	0.298	1.500	0.712	0.475	40.318
79	487	283.350	284.850	-0.685	0.003	-1.228	-0.067	1.500	0.547	0.365	-172.741
80	522	233.850	234.450	-0.336	-0.152	-0.656	0.050	0.600	0.379	0.631	147.659
81	522	239.250	240.750	-0.668	-0.093	-1.283	-0.108	1.500	0.615	0.410	-178.586
82	522	240.900	242.400	-1.350	-0.068	-2.361	-0.061	1.500	1.011	0.674	179.600
83	545	272.250	283.650	-0.069	-0.073	-0.280	0.013	11.400	0.228	0.020	157.814
84	561	271.950	302.550	-0.185	-0.292	0.550	-0.184	30.600	0.743	0.024	8.365
85	566	296.100	329.400	-0.089	-0.183	-1.414	-0.229	33.300	1.326	0.040	-178.018
86	567	242.550	243	-0.465	-0.103	-0.732	0.016	0.450	0.292	0.650	155.991
87	567	255.900	258.150	-1.983	-0.191	-2.823	-0.217	2.250	0.840	0.374	-178.251
88	567	274.950	275.250	-3.881	-0.361	-4.620	-0.393	0.300	0.740	2.466	-177.521
89	584	292.050	374.400	0.912	0.022	-0.296	-0.025	82.350	1.209	0.015	-177.783
90	587	245.850	247.950	-0.450	-0.150	-1.320	-0.071	2.100	0.874	0.416	174.762
91	588	246.600	247.350	0.310	0.142	0.608	-0.711	0.750	0.904	1.206	-70.757
92	588	249	249.300	0.747	-0.277	0.797	0.304	0.300	0.583	1.944	85.081
93	588	249.600	250.050	1.033	-0.055	1.299	-0.334	0.450	0.385	0.856	-46.334
94	595	325.650	327.300	-0.331	-0.352	0.258	0.086	1.650	0.734	0.445	36.610
95	604	235.350	235.950	-0.057	-0.065	-0.940	0.014	0.600	0.887	1.478	174.880
96	606	246.450	248.100	-0.357	-0.141	-0.917	0.213	1.650	0.662	0.401	147.728
97	610	282.750	308.550	0.014	-0.023	-1.315	-0.044	25.800	1.329	0.052	-179.117
98	613	248.550	249.150	-0.262	-0.044	-0.587	-0.085	0.600	0.328	0.546	-172.831
99	615	224.400	224.850	-0.088	-0.065	-0.222	-0.148	0.450	0.158	0.351	-148.057
100	616	294.750	295.350	-0.153	0.212	-2.102	-1.099	0.600	2.349	3.914	-146.082
101	616	296.100	297	-2.388	-1.465	-5.343	-2.095	0.900	3.021	3.357	-167.977
102	620	274.800	275.100	-0.021	0.046	-0.270	-0.090	0.300	0.284	0.946	-151.357
103	621	224.850	225.150	-0.159	-0.046	-1.250	0.186	0.300	1.115	3.718	167.995
104	622	282.900	285	0.104	0.302	1.432	0.345	2.100	1.329	0.633	1.862
105	622	297	298.350	2.456	0.224	3.224	0.101	1.350	0.778	0.576	-9.100
106	622	305.400	307.800	5.714	0.290	7.159	0.326	2.400	1.445	0.602	1.414
107	622	310.050	310.800	7.827	0.614	8.576	-0.261	0.750	1.152	1.536	-49.443
108	622	314.250	315.450	10.077	0.290	10.589	0.453	1.200	0.537	0.448	17.600
109	622	316.500	317.550	10.723	0.163	11.363	0.288	1.050	0.652	0.621	11.051
110	623	291.900	360.150	0.176	-0.030	-2.757	-0.150	68.250	2.935	0.043	-177.666
111	626	247.500	247.950	0.090	0.244	-0.129	0.418	0.450	0.280	0.621	141.564
112	626	254.100	255	-0.618	-0.394	-1.041	-0.368	0.900	0.424	0.471	176.570
113	626	255.450	255.750	-0.969	-0.367	-1.153	-0.279	0.300	0.204	0.680	154.440
114	626	270.150	270.900	-1.938	-0.160	-2.186	-0.084	0.750	0.259	0.346	162.982
115	626	280.800	282	-2.278	-0.099	-3.145	-0.143	1.200	0.868	0.723	-177.099
116	635	291.300	292.500	-0.008	-0.311	-0.451	-0.460	1.200	0.467	0.389	-161.417
117	635	293.100	293.550	-0.502	-0.274	-0.622	-0.161	0.450	0.165	0.367	136.553
118	643	319.650	386.550	0.039	-0.004	1.984	0.012	66.900	1.945	0.029	0.466
119	647	306.900	332.250	0.765	0.011	-0.471	-0.170	25.350	1.249	0.049	-171.689
120	649	261.900	264.450	1.345	-0.204	2.201	-0.152	2.550	0.858	0.336	3.493
121	655	302.250	303.450	0.132	-0.047	0.876	0.110	1.200	0.760	0.634	11.913
122	656	331.800	397.800	0.043	-0.028	-1.645	1.891E-4	66	1.688	0.026	179.038
123	658	270.150	270.450	-0.484	-0.012	-0.361	0.098	0.300	0.165	0.550	41.807
124	658	272.250	273	-0.224	-0.088	0.092	-0.108	0.750	0.317	0.422	-3.658
125	658	274.050	274.350	0.223	-0.076	0.316	-0.059	0.300	0.095	0.315	10.359
126	658	274.500	276	0.444	-0.234	1.365	-0.353	1.500	0.929	0.619	-7.412
127	662	315.600	399.900	1.318	-0.007	-0.869	-0.017	84.300	2.187	0.026	-179.716
128	664	212.850	213.600	-0.643	-0.104	-0.779	-0.079	0.750	0.138	0.184	169.438
129	668	204.300	204.600	-1.237	-0.157	-1.779	0.058	0.300	0.583	1.944	158.363
130	671	301.500	313.650	-0.437	-0.190	-1.472	-0.136	12.150	1.036	0.085	177.011
131	686	310.050	390.300	-0.412	-0.180	-1.906	-0.514	80.250	1.531	0.019	-167.393
132	700	288.450	289.650	-0.916	-0.324	-1.369	-0.312	1.200	0.453	0.378	178.551
133	700	294.300	294.600	-1.631	-0.369	-1.764	-0.416	0.300	0.141	0.470	-160.537
134	703	302.100	308.850	-0.083	0.181	-0.595	0.017	6.750	0.537	0.080	-162.291
135	708	231.300	233.400	-0.525	-0.216	-1.157	-0.383	2.100	0.654	0.311	-165.241
136	709	325.950	340.650	-0.315	-0.605	-1.095	-1.096	14.700	0.922	0.063	-147.820
137	712	308.700	330	-1.169	-0.137	-2.092	-0.244	21.300	0.929	0.044	-173.434
138	717	267.900	268.650	0.014	-0.095	-1.125	-0.320	0.750	1.161	1.548	-168.820
139	717	270.150	270.900	-1.671	-0.127	-2.624	0.322	0.750	1.053	1.405	154.774
140	717	273.600	275.400	-2.810	0.034	-3.395	0.198	1.800	0.607	0.337	164.408
141	717	276.750	277.200	-3.768	0.148	-4.474	-0.034	0.450	0.729	1.620	-165.590
142	722	342.600	343.800	0.019	-0.005	0.592	0.080	1.200	0.579	0.483	8.381
143	724	300.150	310.050	-1.139	-0.195	-5.251	-0.043	9.900	4.115	0.416	177.874
144	724	314.700	315	-6.971	-0.082	-7.467	0.139	0.300	0.543	1.810	155.984
145	728	341.250	343.650	-0.141	-0.227	0.787	-0.156	2.400	0.931	0.388	4.365
146	728	347.850	348.450	1.707	-0.276	1.956	-0.538	0.600	0.361	0.602	-46.408
147	728	352.350	352.650	3.086	-0.182	3.404	-0.172	0.300	0.318	1.061	1.801
148	728	375.300	376.200	4.638	-0.735	4.993	-0.697	0.900	0.357	0.397	6.053
149	738	285	285.750	-0.212	0.116	-0.010	-0.512	0.750	0.660	0.880	-72.179
150	745	237.600	238.500	-0.651	-0.078	-1.159	-0.083	0.900	0.508	0.564	-179.477
151	745	238.800	239.700	-0.959	-0.066	-1.586	-0.266	0.900	0.658	0.732	-162.230
152	746	207.450	208.950	-0.232	-0.216	0.385	-0.184	1.500	0.618	0.412	2.942
153	757	210.900	211.200	0.533	9.000E-4	0.403	-0.174	0.300	0.218	0.726	-126.623
154	757	213.300	213.750	-1.624	0.568	-2.952	-0.162	0.450	1.516	3.368	-151.187
155	757	217.800	218.400	-3.319	-0.211	-4.159	-0.159	0.600	0.842	1.403	176.475
156	760	294.750	339.900	-0.463	-0.217	0.780	0.247	45.150	1.327	0.029	20.468
157	767	325.800	366.450	0.743	-0.045	-1.038	-0.118	40.650	1.783	0.044	-177.646
158	769	228.900	231.150	-1.230	-0.057	-2.179	-0.312	2.250	0.983	0.437	-164.992
159	776	292.650	294.750	-2.211	-0.021	-3.783	0.232	2.100	1.592	0.758	170.849
160	776	302.100	303.150	-6.206	0.032	-6.895	0.063	1.050	0.690	0.657	177.411
161	776	306.450	307.800	-7.043	0.155	-8.172	0.495	1.350	1.179	0.873	163.241
162	777	339.600	361.650	-0.138	0.007	-1.001	-0.050	22.050	0.865	0.039	-176.228
163	788	285.150	306	-0.270	-0.085	0.514	-0.044	20.850	0.785	0.038	3.014
164	789	274.050	276.150	-1.011	-0.015	-1.945	-0.181	2.100	0.949	0.452	-169.879
165	791	351.450	352.050	-0.346	0.223	0.014	0.146	0.600	0.368	0.613	-11.995
166	791	358.650	360.750	0.953	0.196	2.014	0.108	2.100	1.065	0.507	-4.709
167	791	363.300	364.500	2.344	0.099	2.792	0.138	1.200	0.450	0.375	5.011
168	798	280.050	281.400	-0.958	-0.287	-2.049	-0.323	1.350	1.092	0.809	-178.108
169	798	281.700	282.150	-2.237	0.228	-2.440	0.186	0.450	0.207	0.461	-168.307
170	798	283.350	284.250	-2.528	0.172	-2.741	0.405	0.900	0.315	0.350	132.496
171	798	292.050	292.650	-2.416	0.105	-2.208	0.180	0.600	0.221	0.369	19.881
172	798	292.800	293.250	-2.142	-0.114	-1.870	0.108	0.450	0.351	0.781	39.275
173	798	293.250	293.850	-1.893	0.427	-1.312	0.379	0.600	0.583	0.972	-4.762
174	802	265.500	265.950	-0.239	0.012	-0.298	-0.161	0.450	0.183	0.407	-108.805
175	802	266.100	266.550	-0.305	-0.040	-0.370	-0.277	0.450	0.245	0.545	-105.382
176	804	315.150	392.250	-0.190	-0.002	3.828	-0.012	77.100	4.018	0.052	-0.132
177	805	235.200	236.250	-0.408	-0.190	-0.799	-0.085	1.050	0.405	0.386	165.007
178	806	327.600	392.850	-0.076	-0.128	-1.505	-0.228	65.250	1.432	0.022	-176.001
179	807	343.800	344.250	-0.869	0.633	-0.511	0.701	0.450	0.365	0.810	10.893
180	807	344.400	346.500	-0.447	0.552	0.098	0.639	2.100	0.552	0.263	9.064
181	811	327.750	364.800	0.842	-0.046	-0.038	-0.024	37.050	0.880	0.024	178.583
182	815	295.050	295.350	-0.287	0.073	-0.378	0.154	0.300	0.122	0.406	138.327
183	822	218.400	219.300	-0.177	-0.200	-0.015	-0.420	0.900	0.273	0.304	-53.643
184	822	220.800	221.250	-0.004	-0.023	0.081	-0.276	0.450	0.267	0.593	-71.416
185	825	218.100	219.150	-0.232	0.014	0.016	-0.291	1.050	0.393	0.374	-50.857
186	826	216.450	216.900	-0.391	-0.223	-0.290	-0.384	0.450	0.190	0.423	-57.941
187	829	297.600	298.350	-0.024	0.182	0.118	-0.116	0.750	0.330	0.440	-64.506
188	829	301.350	301.800	0.305	-0.207	0.347	-0.182	0.450	0.049	0.108	30.477
189	832	298.350	300	-0.250	-0.123	-0.938	-0.145	1.650	0.688	0.417	-178.170
190	832	324.900	325.800	-2.284	-1.254	-2.629	-1.194	0.900	0.350	0.389	170.171
191	832	326.700	327.450	-3.375	-1.067	-4.463	-0.677	0.750	1.156	1.541	160.293
192	832	332.850	334.050	-4.625	0.203	-3.441	-0.017	1.200	1.204	1.004	-10.539
193	840	293.100	295.050	0.099	-0.181	-0.693	-0.101	1.950	0.796	0.408	174.221
194	840	295.500	297	-0.690	-0.112	-1.866	-0.035	1.500	1.179	0.786	176.253
195	840	323.100	323.850	-2.683	0.060	-3.450	-0.171	0.750	0.801	1.068	-163.269
196	847	226.500	227.100	-0.160	-0.420	-0.295	-0.046	0.600	0.398	0.664	109.810
197	848	286.800	287.550	-0.109	0.016	-0.700	0.125	0.750	0.601	0.801	169.526
198	848	287.550	315.150	-0.762	-0.136	-1.605	-0.076	27.600	0.845	0.031	175.946
199	850	293.700	379.650	0.067	-0.022	-1.970	-0.160	85.950	2.042	0.024	-176.131
200	857	247.800	249.300	-0.208	-0.175	-0.043	-0.051	1.500	0.207	0.138	36.986
201	857	251.550	252.750	-0.090	-0.069	0.010	-0.207	1.200	0.170	0.142	-54.079
202	857	253.350	254.400	0.005	0.038	0.091	0.010	1.050	0.090	0.086	-17.633
203	857	254.550	255.300	0.093	-0.091	0.202	-0.137	0.750	0.119	0.158	-23.156
204	859	252.150	253.050	-0.380	-0.150	-0.761	-0.076	0.900	0.388	0.431	168.932
205	859	257.250	259.200	-1.357	-0.146	-2.021	-0.351	1.950	0.695	0.356	-162.816
206	859	273.600	273.900	-3.129	-0.204	-3.335	-0.380	0.300	0.271	0.903	-139.490
207	863	225	226.200	-0.181	-0.092	0.208	0.014	1.200	0.403	0.336	15.257
208	863	226.500	226.800	0.163	0.009	0.235	-0.088	0.300	0.121	0.403	-53.415
209	863	227.250	227.700	0.413	0.094	0.619	-0.010	0.450	0.231	0.512	-26.667
210	868	277.500	282.450	-0.813	0.352	0.325	0.015	4.950	1.187	0.240	-16.470
211	868	288.450	293.250	1.155	-0.115	2.374	0.083	4.800	1.235	0.257	9.252
212	868	299.250	302.250	2.965	0.040	4.054	-0.026	3	1.091	0.364	-3.442
213	868	307.650	310.800	4.413	0.181	5.029	-0.247	3.150	0.750	0.238	-34.770
214	869	286.050	312.450	-0.061	-0.140	-1.467	0.634	26.400	1.605	0.061	151.168
215	872	283.050	283.800	0.055	-0.236	0.269	-0.106	0.750	0.250	0.334	31.225
216	874	225.300	235.500	-0.158	-0.161	-0.622	0.026	10.200	0.500	0.049	158.039
217	877	324.600	399.900	0.475	-0.085	-1.992	-0.065	75.300	2.467	0.033	179.536
218	878	318.750	324.600	-2.020	-0.384	0.929	0.243	5.850	3.015	0.515	12.004
219	878	326.700	328.350	1.617	0.186	2.670	0.118	1.650	1.055	0.640	-3.719
220	882	341.550	399.600	-0.032	-0.041	-1.109	-0.049	58.050	1.077	0.019	-179.593
221	889	305.550	307.050	-0.118	-0.129	0.621	0.010	1.500	0.752	0.501	10.667
222	891	292.650	314.400	1.352	-0.084	0.164	-0.102	21.750	1.188	0.055	-179.090
223	891	324.150	366.750	0.319	-0.073	-1.833	-0.052	42.600	2.152	0.051	179.433
224	894	291.450	313.050	-0.035	-0.127	-1.396	-0.078	21.600	1.362	0.063	177.939
225	894	320.400	333.150	-1.297	-0.079	-0.532	-0.045	12.750	0.766	0.060	2.590
226	896	249.900	250.350	-0.414	-0.183	-0.630	-0.046	0.450	0.256	0.569	147.456
227	896	253.200	254.550	-0.852	0.376	-1.811	-0.116	1.350	1.078	0.798	-152.833
228	896	263.550	265.350	-2.062	-0.211	-3.440	-0.192	1.800	1.378	0.766	179.227
229	905	294.900	296.250	0.149	-0.425	0.928	-0.264	1.350	0.796	0.589	11.723
230	905	301.650	301.950	2.306	-0.338	2.568	-0.227	0.300	0.285	0.948	22.961
231	905	306.300	307.800	3.488	-0.079	4.482	0.058	1.500	1.003	0.669	7.841
232	905	321.900	322.200	6.941	0.321	7.309	0.372	0.300	0.372	1.238	7.890
233	915	336.750	349.500	-0.293	-0.165	0.344	-0.037	12.750	0.650	0.051	11.353
234	916	201.450	202.050	-0.222	-0.067	-0.582	-0.436	0.600	0.515	0.859	-134.297
235	920	296.700	298.500	-0.341	-0.214	0.597	-0.052	1.800	0.952	0.529	9.814
236	920	304.200	306.600	1.488	-0.088	1.936	0.135	2.400	0.500	0.208	26.426
237	923	285.750	286.050	1.124	-0.110	0.775	-0.253	0.300	0.377	1.257	-157.719
238	923	303.300	304.350	-0.324	0.008	-1.054	-0.157	1.050	0.748	0.713	-167.315
239	923	308.250	309.150	-2.446	-0.247	-3.247	0.351	0.900	1.000	1.111	143.237
240	923	312	313.350	-3.699	-0.418	-4.880	-0.094	1.350	1.225	0.907	164.662
241	923	329.850	331.500	-5.771	-0.183	-6.740	-0.563	1.650	1.041	0.631	-158.554
242	923	334.650	335.400	-6.647	-0.752	-7.759	-0.727	0.750	1.112	1.483	178.701
243	926	274.500	275.700	0.574	-0.280	-0.055	-0.306	1.200	0.630	0.525	-177.663
244	926	282.450	282.900	-0.005	-0.097	-0.466	-0.418	0.450	0.562	1.248	-145.150
245	926	287.700	288.750	-0.413	-0.004	-0.872	-0.490	1.050	0.668	0.636	-133.378
246	926	297.150	297.750	-0.807	-0.328	-1.165	0.131	0.600	0.582	0.970	127.963
247	926	305.100	305.550	-1.063	-0.370	-1.419	-0.228	0.450	0.383	0.852	158.248
248	926	314.400	315.750	-2.126	-0.528	-1.757	-0.309	1.350	0.429	0.318	30.669
249	930	312.600	313.800	-0.530	0.124	-1.079	-0.096	1.200	0.592	0.493	-158.121
250	930	332.100	333.600	-0.956	0.084	-1.884	-0.317	1.500	1.011	0.674	-156.626
251	935	231.750	232.050	3.031	0.046	2.768	0.334	0.300	0.390	1.300	132.402
252	935	236.250	236.550	0.493	-0.349	0.181	0.241	0.300	0.667	2.225	117.870
253	935	238.200	239.400	0.005	0.058	-0.904	-0.034	1.200	0.914	0.761	-174.220
254	935	258.300	265.800	-0.813	0.021	-9.518	0.196	7.500	8.707	1.161	178.848
255	935	271.950	272.550	-9.830	0.090	-10.785	0.006	0.600	0.959	1.598	-174.941
256	935	321.750	322.800	-10.131	-0.036	-12.736	-0.093	1.050	2.606	2.482	-178.750
257	939	294.450	396.900	-0.732	-0.022	2.303	-0.089	102.450	3.036	0.030	-1.249
258	958	223.650	224.400	-0.201	0.019	-0.015	-0.047	0.750	0.198	0.263	-19.712
259	958	271.650	272.100	0.036	0.040	0.203	-0.073	0.450	0.202	0.448	-34.031
260	958	273	274.650	0.345	0.059	1.001	-0.209	1.650	0.709	0.430	-22.248
261	958	283.350	285	1.011	-0.138	1.588	-0.015	1.650	0.590	0.358	12.008
262	958	287.100	287.550	1.771	-0.155	1.983	-0.002	0.450	0.262	0.581	35.866
263	958	292.800	293.550	2.187	-0.208	2.393	-0.231	0.750	0.207	0.276	-6.379
264	958	296.250	296.550	2.417	-0.261	2.585	-0.279	0.300	0.169	0.563	-6.116
265	958	300.450	302.850	3.147	-0.417	4.017	-0.093	2.400	0.928	0.387	20.441
266	973	259.350	259.650	0.305	0.088	-0.410	0.099	0.300	0.715	2.384	179.119
267	973	261.150	261.450	-2.722	0.070	-4.117	0.088	0.300	1.395	4.650	179.261
268	973	272.850	273	-4.875	NaN	-4.875	NaN	0.150	NaN	NaN	NaN
269	974	283.200	285.750	0.737	-0.253	2.148	-0.092	2.550	1.420	0.557	6.504
270	978	295.500	296.700	-0.219	0.005	-0.634	-0.121	1.200	0.434	0.362	-163.060
271	979	330.750	359.550	-0.358	-0.085	-1.873	0.151	28.800	1.533	0.053	171.124
272	982	270.450	271.950	-1.143	-0.194	-0.547	-0.178	1.500	0.596	0.397	1.460
273	982	295.200	296.250	0.148	-0.151	0.884	-0.165	1.050	0.736	0.701	-1.054
274	982	298.950	301.050	1.623	-0.419	2.809	-0.272	2.100	1.195	0.569	7.040
275	982	305.250	307.650	4.162	-0.232	4.991	-0.178	2.400	0.831	0.346	3.714
276	982	309.750	310.800	5.757	-0.271	6.420	-0.192	1.050	0.668	0.636	6.765
277	982	312.150	312.600	6.791	-0.142	7.119	-0.149	0.450	0.328	0.729	-1.138
278	983	288.150	289.200	-1.027	-0.184	-0.761	-0.182	1.050	0.266	0.253	0.345
279	990	291.450	293.400	0.045	-0.397	0.418	-1.040	1.950	0.743	0.381	-59.873
280	992	241.800	242.400	-0.115	-0.017	-0.342	0.030	0.600	0.232	0.386	168.318
281	997	191.100	191.250	-0.471	NaN	-0.471	NaN	0.150	NaN	NaN	NaN
282	997	193.500	193.650	-1.125	NaN	-1.125	NaN	0.150	NaN	NaN	NaN
283	999	307.350	352.200	0.609	-0.010	-1.962	-0.246	44.850	2.582	0.058	-174.767
284	1009	306.750	399.900	-0.445	-0.067	2.062	-0.136	93.150	2.508	0.027	-1.573
285	1024	395.400	399.300	-0.228	0.018	-0.786	-0.074	3.900	0.566	0.145	-170.632
286	1034	277.800	278.700	-0.106	-0.146	-0.334	-0.007	0.900	0.267	0.296	148.709
287	1034	280.650	281.400	-0.390	-0.233	-0.951	-0.086	0.750	0.580	0.773	165.274
288	1034	281.700	283.500	-1.087	0.279	-1.935	0.265	1.800	0.848	0.471	-179.025
289	1042	272.850	273.750	-0.163	-0.513	0.442	-0.084	0.900	0.742	0.824	35.353
290	1042	274.050	275.250	0.556	0.286	1.021	-0.405	1.200	0.833	0.694	-56.055
291	1047	269.850	271.650	-1.163	0.357	-2.259	0.740	1.800	1.161	0.645	160.742
292	1054	337.950	398.850	-0.123	-0.035	-1.468	0.023	60.900	1.346	0.022	177.555
293	1059	340.050	399.900	-0.023	-0.270	2.180	-0.318	59.850	2.204	0.037	-1.237
294	1063	256.500	258.600	0.363	0.021	-0.704	0.026	2.100	1.067	0.508	179.728
295	1063	262.950	264.600	-1.072	-0.216	-1.748	-0.141	1.650	0.680	0.412	173.644
296	1063	276.900	277.200	-1.512	0.187	-1.712	0.219	0.300	0.203	0.675	170.910
297	1063	285.900	287.100	-3.836	0.421	-4.535	0.524	1.200	0.706	0.589	171.654
298	1063	301.500	302.850	-6.791	0.662	-7.559	-0.472	1.350	1.369	1.014	-124.116
299	1063	320.250	322.800	-6.916	-0.313	-8.300	0.769	2.550	1.756	0.689	141.994
300	1080	218.100	218.550	-0.266	-0.181	-0.122	0.075	0.450	0.294	0.654	60.717
301	1084	246.150	247.800	-1.549	-0.354	-2.672	-0.458	1.650	1.128	0.684	-174.702
302	1094	207.750	208.500	-0.217	-0.005	0.164	0.142	0.750	0.408	0.544	21.056
303	1097	282.600	283.200	0.143	0.062	-0.417	0.112	0.600	0.562	0.937	174.841
304	1097	305.400	307.950	-1.609	-0.217	-2.493	0.369	2.550	1.060	0.416	146.489
305	1102	275.700	276.900	-0.737	-0.560	-0.094	0.073	1.200	0.902	0.752	44.544
306	1102	281.250	283.200	0.349	-0.005	1.189	0.193	1.950	0.863	0.443	13.257
307	1102	283.500	284.550	1.253	-0.468	1.866	0.084	1.050	0.825	0.786	42.005
308	1102	303.450	305.850	1.719	0.361	2.714	-0.289	2.400	1.188	0.495	-33.142
309	1102	306.750	308.850	3.400	-0.172	4.232	-0.501	2.100	0.895	0.426	-21.584
310	1102	310.050	312.450	4.890	-0.297	5.808	-0.773	2.400	1.034	0.431	-27.422
311	1102	316.950	319.500	6.416	-0.724	7.183	-0.453	2.550	0.813	0.319	19.407
312	1102	322.350	324.300	8.019	0.421	8.565	-0.721	1.950	1.266	0.649	-64.447
313	1102	331.050	333	9.615	-0.360	10.287	-0.460	1.950	0.679	0.348	-8.448
314	1102	333.150	334.500	10.563	-0.356	11.399	-0.730	1.350	0.916	0.678	-24.059
315	1112	264.300	265.800	-0.173	-0.207	0.408	0.062	1.500	0.640	0.427	24.855
316	1112	265.950	267.300	0.392	0.073	0.950	0.072	1.350	0.558	0.413	-0.099
317	1112	325.500	325.950	-0.533	-0.039	-0.176	-0.051	0.450	0.357	0.794	-1.810
318	1112	326.550	326.850	0.189	-0.069	0.409	-0.096	0.300	0.222	0.739	-6.997
319	1112	327.600	328.200	0.773	0.283	1.038	0.153	0.600	0.295	0.492	-26.183
320	1112	328.650	329.100	1.173	0.032	1.411	-0.134	0.450	0.290	0.644	-34.837
321	1113	274.200	274.650	-0.213	0.018	-0.519	0.101	0.450	0.317	0.705	164.763
322	1113	327.150	329.550	0.487	-0.279	-0.538	-0.227	2.400	1.026	0.428	177.069
323	1113	331.350	334.350	-0.985	-0.344	-2.685	0.255	3	1.802	0.601	160.590
324	1170	301.800	330.750	-0.292	-0.006	-2.273	-0.162	28.950	1.987	0.069	-175.504
325	1172	287.250	287.700	-0.162	-0.200	-0.471	-0.037	0.450	0.350	0.777	152.127
326	1192	288	288.600	-0.129	0.099	-0.402	0.134	0.600	0.275	0.459	172.728
327	1192	289.500	289.800	-0.428	0.090	-0.506	0.096	0.300	0.078	0.261	175.601
328	1192	297.900	298.350	-0.663	0.052	-1.079	-0.013	0.450	0.421	0.935	-171.189
329	1192	302.700	303	-1.295	0.119	-1.361	0.242	0.300	0.140	0.465	118.217
330	1233	267	267.300	-0.506	0.130	-0.770	0.254	0.300	0.292	0.972	154.841
331	1263	312.600	313.500	-1.195	-0.245	-1.848	-0.163	0.900	0.658	0.731	172.843
332	1287	353.400	354	-0.240	0.171	-0.824	0.203	0.600	0.585	0.975	176.809
333	1287	361.500	361.950	-1.112	0.056	-1.669	-0.095	0.450	0.577	1.282	-164.825
334	1293	280.800	281.850	0.034	-0.361	-0.294	-0.151	1.050	0.390	0.371	147.345
335	1308	223.350	223.800	-0.168	-0.304	-0.704	-0.218	0.450	0.543	1.206	170.946
336	1310	317.850	324.600	-0.425	-0.230	2.837	0.150	6.750	3.284	0.487	6.648
337	1310	328.650	335.100	3.073	0.161	6.407	0.096	6.450	3.335	0.517	-1.123
338	1368	224.850	225.300	-0.073	-0.106	-0.998	-0.051	0.450	0.927	2.059	176.636
339	1377	185.850	186	-0.016	NaN	-0.016	NaN	0.150	NaN	NaN	NaN
340	1393	251.100	252.300	-1.205	0.481	-2.081	-0.168	1.200	1.090	0.909	-143.457
341	1393	258.900	261	-2.654	0.140	-4.017	0.146	2.100	1.363	0.649	179.728
342	1394	272.550	277.050	-1.373	0.252	0.709	-0.227	4.500	2.136	0.475	-12.961
343	1394	279.300	281.250	1.323	-0.179	2.740	0.173	1.950	1.460	0.749	13.935
344	1394	284.400	285.750	3.105	0.137	4.150	-0.034	1.350	1.059	0.784	-9.269
345	1394	288.300	289.500	4.726	0.037	5.812	-0.217	1.200	1.115	0.930	-13.186
346	1394	310.650	312.600	5.788	-0.301	7.195	0.198	1.950	1.493	0.766	19.521
347	1415	233.100	233.400	-0.156	0.055	-0.444	-0.179	0.300	0.371	1.237	-140.906
348	1415	233.850	234.150	-0.837	-0.062	-1.056	0.285	0.300	0.410	1.368	122.257
349	1418	288.300	289.200	-0.064	-0.073	-0.429	0.304	0.900	0.524	0.582	134.139
350	1421	261.300	261.900	0.045	-0.239	0.386	0.075	0.600	0.463	0.772	42.562
351	1421	268.350	269.400	1.565	0.015	2.286	-0.232	1.050	0.762	0.726	-18.870
352	1421	297.600	298.950	2.448	0.049	2.795	0.079	1.350	0.348	0.258	4.915
353	1421	299.850	300.450	2.958	0.168	3.267	0.385	0.600	0.378	0.629	35.065
354	1421	303.600	306.750	3.478	-0.492	5.138	0.088	3.150	1.758	0.558	19.255
355	1421	310.200	313.050	6.064	-0.244	7.490	-0.258	2.850	1.426	0.500	-0.573
356	1435	309.900	311.400	-0.243	-0.023	0.781	0.387	1.500	1.103	0.735	21.827
357	1436	216.900	217.800	0.074	0.195	-0.180	-0.063	0.900	0.362	0.402	-134.548
358	1442	317.550	399.600	1.245	0.041	-1.510	-0.060	82.050	2.757	0.034	-177.898
359	1443	280.350	283.350	-1.297	-0.089	-2.999	0.099	3	1.712	0.571	173.685
360	1443	316.200	317.250	-3.409	-0.318	-4.146	-0.129	1.050	0.761	0.725	165.593
361	1444	242.100	242.550	0.074	-0.670	-0.762	-0.906	0.450	0.869	1.930	-164.255
362	1476	331.950	335.850	0.925	-0.225	0.413	0.105	3.900	0.609	0.156	147.209
363	1476	369.300	390.300	-0.583	-0.320	-1.401	-0.310	21	0.818	0.039	179.237
364	1486	244.350	245.700	-0.594	0.009	-0.273	0.027	1.350	0.321	0.238	3.182
365	1486	246.750	249.300	0.022	-0.069	0.898	-0.027	2.550	0.877	0.344	2.752
366	1486	253.350	253.950	1.434	-0.089	1.659	-0.049	0.600	0.229	0.381	10.067
367	1486	256.200	259.500	1.994	-0.159	2.963	-0.310	3.300	0.981	0.297	-8.852
368	1486	261	263.250	3.334	-0.282	4.120	-0.254	2.250	0.787	0.350	2.077
369	1505	289.500	297.150	0.029	-0.026	-0.759	-0.316	7.650	0.840	0.110	-159.807
370	1506	255.300	256.650	0.314	-0.311	-0.270	0.380	1.350	0.905	0.670	130.212
371	1506	262.650	263.400	-0.752	0.271	-1.130	-0.024	0.750	0.480	0.640	-141.995
372	1506	263.850	264.750	-1.550	0.057	-1.901	0.326	0.900	0.443	0.492	142.484
373	1506	278.100	278.850	-2.533	0.168	-3.142	-0.117	0.750	0.673	0.897	-154.892
374	1506	285	285.900	-4.129	-0.190	-4.781	-0.429	0.900	0.694	0.771	-159.928
375	1515	264.300	264.900	-0.105	-0.377	0.269	0.265	0.600	0.744	1.239	59.802
376	1515	269.700	270.150	0.127	-0.177	0.413	-0.275	0.450	0.302	0.672	-18.846
377	1518	237.900	238.350	0.133	-0.225	-0.586	-0.119	0.450	0.727	1.615	171.682
378	1536	307.950	399.900	-0.821	0.009	2.529	0.015	91.950	3.350	0.036	0.089
379	1559	250.650	251.850	0.121	0.155	-0.319	-0.224	1.200	0.581	0.484	-139.231
380	1562	229.050	229.650	0.466	0.148	-0.112	0.288	0.600	0.595	0.991	166.385
381	1584	304.050	304.350	0.060	0.050	0.136	0.026	0.300	0.080	0.266	-17.526
382	1595	291.450	391.650	0.562	-0.045	-2.009	0.182	100.200	2.581	0.026	174.962
383	1606	315.150	399.900	-1.026	0.033	4.784	-0.090	84.750	5.811	0.069	-1.213
384	1612	286.950	288	-0.418	-0.544	0.218	0.442	1.050	1.174	1.118	57.196
385	1612	290.850	292.050	0.241	0.292	0.801	0.205	1.200	0.567	0.472	-8.823
386	1612	301.050	302.100	1.340	0.446	1.836	0.322	1.050	0.511	0.487	-13.980
387	1612	303.150	305.400	2.031	0.379	3.322	0.329	2.250	1.292	0.574	-2.229
388	1612	308.250	311.250	3.761	0.315	5.182	0.336	3	1.421	0.474	0.832
389	1612	313.050	314.700	5.546	0.353	6.474	0.458	1.650	0.934	0.566	6.469
390	1612	316.050	318.750	6.682	0.427	7.927	0.284	2.700	1.253	0.464	-6.562
391	1612	326.850	330	8.684	0.371	10.110	0.318	3.150	1.427	0.453	-2.130
392	1618	234.750	235.200	0.385	-0.174	-0.487	-0.614	0.450	0.977	2.170	-153.225
393	1622	227.700	228.300	0.055	-0.449	0.240	-0.088	0.600	0.406	0.676	62.860
394	1637	232.500	232.950	0.034	-0.232	0.178	-0.279	0.450	0.151	0.336	-17.997
395	1681	252.150	252.750	0.169	-0.208	-0.137	0.820	0.600	1.073	1.788	106.574
396	1689	250.200	250.950	-1.742	-0.127	-1.236	-0.027	0.750	0.516	0.688	11.122
397	1689	252.750	253.200	-0.798	-0.177	-0.681	-0.158	0.450	0.119	0.263	9.224
398	1689	277.050	278.250	-0.263	0.082	0.525	-0.083	1.200	0.805	0.671	-11.850
399	1689	281.100	283.200	1.077	-0.170	2.165	0.153	2.100	1.135	0.540	16.528
400	1689	285.450	288.300	0.786	0.013	1.941	0.116	2.850	1.160	0.407	5.079
401	1689	289.950	292.050	2.385	0.177	3.228	0.248	2.100	0.846	0.403	4.806
402	1689	292.950	293.100	3.580	NaN	3.580	NaN	0.150	NaN	NaN	NaN
403	1691	250.350	251.400	-0.514	-0.024	-8.000E-4	0.042	1.050	0.517	0.493	7.350
404	1691	261.300	263.100	0.694	0.186	1.606	0.241	1.800	0.914	0.508	3.463
405	1692	281.250	342.900	1.133	-0.064	-1.420	0.102	61.650	2.558	0.041	176.285
406	1693	285.750	375.450	4.694	-0.302	0.043	0.116	89.700	4.670	0.052	174.873
407	1695	316.200	389.850	0.759	-0.264	-1.290	0.306	73.650	2.127	0.029	164.466
408	1701	262.950	263.550	-0.772	0.867	-0.325	0.475	0.600	0.595	0.991	-41.275
409	1701	263.850	264.300	-0.356	0.536	-0.125	0.291	0.450	0.336	0.747	-46.602
410	1703	270.750	271.950	0.021	-0.093	-0.928	0.048	1.200	0.960	0.800	171.508
411	1710	300.300	302.850	-0.312	0.022	0.769	-0.021	2.550	1.082	0.424	-2.299
412	1713	270.900	271.800	-0.019	0.019	0.128	0.320	0.900	0.335	0.372	63.931
413	1720	270	271.350	-0.738	0.291	0.227	0.615	1.350	1.018	0.754	18.568
414	1720	273.150	274.500	0.764	0.597	1.337	-0.193	1.350	0.976	0.723	-54.062
415	1729	273.600	295.500	-0.401	-0.103	1.182	-0.033	21.900	1.585	0.072	2.529
416	1739	301.050	302.100	-0.274	-0.136	0.043	-0.186	1.050	0.321	0.306	-8.886
417	1748	273.900	275.100	-0.710	-0.099	0.050	-0.061	1.200	0.761	0.634	2.900
418	1748	286.500	288.450	0.484	0.015	1.385	0.045	1.950	0.901	0.462	1.864
419	1753	282.600	315.600	-1.111	-0.254	0.063	0.039	33	1.210	0.037	14.006
420	1757	313.050	320.400	0.910	-0.100	-2.871	0.151	7.350	3.789	0.516	176.204
421	1757	327	335.850	-2.845	0.261	-8.405	0.634	8.850	5.572	0.630	176.166
422	1764	310.350	362.400	1.613	0.070	-0.478	-0.022	52.050	2.093	0.040	-177.478
423	1774	347.700	347.850	5.000E-4	NaN	5.000E-4	NaN	0.150	NaN	NaN	NaN
424	1778	309.300	312	-0.745	-0.118	0.106	-0.238	2.700	0.859	0.318	-8.003
425	1778	321	324	0.189	-0.273	1.594	0.235	3	1.494	0.498	19.875
426	1778	330.900	333.450	2.816	0.056	4.195	0.055	2.550	1.379	0.541	-0.015
427	1783	299.850	301.200	0.776	0.046	0.194	0.017	1.350	0.583	0.432	-177.205
428	1783	302.850	304.050	-0.163	0.047	-0.708	-0.062	1.200	0.556	0.463	-168.678
429	1784	333.450	335.250	-0.813	0.118	-0.128	0.063	1.800	0.687	0.382	-4.574
430	1790	290.700	322.350	-0.717	-0.128	1.054	0.074	31.650	1.782	0.056	6.501
431	1794	323.100	323.400	-0.106	-0.058	-0.620	0.454	0.300	0.725	2.418	135.112
432	1794	330.900	331.350	-1.124	-0.078	-1.501	-0.018	0.450	0.382	0.848	170.989
433	1794	333.450	333.900	-1.802	0.253	-2.383	0.134	0.450	0.593	1.318	-168.445
434	1804	311.100	317.250	-0.606	-0.078	2.196	0.024	6.150	2.804	0.456	2.075
435	1810	377.100	377.550	-0.503	-0.576	-0.914	-1.043	0.450	0.622	1.382	-131.364
436	1819	322.200	344.550	-0.529	-0.038	0.261	0.012	22.350	0.792	0.035	3.630
437	1819	345.300	379.950	-0.049	-0.065	1.234	0.007	34.650	1.285	0.037	3.185
438	1839	380.250	381.450	-0.294	1.718	-2.259	-0.809	1.200	3.200	2.667	-127.877
439	1839	385.500	386.100	-2.536	-4.789	-2.849	-4.742	0.600	0.316	0.527	171.527
440	1839	388.650	389.850	-2.907	-5.049	-3.731	-4.953	1.200	0.830	0.691	173.379
441	1874	350.400	366.150	-3.433	0.161	0.159	-0.026	15.750	3.597	0.228	-2.974
442	1874	376.350	390.600	0.074	-0.216	2.893	-0.117	14.250	2.821	0.198	2.006
443	1912	376.950	377.550	1.181	-0.827	0.399	-0.659	0.600	0.800	1.333	167.875
