 	trajectory	start	end	x1	y1	x2	y2	duration	distance	rate	angle (deg)
1	9	115.200	115.800	-0.220	0.094	-0.589	0.072	0.600	0.370	0.616	-176.565
2	9	123.900	125.400	-0.941	0.166	-1.673	0.155	1.500	0.732	0.488	-179.153
3	28	103.500	103.800	-0.244	-0.014	-0.369	-0.047	0.300	0.129	0.431	-165.211
4	55	120.600	121.800	-0.902	-0.330	-1.396	-0.105	1.200	0.543	0.452	155.520
5	55	143.400	145.050	-2.216	-0.061	-3.155	0.035	1.650	0.944	0.572	174.149
6	55	147.300	148.650	-3.302	-0.067	-3.969	-0.071	1.350	0.667	0.494	-179.644
7	55	159.150	160.200	-3.131	-0.047	-3.924	0.076	1.050	0.802	0.764	171.226
8	59	108.750	109.950	-0.310	0.017	-0.173	0.004	1.200	0.138	0.115	-5.191
9	75	171	172.500	-0.182	-0.044	-0.878	0.038	1.500	0.701	0.467	173.298
10	75	174.300	177.450	-0.890	0.093	-2.547	-0.060	3.150	1.664	0.528	-174.748
11	77	130.800	131.400	-0.099	0.149	-0.393	0.087	0.600	0.301	0.501	-168.051
12	77	136.200	137.700	-0.564	-0.013	-1.341	0.207	1.500	0.807	0.538	164.204
13	77	138	138.900	-1.037	0.230	-2.167	0.143	0.900	1.133	1.259	-175.574
14	120	124.200	125.250	0.192	0.086	-0.491	0.004	1.050	0.688	0.655	-173.084
15	120	131.850	132.300	-1.364	-0.250	-1.831	-0.162	0.450	0.475	1.056	169.371
16	120	135	135.900	-2.001	-0.099	-3.033	-0.202	0.900	1.037	1.152	-174.303
17	135	173.700	175.200	-0.319	0.179	0.428	0.296	1.500	0.756	0.504	8.918
18	135	178.500	189.150	0.900	0.226	5.645	0.279	10.650	4.745	0.446	0.642
19	140	203.400	207	-0.025	0.062	1.509	-0.037	3.600	1.537	0.427	-3.708
20	177	99.750	100.050	-0.104	-0.338	-0.335	-0.245	0.300	0.249	0.830	158.070
21	177	101.850	103.200	-0.544	0.383	-1.295	0.164	1.350	0.782	0.579	-163.793
22	187	93.750	94.500	-0.342	0.366	-0.612	0.127	0.750	0.361	0.481	-138.477
23	199	97.500	97.800	-0.083	5.000E-4	-1.446	-0.403	0.300	1.421	4.738	-163.509
24	199	103.800	104.250	-2.497	0.121	-3.690	-0.807	0.450	1.511	3.359	-142.120
25	216	114	114.900	-0.228	0.291	0.146	0.032	0.900	0.455	0.505	-34.695
26	230	228.450	229.800	10.840	-0.869	9.502	-0.462	1.350	1.398	1.036	163.086
27	230	232.800	234.300	9.368	-0.546	8.518	-0.393	1.500	0.864	0.576	169.785
28	230	236.550	238.350	8.105	-0.496	5.956	-0.373	1.800	2.152	1.196	176.733
29	230	239.550	246.750	5.816	-0.283	1.150	0.227	7.200	4.694	0.652	173.773
30	245	131.400	131.850	0.063	-0.250	-0.700	-0.138	0.450	0.771	1.713	171.707
31	245	151.650	153.150	-0.994	0.344	-1.672	0.527	1.500	0.702	0.468	164.910
32	248	141.600	142.500	-0.107	0.082	0.160	0.128	0.900	0.271	0.301	9.803
33	267	99.300	99.900	-0.363	0.156	-0.248	0.347	0.600	0.223	0.372	58.992
34	270	112.050	112.500	-1.093	-0.633	-1.800	-1.354	0.450	1.010	2.244	-134.426
35	296	124.800	126.150	-0.243	0.250	0.328	0.036	1.350	0.610	0.452	-20.556
36	303	104.100	104.550	-0.153	-0.029	-0.675	-0.367	0.450	0.622	1.382	-147.050
37	339	120.450	121.200	-0.272	-0.058	-0.161	0.330	0.750	0.403	0.537	74.017
38	349	129.750	130.950	-2.669	0.113	-3.965	0.166	1.200	1.297	1.081	177.665
39	349	136.350	137.700	-4.177	0.172	-4.809	0.337	1.350	0.653	0.484	165.369
40	387	108.750	109.200	-0.233	-3.228E-4	-0.073	-0.056	0.450	0.169	0.376	-19.152
41	397	178.500	179.250	-0.217	0.269	0.186	0.212	0.750	0.407	0.543	-8.111
42	413	210.300	211.800	-0.754	0.114	-1.190	0.087	1.500	0.437	0.291	-176.517
43	419	98.250	99.750	0.786	0.027	-0.815	0.101	1.500	1.603	1.068	177.352
44	421	112.800	114	-0.151	0.227	0.040	-0.039	1.200	0.328	0.273	-54.363
45	443	140.250	150	-0.305	0.003	-0.843	0.062	9.750	0.541	0.056	173.728
46	457	115.500	116.850	-0.124	0.045	0.195	0.465	1.350	0.528	0.391	52.824
47	488	146.400	147.450	-0.256	0.454	0.166	-0.127	1.050	0.718	0.684	-54.022
48	489	168.150	169.500	-1.102	0.140	-1.847	0.198	1.350	0.747	0.553	175.606
49	495	98.100	98.400	-0.453	0.028	-0.608	0.008	0.300	0.156	0.521	-172.648
50	503	124.050	124.650	-0.198	0.602	-0.742	0.043	0.600	0.780	1.300	-134.210
51	507	113.400	113.850	-0.024	-0.287	-0.786	-0.112	0.450	0.782	1.738	167.043
52	533	142.800	144.150	-0.393	0.153	-1.177	0.117	1.350	0.785	0.581	-177.365
53	533	148.050	149.550	-1.355	-0.131	-2.033	0.156	1.500	0.736	0.491	157.075
54	537	114.750	115.950	-0.310	0.293	-0.018	-0.154	1.200	0.534	0.445	-56.840
55	538	190.200	190.950	-0.269	0.390	0.156	0.030	0.750	0.557	0.743	-40.268
56	543	139.050	139.500	-0.569	0.235	-0.409	0.064	0.450	0.234	0.520	-46.821
57	545	140.550	141.150	-0.155	0.083	-0.067	0.072	0.600	0.089	0.148	-6.765
58	547	106.950	108.300	-0.255	-0.636	-0.866	0.064	1.350	0.929	0.688	131.142
59	548	100.050	100.650	-0.169	-0.009	-0.770	-0.032	0.600	0.601	1.002	-177.814
60	562	142.200	143.550	-1.010	-0.028	-0.188	0.128	1.350	0.837	0.620	10.768
61	562	148.050	149.250	0.628	0.150	1.287	0.020	1.200	0.672	0.560	-11.175
62	562	153.150	153.900	1.754	0.169	2.140	0.216	0.750	0.389	0.518	6.834
63	562	182.700	183.900	3.899	0.179	4.702	0.351	1.200	0.821	0.684	12.060
64	562	187.800	190.650	5.489	0.077	6.750	0.305	2.850	1.281	0.450	10.245
65	566	121.500	121.800	-0.123	0.015	-0.652	-0.067	0.300	0.535	1.784	-171.189
66	566	123.750	124.200	-0.828	-0.323	-0.941	-0.308	0.450	0.114	0.253	172.436
67	566	126.900	127.650	-1.250	-0.404	-1.867	-0.315	0.750	0.623	0.831	171.734
68	572	117.450	118.500	0.205	0.048	-0.522	-0.026	1.050	0.731	0.696	-174.142
69	572	119.850	122.700	-0.685	0.080	-2.185	0.044	2.850	1.500	0.526	-178.612
70	572	123.600	124.050	-2.241	2.427E-4	-2.327	0.081	0.450	0.118	0.262	136.726
71	572	126.300	127.350	-2.491	0.052	-3.027	0.047	1.050	0.536	0.511	-179.370
72	581	136.800	137.850	-0.274	0.032	0.089	-0.011	1.050	0.366	0.348	-6.818
73	616	98.550	99	-0.164	0.215	-0.694	-0.563	0.450	0.941	2.092	-124.270
74	618	132.150	133.950	-0.774	0.277	-2.175	0.199	1.800	1.403	0.780	-176.789
75	623	105.150	105.750	-0.201	0.099	-0.337	0.253	0.600	0.206	0.343	131.396
76	633	111	111.900	-0.067	0.256	-0.587	-0.064	0.900	0.610	0.678	-148.435
77	635	113.700	114.450	-0.185	0.381	-0.439	-0.022	0.750	0.477	0.635	-122.208
78	635	115.800	117.750	-1.193	0.305	-3.407	0.019	1.950	2.232	1.145	-172.647
79	635	120	121.950	-3.544	0.081	-5.329	-0.293	1.950	1.824	0.935	-168.157
80	636	136.200	137.400	-0.113	-0.022	0.034	0.281	1.200	0.337	0.281	64.109
81	687	115.050	115.500	-0.211	0.095	-0.433	-0.061	0.450	0.271	0.603	-144.870
82	697	94.500	95.850	0.107	0.085	-0.542	0.263	1.350	0.673	0.498	164.663
83	708	119.250	119.700	-0.161	-0.094	-0.733	-0.010	0.450	0.578	1.285	171.683
84	713	193.350	193.800	-0.195	0.153	0.172	-0.287	0.450	0.573	1.273	-50.169
85	717	95.550	95.850	-0.193	0.149	-0.227	0.158	0.300	0.035	0.117	165.174
86	720	114.600	115.200	-0.178	0.213	-2.095	-0.145	0.600	1.950	3.250	-169.411
87	729	109.200	109.950	-0.210	0.015	-0.064	0.166	0.750	0.210	0.279	45.854
88	730	126.150	127.500	-0.345	0.261	0.427	-0.271	1.350	0.938	0.695	-34.577
89	733	98.550	98.850	-0.166	0.358	-0.589	0.484	0.300	0.441	1.471	163.413
90	755	165.300	165.900	-0.219	-0.108	0.161	-0.022	0.600	0.390	0.649	12.783
91	769	161.250	161.700	-0.172	0.035	-0.800	-0.190	0.450	0.667	1.482	-160.326
92	792	125.250	125.850	-0.176	0.088	-0.739	-0.498	0.600	0.812	1.354	-133.877
93	798	145.200	148.200	-0.154	0.118	1.290	0.028	3	1.447	0.482	-3.543
94	798	149.250	149.700	1.577	0.116	1.858	2.048E-4	0.450	0.304	0.675	-22.370
95	812	109.050	109.950	-0.321	0.392	-0.069	0.160	0.900	0.342	0.380	-42.584
96	816	137.700	138.750	-0.268	0.058	-0.638	-0.139	1.050	0.419	0.399	-151.906
97	819	163.050	163.950	-0.202	0.192	0.026	-0.463	0.900	0.693	0.770	-70.798
98	831	116.550	117.900	-0.213	0.186	-0.991	-0.202	1.350	0.869	0.644	-153.502
99	834	167.400	167.850	-0.226	0.316	-0.533	0.338	0.450	0.308	0.684	176.043
100	839	130.350	131.550	-0.673	-0.152	-1.483	-0.147	1.200	0.810	0.675	179.683
101	842	186	187.350	-0.232	0.341	0.631	-0.209	1.350	1.023	0.758	-32.474
102	863	248.100	250.950	-0.289	-1.196	1.056	-1.209	2.850	1.345	0.472	-0.556
103	863	255.450	256.500	0.945	-1.292	1.502	-1.396	1.050	0.566	0.540	-10.506
104	864	107.550	107.850	-0.150	-0.228	-0.887	0.020	0.300	0.778	2.592	161.402
105	869	169.350	169.950	-0.071	-0.049	-0.320	-0.194	0.600	0.288	0.480	-149.769
106	882	119.850	120.450	-0.143	0.097	-0.373	0.338	0.600	0.333	0.555	133.669
107	885	100.950	101.400	-0.268	0.030	-0.147	0.080	0.450	0.131	0.290	22.224
108	899	166.950	168.900	-0.253	0.091	0.854	0.127	1.950	1.108	0.568	1.855
109	914	150	150.750	-0.087	0.096	-0.440	0.069	0.750	0.354	0.472	-175.514
110	916	114	114.600	-0.262	0.073	-0.130	0.215	0.600	0.194	0.323	47.110
111	916	132.900	136.200	-0.019	0.135	0.789	0.213	3.300	0.812	0.246	5.486
112	916	141.900	142.200	0.783	0.372	0.944	0.261	0.300	0.196	0.652	-34.584
113	927	107.550	109.650	-0.068	0.169	-0.944	0.115	2.100	0.878	0.418	-176.458
114	927	119.550	121.350	-2.415	-0.147	-2.864	-0.151	1.800	0.449	0.249	-179.486
115	931	105.150	106.200	-0.215	-0.084	-1.317	-0.500	1.050	1.178	1.122	-159.350
116	932	91.050	92.550	-0.722	-0.069	-1.039	0.171	1.500	0.398	0.265	142.872
117	933	114.300	115.200	-0.316	0.126	-0.199	0.082	0.900	0.125	0.139	-20.801
118	936	225.600	234.300	-0.124	0.063	4.298	-0.133	8.700	4.426	0.509	-2.537
119	972	109.950	110.850	-0.168	-0.075	-0.510	-0.057	0.900	0.342	0.381	177.014
120	1000	146.100	146.550	-0.261	0.057	-0.495	-0.078	0.450	0.270	0.600	-150.002
121	1015	103.500	103.950	-0.137	0.089	-0.540	0.030	0.450	0.407	0.905	-171.546
122	1023	132.300	136.500	-0.367	0.229	-1.557	0.330	4.200	1.194	0.284	175.139
123	1043	214.800	216.300	-0.283	-0.440	0.188	-0.435	1.500	0.471	0.314	0.552
124	1048	203.550	206.100	-0.782	-0.024	-1.854	0.201	2.550	1.095	0.430	168.169
125	1048	207.300	208.350	-1.912	0.080	-2.711	0.032	1.050	0.800	0.762	-176.562
126	1059	117.900	118.500	-0.330	0.159	-0.102	0.056	0.600	0.250	0.417	-24.452
127	1065	202.650	204	-0.296	-0.213	-0.090	-0.216	1.350	0.206	0.153	-0.840
128	1073	123.750	124.500	-0.795	0.008	-0.421	0.318	0.750	0.486	0.648	39.678
129	1073	142.650	146.550	-0.040	0.116	1.330	-0.048	3.900	1.380	0.354	-6.845
130	1073	150.600	152.850	2.311	0.095	3.534	0.151	2.250	1.224	0.544	2.620
131	1073	160.500	161.250	4.410	0.186	4.912	0.225	0.750	0.503	0.671	4.423
132	1073	162.450	166.800	5.458	0.112	7.474	0.445	4.350	2.043	0.470	9.381
133	1120	206.100	206.850	-0.075	-0.080	0.385	0.028	0.750	0.473	0.630	13.209
134	1125	129.600	130.200	-0.320	0.085	-0.654	0.252	0.600	0.373	0.622	153.442
135	1139	195.750	199.200	-0.333	-0.097	-2.682	0.153	3.450	2.362	0.685	173.933
136	1142	240	267	0.033	0.406	2.019	6.337	27	6.255	0.232	71.489
137	1155	132.150	138.450	-0.915	0.163	-2.921	-0.326	6.300	2.065	0.328	-166.309
138	1170	110.850	111.450	-0.004	-0.218	-0.723	-0.243	0.600	0.719	1.199	-178.018
139	1172	120.750	121.350	-0.356	-0.058	-0.534	0.249	0.600	0.354	0.590	120.165
140	1189	125.850	126.450	-0.171	0.278	-0.590	-0.201	0.600	0.637	1.061	-131.145
141	1196	105.900	112.950	-0.357	0.166	-1.763	-0.386	7.050	1.511	0.214	-158.545
142	1217	131.250	131.850	-0.230	0.101	-0.858	0.028	0.600	0.632	1.054	-173.392
143	1235	108	109.050	-0.088	0.492	-0.737	-0.030	1.050	0.833	0.794	-141.163
144	1236	128.550	129	-0.221	-0.050	-0.934	0.001	0.450	0.715	1.588	175.924
145	1243	109.800	112.200	-2.114	0.089	-1.743	0.076	2.400	0.371	0.155	-2.015
146	1282	237	238.200	-0	0.127	-0.626	-0.090	1.200	0.663	0.552	-160.838
147	1282	239.100	244.350	-0.364	0.165	-3.503	-0.404	5.250	3.190	0.608	-169.725
148	1282	245.700	246.600	-3.810	0.048	-4.405	-0.483	0.900	0.797	0.886	-138.257
149	1282	248.250	249.750	-4.058	-0.434	-3.118	-0.432	1.500	0.940	0.627	0.122
150	1282	250.350	251.700	-3.109	-0.127	-2.299	-0.375	1.350	0.847	0.627	-16.989
151	1282	253.650	254.850	-1.809	-0.236	-1.148	-0.345	1.200	0.670	0.558	-9.404
152	1299	109.200	109.650	-0.389	0.087	0.272	0.141	0.450	0.663	1.474	4.685
153	1333	112.050	113.100	-0.148	0.120	-0.716	0.106	1.050	0.568	0.541	-178.612
154	1352	96.600	98.550	-0.277	-0.053	0.113	0.095	1.950	0.417	0.214	20.857
155	1352	102.300	103.050	0.248	0.068	0.396	0.004	0.750	0.161	0.215	-23.424
156	1358	98.400	98.700	-0.306	0.200	0.112	0.273	0.300	0.424	1.414	9.906
157	1360	104.850	105.750	-0.339	0.022	-0.840	0.155	0.900	0.518	0.576	165.099
158	1360	108.300	108.900	-0.978	0.073	-1.138	-0.015	0.600	0.183	0.304	-151.160
159	1444	141.450	142.050	-0.283	-0.394	-0.116	0.224	0.600	0.640	1.067	74.876
160	1444	142.350	142.650	-0.099	0.044	0.060	-0.157	0.300	0.256	0.854	-51.654
161	1445	85.050	85.650	-0.012	0.733	-0.474	0.382	0.600	0.580	0.967	-142.753
162	1458	138.150	139.200	-0.707	-0.223	-0.486	-0.019	1.050	0.301	0.287	42.794
163	1460	228	231.300	-0.133	0.125	1.157	0.479	3.300	1.338	0.405	15.357
164	1550	123.900	124.200	-0.210	-0.058	-0.258	-0.242	0.300	0.190	0.634	-104.621
165	1550	124.350	124.650	-0.346	0.332	-0.466	-0.766	0.300	1.105	3.682	-96.237
166	1574	152.100	153.300	-0.148	0.154	0.255	0.054	1.200	0.415	0.346	-13.882
167	1582	104.400	104.850	-0.104	0.489	-0.743	0.296	0.450	0.668	1.483	-163.177
168	1661	98.700	100.050	-0.380	0.192	-0.880	0.115	1.350	0.506	0.375	-171.253
169	1709	112.650	113.100	-0.109	0.088	0.055	0.352	0.450	0.310	0.690	58.100
170	1749	110.550	111.450	-0.047	0.325	0.220	0.459	0.900	0.299	0.332	26.580
171	1757	125.400	125.700	-0.228	-0.129	-0.665	-0.894	0.300	0.881	2.937	-119.737
172	1761	144.900	145.200	1.921	0.070	1.633	0.235	0.300	0.332	1.106	150.191
173	1761	176.250	176.700	1.175	-0.090	1.052	-0.119	0.450	0.126	0.281	-166.634
174	1761	179.400	181.050	0.714	0.035	0.112	0.054	1.650	0.602	0.365	178.178
175	1761	267	267.600	-0.633	-0.097	-2.143	0.308	0.600	1.563	2.606	164.978
176	1794	127.650	127.950	-0.178	0.215	-0.117	0.095	0.300	0.135	0.449	-63.054
177	1801	113.850	114.150	0.138	0.515	-0.457	0.580	0.300	0.599	1.995	173.766
178	1801	130.500	130.650	-0.709	NaN	-0.709	NaN	0.150	NaN	NaN	NaN
179	1802	96.600	97.050	-0.128	0.028	-0.192	0.004	0.450	0.068	0.152	-159.444
180	1806	120.150	121.500	-0.186	-0.108	-1.038	0.143	1.350	0.888	0.658	163.565
181	1809	124.800	133.350	-0.335	0.028	-1.191	0.169	8.550	0.868	0.101	170.597
182	1829	107.850	111.600	-5.522	0.495	-5.030	0.301	3.750	0.529	0.141	-21.467
183	1829	119.700	123	-4.744	0.165	-3.989	0.111	3.300	0.757	0.229	-4.146
184	1829	132.900	144	-2.827	0.028	-0.662	-0.100	11.100	2.169	0.195	-3.400
185	1829	155.850	161.400	-0.009	-0.121	1.249	-0.081	5.550	1.259	0.227	1.810
186	1829	165.900	170.400	1.959	-0.024	3.177	-0.004	4.500	1.218	0.271	0.927
187	1844	118.950	119.100	-0.260	NaN	-0.260	NaN	0.150	NaN	NaN	NaN
188	1870	117.300	118.200	0.024	-0.051	-1.287	0.272	0.900	1.350	1.500	166.173
189	1883	115.650	116.550	-0.320	0.243	-0.023	0.081	0.900	0.338	0.376	-28.577
190	1901	120.450	120.900	-0.377	0.047	-0.953	0.069	0.450	0.576	1.281	177.831
191	1902	127.650	128.400	-0.321	0.261	-0.552	-0.009	0.750	0.355	0.473	-130.581
192	1918	109.050	109.650	0.663	0.488	-0.167	0.008	0.600	0.959	1.598	-149.941
193	1927	169.350	169.950	0.013	-0.171	-0.767	-0.242	0.600	0.783	1.305	-174.758
194	1950	122.550	123.300	0.228	0.322	-0.150	-0.141	0.750	0.597	0.796	-129.285
195	1950	147.150	148.200	-0.362	-0.152	-0.812	0.145	1.050	0.539	0.513	146.608
196	1975	142.650	154.200	-1.474	0.025	1.473	-0.080	11.550	2.949	0.255	-2.045
197	1975	167.400	169.950	1.684	0.077	2.743	0.143	2.550	1.061	0.416	3.575
198	2004	142.350	151.800	2.119	0.320	-0.457	0.191	9.450	2.579	0.273	-177.143
199	2016	174.450	176.250	-0.382	-0.033	-0.184	0.123	1.800	0.252	0.140	38.272
200	2016	183	184.800	-0.051	0.128	0.211	0.006	1.800	0.289	0.161	-25.091
201	2016	203.700	207.900	0.780	0.075	1.569	0.083	4.200	0.789	0.188	0.626
202	2021	155.100	155.550	-0.041	0.158	-0.434	0.289	0.450	0.414	0.921	161.565
203	2033	159	161.400	-0.247	0.074	-1.219	0.017	2.400	0.974	0.406	-176.658
204	2072	189.150	189.450	-0.141	-0.057	0.725	-0.158	0.300	0.872	2.906	-6.652
205	2082	166.650	169.650	-2.458	0.491	-1.300	0.568	3	1.161	0.387	3.828
206	2082	170.550	174.750	-1.283	-0.078	-0.010	0.043	4.200	1.279	0.304	5.423
207	2103	193.800	205.950	-2.269	-0.217	2.749	-0.283	12.150	5.018	0.413	-0.745
208	2108	239.250	240.600	-0.530	0.146	0.204	0.026	1.350	0.744	0.551	-9.323
209	2116	197.850	200.100	0.277	0.050	-0.950	0.159	2.250	1.232	0.547	174.913
210	2116	201	204	-0.981	-0.066	-3.024	-0.293	3	2.056	0.685	-173.662
211	2116	204	207	-3.269	-0.226	-1.873	0.080	3	1.429	0.476	12.394
212	2146	203.250	208.500	-0.250	0.274	1.720	0.364	5.250	1.972	0.376	2.622
213	2183	217.800	222.600	-2.304	-0.143	0.305	-0.014	4.800	2.612	0.544	2.831
214	2183	229.200	230.700	0.816	-0.079	1.723	0.032	1.500	0.914	0.609	6.934
215	2194	229.050	233.250	1.424	-0.482	0.149	-0.223	4.200	1.301	0.310	168.509
216	2194	238.200	240.300	0.089	-0.339	-0.399	0.261	2.100	0.774	0.368	129.105
217	2199	230.250	231	0.475	0.037	-0.137	-0.175	0.750	0.648	0.863	-160.930
218	2231	260.550	267.900	-2.740	-0.381	0.691	0.135	7.350	3.470	0.472	8.565
