 	trajectory	start	end	x1	y1	x2	y2	duration	distance	rate	angle (deg)
1	51	174	174.600	0.048	0.048	-0.107	0.086	0.600	0.160	0.266	166.475
2	325	154.200	155.100	-0.072	-0.117	0.269	-0.197	0.900	0.350	0.389	-13.316
3	410	146.400	148.050	-0.150	0.032	0.741	-0.064	1.650	0.896	0.543	-6.119
4	573	176.400	181.200	-0.042	0.105	1.805	-0.121	4.800	1.860	0.388	-6.990
5	617	135.750	136.500	0.070	-0.162	-0.074	0.084	0.750	0.285	0.380	120.321
6	714	124.050	124.950	0.064	-0.296	-0.283	0.201	0.900	0.606	0.673	124.981
7	754	135.300	137.400	-0.261	-0.039	0.395	0.032	2.100	0.660	0.314	6.135
8	754	138.750	139.800	0.832	0.090	1.328	-0.008	1.050	0.506	0.482	-11.189
9	754	143.250	143.700	1.333	0.008	1.666	-0.118	0.450	0.356	0.791	-20.797
10	1001	121.350	122.550	-0.053	-0.001	0.296	0.044	1.200	0.352	0.293	7.361
11	1001	122.700	123.450	0.266	-0.367	0.446	-0.106	0.750	0.318	0.423	55.301
12	1218	192.150	193.800	-0.050	-0.001	0.690	-0.035	1.650	0.740	0.448	-2.632
13	1350	144.300	144.750	0.014	-0.188	-0.464	-0.186	0.450	0.478	1.063	179.742
14	1350	148.050	149.100	-1.576	-0.049	-2.347	0.073	1.050	0.781	0.744	171.014
15	1364	150.750	152.100	0.261	-0.335	-0.826	0.067	1.350	1.158	0.858	159.710
16	1370	113.100	113.700	-0.064	-0.188	-0.504	0.033	0.600	0.492	0.820	153.362
17	1427	121.350	122.400	-0.018	-0.250	0.349	0.050	1.050	0.474	0.451	39.356
18	1487	140.400	141.900	-0.208	0.004	-0.984	-0.131	1.500	0.788	0.525	-170.119
19	1487	148.200	149.250	-1.459	-0.465	-1.906	-0.492	1.050	0.447	0.426	-176.620
20	1518	122.550	123.300	0.059	-0.042	-0.542	0.132	0.750	0.626	0.835	163.875
21	1586	246.300	248.700	-1.246	-0.045	-0.333	0.106	2.400	0.926	0.386	9.364
22	1586	251.850	254.850	0.267	0.031	1.989	0.053	3	1.722	0.574	0.734
23	1586	263.250	264.600	3.016	0.106	3.525	-0.061	1.350	0.536	0.397	-18.194
24	1586	269.700	273.600	4.944	0.107	7.006	-0.084	3.900	2.071	0.531	-5.281
25	1586	275.100	277.200	7.306	-0.033	8.528	0.038	2.100	1.224	0.583	3.312
26	1586	287.100	294	5.720	0.014	9.160	-0.037	6.900	3.440	0.499	-0.847
27	1586	295.500	296.550	9.434	0.095	10.062	-0.100	1.050	0.659	0.627	-17.300
28	1598	135.450	137.100	-0.013	-0.094	-0.688	-0.368	1.650	0.729	0.442	-157.892
29	1599	167.850	169.050	-0.678	-0.001	-0.112	-0.007	1.200	0.566	0.472	-0.610
30	1726	125.700	126.450	0.035	0.099	-0.210	-0.167	0.750	0.361	0.481	-132.721
31	1857	162.450	163.500	-0.096	-0.127	-0.563	0.350	1.050	0.667	0.636	134.438
32	1944	113.100	113.700	0.042	0.066	-0.582	0.102	0.600	0.625	1.042	176.702
33	1974	231.300	232.050	0.043	-0.043	0.315	-0.021	0.750	0.273	0.364	4.694
34	2113	136.200	137.250	0.110	-0.186	-0.542	-0.292	1.050	0.661	0.630	-170.732
35	2113	137.400	138.150	-0.530	-0.442	-1.037	-0.337	0.750	0.518	0.691	168.293
36	2186	124.200	124.950	-0.018	-0.008	-0.584	-0.047	0.750	0.568	0.757	-176.013
37	2557	157.500	159.150	1.205	0.296	2.290	0.013	1.650	1.121	0.679	-14.614
38	2592	139.200	141.900	-0.150	-0.181	0.546	-0.024	2.700	0.713	0.264	12.655
39	2592	142.350	143.550	0.640	0.140	1.173	-0.120	1.200	0.593	0.494	-26.075
40	2700	120.300	121.350	-0.112	-0.027	-0.366	-0.115	1.050	0.269	0.256	-160.898
41	3282	132.150	132.600	0.536	-3.039	-0.646	0.663	0.450	3.886	8.636	107.713
42	3338	112.650	113.850	0.152	-0.650	-0.416	0.247	1.200	1.061	0.884	122.361
43	3480	118.800	119.850	0.019	0.252	0.269	0.401	1.050	0.291	0.277	30.883
44	3628	118.200	118.800	0.816	-0.229	0.376	0.030	0.600	0.511	0.851	149.502
45	3628	160.800	161.550	-0.845	-0.047	-1.686	-0.201	0.750	0.855	1.141	-169.665
46	3695	123.750	124.350	0.941	-0.193	0.421	-0.123	0.600	0.525	0.875	172.323
47	3695	126.750	127.500	-0.286	-0.055	-1.198	-0.070	0.750	0.912	1.216	-179.064
48	3695	128.550	129.450	-1.427	-0.141	-2.011	-0.243	0.900	0.593	0.659	-170.112
49	3882	124.200	125.100	0.181	0.318	-0.317	-0.121	0.900	0.664	0.737	-138.577
50	3935	128.400	129.750	-0.171	-1.510	0.485	0.585	1.350	2.195	1.626	72.610
51	3959	122.100	123.600	1.690	0.056	-0.003	-0.292	1.500	1.728	1.152	-168.382
52	4057	136.650	137.250	0.800	0.299	-0.062	-0.445	0.600	1.139	1.898	-139.215
53	4552	155.850	156.450	0.077	0.256	0.358	0.155	0.600	0.299	0.499	-19.827
54	4667	159.150	159.900	0.906	0.399	0.282	0.327	0.750	0.628	0.838	-173.394
55	4667	160.050	160.500	0.224	0.263	-0.152	0.189	0.450	0.383	0.852	-168.856
56	4805	161.250	162	0.179	-0.048	-0.178	-0.043	0.750	0.357	0.476	179.288
57	5235	191.850	192.900	0.594	-0.171	0.226	0.042	1.050	0.425	0.405	150.006
58	5248	226.050	228.150	-0.042	-0.113	0.302	-0.145	2.100	0.346	0.165	-5.377
59	5401	212.250	212.850	7.659	-0.420	6.691	-0.524	0.600	0.974	1.623	-173.893
