 	trajectory	start	end	x1	y1	x2	y2	duration	distance	rate	angle (deg)
1	28	73.950	74.250	-0.194	-0.101	-0.326	-0.068	0.300	0.136	0.454	165.964
2	106	63.150	63.450	1.583	0.105	1.494	0.128	0.300	0.092	0.306	165.510
3	106	67.800	68.100	1.206	0.141	1.036	0.192	0.300	0.177	0.592	163.301
4	106	70.650	71.100	0.644	0.223	0.082	0.290	0.450	0.566	1.258	173.255
5	106	72.150	73.350	-0.171	0.306	-1.650	0.249	1.200	1.480	1.233	-177.780
6	118	71.550	72.150	-0.009	-0.673	-0.318	-0.694	0.600	0.310	0.516	-176.045
7	123	79.200	80.400	0.071	0.137	0.498	-0.022	1.200	0.456	0.380	-20.496
8	123	85.800	88.350	0.894	-0.003	1.756	-0.297	2.550	0.911	0.357	-18.847
9	156	63.450	64.950	0.047	-0.235	0.225	-0.040	1.500	0.264	0.176	47.626
10	168	83.100	83.550	0.067	-0.156	0.189	-0.406	0.450	0.278	0.618	-63.968
11	189	76.050	76.650	0.111	0.032	0.189	0.027	0.600	0.078	0.130	-3.452
12	262	86.700	87.150	0.031	-0.096	0.143	-0.090	0.450	0.112	0.249	3.373
13	305	120	121.650	0.072	-0.097	0.215	-0.008	1.650	0.168	0.102	31.923
14	305	123.600	124.500	0.230	0.071	0.356	-0.032	0.900	0.163	0.181	-39.252
15	315	74.100	76.200	-0.012	-0.224	0.225	-0.144	2.100	0.250	0.119	18.730
16	316	76.350	77.700	0.022	0.147	0.290	-0.504	1.350	0.704	0.522	-67.641
17	321	90	91.200	-0.085	-0.012	0.201	-0.106	1.200	0.301	0.251	-18.207
18	356	59.850	60.300	0.161	0.001	-0.046	0.110	0.450	0.234	0.519	152.392
19	416	76.650	77.550	0.105	-0.098	0.219	-0.133	0.900	0.119	0.132	-16.978
20	440	135.300	137.250	1.670	-0.209	0.757	-0.038	1.950	0.929	0.476	169.432
21	441	77.100	78.300	0.047	-0.196	0.136	-0.285	1.200	0.126	0.105	-44.971
22	470	82.500	83.400	-0.314	-0.034	-0.039	-0.279	0.900	0.368	0.409	-41.694
23	470	85.950	86.550	0.063	-0.188	0.236	0.075	0.600	0.315	0.525	56.654
24	470	87.450	90.300	0.404	-0.020	1.320	-0.095	2.850	0.919	0.322	-4.723
25	489	103.050	103.800	0.135	-0.207	0.236	-0.205	0.750	0.101	0.135	1.525
26	490	94.200	94.800	0.015	0.184	0.220	-0.076	0.600	0.331	0.552	-51.750
27	526	108.600	113.700	-0.133	0.017	0.785	0.138	5.100	0.926	0.182	7.506
28	591	67.800	68.550	0.034	0.213	0.162	0.017	0.750	0.234	0.312	-56.814
29	616	71.550	72.600	0.075	0.021	0.193	-0.128	1.050	0.190	0.181	-51.629
30	620	77.400	78.300	0.114	-0.130	0.278	-0.068	0.900	0.175	0.195	20.794
31	636	62.700	64.950	0.018	-0.261	0.185	-0.116	2.250	0.221	0.098	40.962
32	652	96	96.600	0.148	-0.070	0.224	-0.119	0.600	0.090	0.151	-32.821
33	658	79.500	81.150	0.071	-0.051	0.222	-0.127	1.650	0.169	0.102	-26.703
34	713	114	115.050	0.198	0.015	0.424	0.062	1.050	0.231	0.220	11.585
35	715	159	159.750	0.107	0.041	0.157	0.086	0.750	0.068	0.090	42.300
36	750	67.200	68.250	-0.010	0.333	0.242	-0.191	1.050	0.582	0.554	-64.334
37	769	102.750	103.800	0.230	6.658E-4	0.501	-0.106	1.050	0.291	0.278	-21.567
38	769	108.750	110.400	0.810	-0.124	1.167	0.127	1.650	0.436	0.264	35.106
39	769	112.350	113.700	1.323	-0.081	1.594	-0.044	1.350	0.274	0.203	7.863
40	789	108.300	109.500	0.064	-0.167	0.329	-0.175	1.200	0.265	0.221	-1.744
41	816	72	72.750	0.263	-0.168	0.373	-0.037	0.750	0.171	0.228	49.940
42	823	85.650	87	0.065	0.041	0.305	-0.398	1.350	0.500	0.371	-61.343
43	835	104.550	106.200	-1.164	-0.019	-2.392	-0.124	1.650	1.232	0.747	-175.118
44	887	70.950	72.150	0.020	-0.133	-0.030	-0.163	1.200	0.058	0.048	-149.472
45	1018	79.650	80.400	-0.368	-0.046	-0.781	-0.093	0.750	0.416	0.554	-173.440
46	1046	85.950	87	-0.035	0.020	0.199	-0.062	1.050	0.248	0.236	-19.313
47	1049	82.050	83.250	-1.476	0.121	-1.049	-0.075	1.200	0.470	0.391	-24.614
48	1049	88.800	91.350	0.243	-0.022	1.372	-0.096	2.550	1.131	0.444	-3.777
49	1049	97.800	100.650	1.907	-0.253	2.676	-0.184	2.850	0.772	0.271	5.116
50	1049	101.700	104.400	2.862	-0.047	3.902	-0.162	2.700	1.046	0.388	-6.299
51	1049	106.800	108.600	3.273	-0.318	4.038	-0.158	1.800	0.781	0.434	11.791
52	1080	64.350	67.950	-2.016	0.127	-0.749	-0.010	3.600	1.274	0.354	-6.205
53	1094	100.200	101.550	1.034	0.122	-0.576	-0.086	1.350	1.623	1.203	-172.635
54	1094	103.500	104.250	-1.524	-0.149	-2.111	-0.087	0.750	0.590	0.787	173.980
55	1094	100.200	102.150	1.034	0.086	-0.924	-0.052	1.950	1.963	1.007	-175.970
56	1094	103.350	104.250	-1.457	-0.107	-2.111	-0.099	0.900	0.654	0.727	179.306
57	1094	109.650	110.700	-3.225	0.172	-4.584	0.169	1.050	1.359	1.294	-179.897
58	1107	159	160.350	0.079	-0.138	0.156	-0.042	1.350	0.123	0.091	51.108
59	1138	106.650	107.400	-0.150	0.002	0.278	-0.076	0.750	0.435	0.580	-10.402
60	1181	122.250	125.100	-0.826	0.048	0.130	0.114	2.850	0.958	0.336	3.913
61	1181	147	149.100	0.167	0.091	0.890	-0.061	2.100	0.739	0.352	-11.865
62	1181	151.800	156.150	-2.162	-0.063	-0.233	0.113	4.350	1.937	0.445	5.233
63	1239	203.850	204.450	12.919	-0.818	11.070	-0.856	0.600	1.849	3.082	-178.813
64	1239	247.800	249	1.625	-0.358	0.278	-0.003	1.200	1.393	1.161	165.230
