 	trajectory	start	end	x1	y1	x2	y2	duration	distance	rate	angle (deg)
1	16	86.550	87.450	1.000E-4	-0.134	0.232	0.013	0.900	0.275	0.305	32.490
2	43	72.300	72.900	0.071	-0.169	0.156	-0.072	0.600	0.129	0.215	48.840
3	142	138.900	142.800	0.074	-0.143	0.219	-0.155	3.900	0.146	0.037	-4.888
4	185	72.300	73.200	0.068	-0.056	0.115	-0.205	0.900	0.156	0.173	-72.455
5	190	67.950	68.400	0.160	-0.253	-0.019	-0.181	0.450	0.193	0.429	157.877
6	198	68.100	68.850	0.068	-0.253	0.141	-0.192	0.750	0.096	0.127	40.226
7	208	120.600	123.450	-0.119	0.037	0.700	-0.126	2.850	0.835	0.293	-11.278
8	216	75.750	77.700	0.037	-0.040	0.259	-0.077	1.950	0.225	0.115	-9.274
9	218	86.700	87.150	0.066	-0.094	0.154	-0.101	0.450	0.088	0.196	-4.283
10	218	87.750	88.650	0.121	-0.271	0.202	-9.518E-4	0.900	0.282	0.314	73.328
11	237	85.650	88.950	-0.550	-0.130	0.047	-0.089	3.300	0.598	0.181	3.938
12	237	90	90.750	0.074	-0.090	0.310	-0.196	0.750	0.259	0.345	-24.302
13	237	94.200	95.850	0.401	-0.162	0.800	-0.066	1.650	0.410	0.249	13.554
14	237	98.850	100.650	1.396	-0.261	2.094	-0.046	1.800	0.730	0.406	17.130
15	237	112.800	115.200	2.238	-0.070	3.120	0.044	2.400	0.889	0.371	7.359
16	240	68.850	70.200	0.123	-0.091	-0.128	-0.052	1.350	0.254	0.188	171.186
17	270	67.800	69.150	0.044	-0.310	0.090	-0.259	1.350	0.069	0.051	48.049
18	285	96.900	97.800	0.007	-0.215	0.065	-0.106	0.900	0.124	0.138	62.061
19	285	98.400	99.600	0.081	-0.109	0.179	-0.135	1.200	0.101	0.085	-14.981
20	289	118.050	118.950	0.050	-0.244	0.187	0.071	0.900	0.344	0.382	66.502
21	316	70.500	72.750	-0.101	-0.156	0.108	-0.047	2.250	0.236	0.105	27.465
22	322	130.650	133.800	0.021	-0.013	0.573	-0.200	3.150	0.583	0.185	-18.689
23	333	57.150	58.200	-0.203	-0.241	1.209	-1.296	1.050	1.763	1.679	-36.782
24	334	60.300	61.350	0.088	-0.283	-0.443	0.074	1.050	0.640	0.609	146.093
25	361	72.150	73.050	0.046	0.026	0.221	-0.129	0.900	0.234	0.260	-41.671
26	377	196.050	201.150	-0.595	0.135	1.139	-0.376	5.100	1.808	0.354	-16.416
27	377	204.300	211.200	1.390	-0.387	3.352	-0.657	6.900	1.981	0.287	-7.857
28	377	214.350	217.050	3.836	-0.618	4.898	-0.668	2.700	1.063	0.394	-2.677
29	377	217.800	219.450	4.933	-0.546	5.951	-0.591	1.650	1.019	0.618	-2.536
30	377	226.500	226.950	6.505	-0.935	6.886	-0.908	0.450	0.382	0.849	4.151
31	415	59.700	60.150	0.091	0.093	-0.368	-0.267	0.450	0.583	1.296	-141.882
32	432	63.150	64.050	-0.047	-0.112	0.073	-0.113	0.900	0.120	0.133	-0.480
33	437	147	148.800	-0.034	-0.076	0.258	-0.062	1.800	0.292	0.162	2.799
34	446	87.750	88.950	-0.524	-0.123	-1.236	-0.158	1.200	0.713	0.594	-177.191
35	447	74.250	76.650	0.081	-0.193	0.288	-0.075	2.400	0.238	0.099	29.654
36	448	52.050	52.650	0.165	0.060	-0.533	-0.109	0.600	0.718	1.197	-166.447
37	455	72.300	73.200	-0.216	0.054	-0.943	-0.198	0.900	0.770	0.855	-160.859
38	456	67.800	69.150	0.107	-0.124	0.264	-0.200	1.350	0.174	0.129	-25.879
39	499	74.100	76.200	-0.059	-0.104	-1.038	-0.017	2.100	0.983	0.468	174.917
40	517	92.700	93.900	0.051	0.045	0.293	-0.147	1.200	0.309	0.257	-38.444
41	541	66.450	67.050	0.129	-0.177	-0.124	0.004	0.600	0.311	0.518	144.425
42	544	66.300	66.750	-0.020	-0.411	-0.936	-0.312	0.450	0.921	2.047	173.819
43	554	78.150	80.400	-0.048	-0.108	0.250	-0.064	2.250	0.301	0.134	8.318
44	554	85.950	87.150	0.387	-0.050	0.523	-0.003	1.200	0.144	0.120	19.106
45	569	78.750	79.650	0.092	0.042	-0.179	-0.148	0.900	0.331	0.368	-145.005
46	578	78.150	78.750	0.032	0.189	0.191	-0.106	0.600	0.335	0.558	-61.652
47	587	68.250	69	-0.077	-0.144	0.235	-0.233	0.750	0.325	0.433	-16.033
48	599	120.600	121.500	0.133	0.227	0.396	0.027	0.900	0.330	0.367	-37.272
49	603	134.850	136.500	-0.068	-0.155	0.455	0.050	1.650	0.562	0.340	21.413
50	658	77.850	78.750	0.014	-0.192	0.344	-0.344	0.900	0.363	0.404	-24.740
51	660	54.600	55.050	0.153	0.159	-0.048	-0.218	0.450	0.427	0.949	-118.070
52	664	84	84.600	0.139	-0.304	-0.559	-0.363	0.600	0.700	1.167	-175.167
53	665	64.050	67.200	0.051	-0.149	0.301	-0.174	3.150	0.251	0.080	-5.769
54	720	85.650	86.400	0.085	-0.308	0.262	-0.030	0.750	0.330	0.439	57.513
55	725	90.300	93	-0.159	-0.192	0.574	-0.092	2.700	0.740	0.274	7.716
56	733	96.600	99.750	-0.005	-0.092	0.303	-0.097	3.150	0.308	0.098	-1.092
57	757	52.050	53.850	0.123	-0.191	-0.097	-0.223	1.800	0.222	0.124	-171.718
58	759	71.100	72	0.076	-0.060	0.178	-0.197	0.900	0.171	0.190	-53.282
59	897	75.450	81.150	6.000E-4	-0.015	0.591	-0.187	5.700	0.615	0.108	-16.254
60	942	70.650	72.150	-0.059	0.012	0.064	-0.082	1.500	0.155	0.103	-37.530
61	954	70.500	70.950	-0.959	0.254	-1.211	0.224	0.450	0.254	0.564	-173.268
62	965	78.300	79.650	0.133	-0.071	-0.084	-0.060	1.350	0.217	0.161	177.156
63	995	110.550	113.100	-0.839	-0.086	-0.259	0.013	2.550	0.588	0.231	9.674
64	995	114.750	116.550	-0.074	0.047	0.407	0.095	1.800	0.483	0.269	5.641
65	995	119.700	121.800	0.597	0.048	1.012	0.037	2.100	0.415	0.198	-1.463
66	995	124.050	126	1.530	-0.013	2.152	0.096	1.950	0.632	0.324	9.982
67	1006	83.400	84.600	0.060	0.078	0.211	-0.029	1.200	0.185	0.154	-35.160
68	1080	101.700	103.500	0.080	0.044	0.441	0.127	1.800	0.370	0.206	12.936
69	1087	93	95.100	-0.083	0.017	0.166	-0.025	2.100	0.252	0.120	-9.541
70	1087	97.650	99.300	0.092	-0.102	0.374	-0.055	1.650	0.286	0.173	9.413
71	1179	155.700	161.250	-0.516	0.043	1.432	0.080	5.550	1.948	0.351	1.085
72	1179	163.050	164.250	1.972	0.017	2.434	0.196	1.200	0.495	0.413	21.180
