 	trajectory	start	end	x1	y1	x2	y2	duration	distance	rate	angle (deg)
1	7	129.300	129.900	0.093	-0.038	-0.003	0.440	0.600	0.488	0.813	101.347
2	9	97.650	98.100	0.195	0.326	-0.122	0.232	0.450	0.331	0.735	-163.407
3	9	99.750	100.500	-0.147	0.090	-0.536	-0.248	0.750	0.515	0.687	-138.975
4	40	111.450	112.050	-0.019	0.448	-0.544	0.464	0.600	0.525	0.875	178.287
5	45	101.550	102.750	-0.019	0.244	0.160	0.162	1.200	0.197	0.164	-24.462
6	57	96.900	97.500	0.365	-0.002	-0.616	-0.245	0.600	1.010	1.684	-166.090
7	78	103.350	104.550	-0.160	0.108	0.197	0.058	1.200	0.360	0.300	-7.992
8	86	174.450	175.500	0.224	-0.014	-0.621	-0.189	1.050	0.863	0.822	-168.315
9	109	109.950	111	-0.032	0.091	0.186	0.151	1.050	0.226	0.215	15.304
10	145	100.500	101.100	0.080	0.025	-0.280	-0.007	0.600	0.361	0.602	-174.876
11	159	103.650	105	6.301	-0.723	5.544	-0.177	1.350	0.933	0.691	144.191
12	231	103.350	103.800	-0.046	0.158	-0.426	0.355	0.450	0.427	0.950	152.559
13	242	132.450	133.050	0.024	0.114	0.163	-0.206	0.600	0.349	0.582	-66.500
14	249	88.200	89.250	-0.059	0.261	-0.248	-0.013	1.050	0.333	0.317	-124.562
15	281	103.950	104.850	-4.000E-4	0.192	0.086	0.080	0.900	0.142	0.157	-52.238
16	312	101.850	102.300	-0.013	0.057	0.027	0.250	0.450	0.197	0.439	78.308
17	361	106.950	108.450	-0.069	-0.013	0.190	0.038	1.500	0.264	0.176	11.059
18	366	113.550	114.600	0.035	0.110	0.106	0.184	1.050	0.102	0.097	46.405
19	373	93	93.600	0.018	0.001	-0.288	0.128	0.600	0.331	0.552	157.419
20	393	136.050	136.950	0.022	-0.040	0.282	0.093	0.900	0.291	0.324	27.097
21	466	143.250	144.900	-0.066	0.161	0.232	0.072	1.650	0.311	0.188	-16.678
22	579	111.750	112.200	0.021	0.072	0.174	0.202	0.450	0.201	0.447	40.291
23	580	123.300	124.200	0.240	0.047	-0.498	-0.008	0.900	0.740	0.822	-175.757
24	627	97.800	98.550	-0.088	0.311	0.093	-0.188	0.750	0.530	0.707	-70.062
25	658	110.550	112.050	-0.035	-0.088	0.386	0.069	1.500	0.449	0.299	20.382
26	701	154.950	155.550	-0.061	-0.014	0.088	0.149	0.600	0.221	0.368	47.688
27	735	103.800	105.900	-0.069	-0.027	0.226	0.103	2.100	0.322	0.153	23.785
28	761	126.750	127.650	0.002	-0.181	0.107	-0.068	0.900	0.154	0.171	46.811
29	800	100.500	101.700	0.019	0.132	-0.307	-0.019	1.200	0.360	0.300	-155.151
30	805	98.100	99	-0.021	0.038	0.142	0.137	0.900	0.191	0.212	31.368
31	849	118.200	119.100	-0.061	0.085	0.080	0.072	0.900	0.141	0.157	-5.448
32	890	113.700	114.750	-0.082	0.008	0.099	0.021	1.050	0.181	0.173	4.138
33	897	115.650	116.550	0.042	-0.029	0.272	-0.113	0.900	0.245	0.272	-19.998
34	914	102.300	104.250	0.018	0.173	0.208	0.099	1.950	0.204	0.105	-21.341
35	985	101.850	103.800	-0.061	0.195	0.200	0.001	1.950	0.325	0.167	-36.582
36	1004	109.650	110.100	-0.080	-0.002	0.016	0.187	0.450	0.212	0.472	63.112
37	1043	115.500	116.100	-0.053	0.226	-0.309	-0.030	0.600	0.362	0.603	-135.051
38	1053	99.450	99.900	0.018	0.149	-0.125	0.153	0.450	0.142	0.317	178.276
39	1062	154.200	156.450	-0.056	0.079	2.011	-0.165	2.250	2.082	0.925	-6.744
40	1062	157.200	159.450	1.451	-0.003	2.522	-0.070	2.250	1.073	0.477	-3.591
41	1069	129.150	129.750	1.446	-0.076	0.971	0.076	0.600	0.499	0.831	162.299
42	1069	135.300	137.400	-0.238	0.473	-1.126	0.174	2.100	0.937	0.446	-161.406
43	1116	114.900	115.500	0.032	0.050	0.170	0.292	0.600	0.279	0.465	60.458
44	1136	127.950	129	-0.021	0.076	-0.035	0.040	1.050	0.040	0.038	-111.345
45	1202	99.600	100.650	0.286	-0.288	-0.104	-0.242	1.050	0.393	0.374	173.267
46	1221	114.300	114.900	0.091	-0.108	-0.450	0.019	0.600	0.556	0.926	166.758
47	1251	134.850	135.600	-0.034	0.123	0.102	-0.027	0.750	0.203	0.271	-47.934
48	1251	136.200	136.650	0.098	0.071	0.229	-0.185	0.450	0.287	0.639	-62.837
49	1266	121.500	123.450	0.064	0.177	0.301	0.329	1.950	0.281	0.144	32.666
50	1273	105.150	105.600	-0.094	-0.167	-0.443	0.292	0.450	0.577	1.282	127.208
51	1385	114.900	115.800	-0.002	0.260	0.152	0.065	0.900	0.248	0.276	-51.790
52	1412	111.600	112.500	0.030	0.077	-0.506	0.187	0.900	0.547	0.608	168.384
53	1440	109.500	110.400	-0.229	0.328	0.214	0.278	0.900	0.446	0.496	-6.479
54	1446	97.800	98.400	0.094	0.002	0.186	0.201	0.600	0.219	0.365	65.406
55	1506	130.800	131.700	0.027	-0.099	0.154	0.180	0.900	0.306	0.340	65.629
56	1582	128.700	129.300	0.205	0.124	-0.061	0.214	0.600	0.280	0.467	161.381
57	1656	101.850	102.900	0.299	0.010	-4.624	-0.049	1.050	4.924	4.689	-179.316
58	1696	113.850	114.600	-0.035	0.056	0.046	0.134	0.750	0.113	0.151	43.850
59	1696	114.750	115.200	0.077	0.162	0.198	0.271	0.450	0.164	0.364	42.034
60	1743	121.050	121.800	0.022	0.210	0.134	0.225	0.750	0.113	0.151	7.436
61	1803	103.800	104.850	-0.011	-0.102	0.075	0.323	1.050	0.434	0.413	78.504
62	1805	113.250	114.450	-0.051	0.188	0.107	-0.044	1.200	0.281	0.234	-55.696
63	1810	106.500	107.250	0.096	0.070	-0.264	0.147	0.750	0.368	0.491	168.031
64	1899	109.050	109.800	0.005	-0.595	-0.333	-0.604	0.750	0.338	0.450	-178.407
65	1929	107.850	108.450	-0.094	0.185	-0.555	0.376	0.600	0.499	0.831	157.499
66	1956	154.200	154.950	-0.019	-0.115	0.090	0.027	0.750	0.179	0.238	52.466
67	2083	127.050	127.950	-0.064	0.151	0.053	0.096	0.900	0.129	0.143	-25.153
68	2115	137.400	138.150	0.018	0.031	-0.115	0.111	0.750	0.155	0.207	148.920
69	2136	154.050	155.250	-0.030	-0.103	0.224	0.147	1.200	0.356	0.297	44.449
70	2162	168.150	169.350	-0.050	-0.097	0.218	-0.038	1.200	0.274	0.228	12.437
