 	trajectory	start	end	x1	y1	x2	y2	duration	distance	rate	angle (deg)
1	9	111	111.750	0.059	-0.246	-0.277	-0.212	0.750	0.338	0.450	174.127
2	47	148.650	149.700	-0.067	0.051	0.334	-0.019	1.050	0.408	0.388	-9.944
3	51	113.550	114.450	0.139	-0.152	-0.162	-0.101	0.900	0.305	0.339	170.546
4	82	152.100	153.300	0.432	-0.287	0.918	-0.080	1.200	0.529	0.441	23.094
5	82	156	156.750	1.483	-0.159	1.664	-0.240	0.750	0.198	0.264	-23.977
6	82	158.850	160.650	1.941	-0.062	2.779	-0.060	1.800	0.838	0.466	0.167
7	88	122.850	123.600	1.099	-0.096	0.558	-0.161	0.750	0.545	0.726	-173.087
8	114	108	108.750	0.187	-0.340	-0.115	-0.031	0.750	0.432	0.576	134.383
9	115	171.450	172.050	0.043	0.105	0.259	0.162	0.600	0.223	0.372	14.687
10	130	132.750	134.100	-0.098	-0.218	0.246	-0.332	1.350	0.362	0.268	-18.255
11	130	145.050	146.400	1.888	-0.456	2.470	-0.182	1.350	0.643	0.477	25.169
12	130	146.700	147.600	2.411	-0.287	2.939	-0.226	0.900	0.531	0.591	6.534
13	130	151.200	152.250	0.666	-0.248	1.398	-0.143	1.050	0.740	0.705	8.159
14	138	237	238.500	-0.200	-0.203	0.144	0.093	1.500	0.454	0.303	40.718
15	213	118.350	119.100	-0.181	-0.174	-0.344	-0.267	0.750	0.188	0.250	-150.323
16	214	225.150	226.200	0.675	0.024	0.493	0.072	1.050	0.188	0.180	165.408
17	214	236.250	237.900	0.010	-0.004	-0.466	-0.079	1.650	0.481	0.292	-171.067
18	214	264.900	266.100	-0.949	0.116	-1.142	-0.033	1.200	0.245	0.204	-142.269
19	220	151.350	153.450	0.013	-0.085	0.426	-0.069	2.100	0.413	0.197	2.213
20	220	154.500	155.400	0.654	-0.134	0.872	-0.221	0.900	0.235	0.261	-21.929
21	220	156.450	157.050	1.048	-0.314	1.235	-0.264	0.600	0.194	0.323	14.896
22	228	126	127.200	-0.048	-0.150	-0.491	-0.158	1.200	0.443	0.369	-178.940
23	228	149.400	150.300	-0.402	-0.227	-0.933	-0.202	0.900	0.532	0.591	177.343
24	228	154.350	155.400	-1.669	-0.182	-2.058	-0.059	1.050	0.408	0.388	162.508
25	262	166.950	167.850	0.045	-0.096	0.314	-0.221	0.900	0.297	0.330	-25.052
26	262	168.300	169.200	0.304	-0.195	0.538	-0.058	0.900	0.271	0.301	30.452
27	291	111.900	112.500	-0.034	-0.214	-0.522	-0.009	0.600	0.529	0.882	157.235
28	376	129.150	130.050	-0.101	-0.011	-0.696	-0.236	0.900	0.636	0.707	-159.279
29	399	157.200	157.950	0.074	-0.132	0.232	-0.146	0.750	0.159	0.212	-4.747
30	403	156	157.500	-0.246	-0.194	-0.069	-0.115	1.500	0.194	0.129	23.857
31	457	136.200	136.800	0.109	0.183	-0.144	-0.103	0.600	0.382	0.636	-131.480
32	480	141	143.100	-0.053	-0.249	-0.501	-0.096	2.100	0.473	0.225	161.175
33	487	110.550	111.750	0.101	-0.186	-0.112	-0.125	1.200	0.221	0.184	164.039
34	488	191.100	191.850	-0.093	0.031	0.077	0.004	0.750	0.172	0.229	-9.064
35	507	126.600	127.200	0.037	-0.208	-0.037	-0.071	0.600	0.156	0.259	118.211
36	512	115.650	116.250	0.158	-0.149	-0.168	-0.148	0.600	0.326	0.544	179.703
37	533	145.650	146.850	-0.125	-0.132	-0.619	-0.154	1.200	0.495	0.412	-177.513
38	533	155.400	156.300	-1.102	-0.253	-1.293	-0.187	0.900	0.202	0.224	160.806
39	576	123.150	123.750	0.030	-0.022	-0.186	-0.138	0.600	0.245	0.409	-151.753
40	587	123.300	124.200	0.018	-0.018	-0.261	-0.052	0.900	0.280	0.312	-173.143
41	612	121.350	122.100	-0.040	-0.137	-0.146	-0.088	0.750	0.117	0.155	154.927
42	635	209.550	211.050	-0.488	0.192	-0.728	0.106	1.500	0.255	0.170	-160.299
43	641	124.050	124.800	0.067	-0.131	-0.211	-0.475	0.750	0.443	0.590	-128.983
44	647	111.900	112.650	-0.083	-0.069	-0.158	0.077	0.750	0.165	0.220	117.141
45	693	179.850	181.350	-0.022	-0.216	0.266	-0.004	1.500	0.357	0.238	36.269
46	707	117.750	118.350	0.058	-0.228	-0.102	-0.119	0.600	0.194	0.323	145.771
47	761	161.100	162	-0.010	-0.480	-0.789	1.193	0.900	1.846	2.051	114.972
48	762	121.050	121.950	0.101	-0.211	-0.234	0.035	0.900	0.415	0.461	143.652
49	830	154.500	157.200	-0.720	-0.191	0.400	-0.055	2.700	1.128	0.418	6.908
50	830	159.450	160.500	0.890	-0.089	1.307	-0.160	1.050	0.424	0.403	-9.591
51	843	83.850	84.750	0.056	0.118	-0.301	-0.287	0.900	0.540	0.600	-131.373
52	844	189.300	191.100	0.142	-0.349	-0.646	-0.210	1.800	0.801	0.445	169.962
53	844	192.750	193.650	-0.725	-0.133	-1.259	-0.165	0.900	0.535	0.595	-176.628
54	844	194.550	197.100	-1.400	-0.204	-3.077	-0.392	2.550	1.687	0.662	-173.620
55	917	136.500	137.100	-0.022	-0.166	0.118	-0.082	0.600	0.164	0.273	30.816
56	942	199.050	201.150	4.322	-0.688	2.470	-0.292	2.100	1.893	0.901	167.930
57	942	224.850	225.900	1.459	0.065	0.646	0.107	1.050	0.814	0.775	177.041
58	953	82.200	85.950	5.853	-0.628	1.328	-0.091	3.750	4.557	1.215	173.234
59	957	125.550	126.150	0.022	0.033	-0.211	-0.633	0.600	0.706	1.177	-109.310
60	1002	128.400	129.300	-0.115	-0.169	0.078	-0.107	0.900	0.203	0.226	17.868
61	1009	141.600	142.350	0.059	-0.407	-0.290	-0.182	0.750	0.415	0.554	147.086
62	1057	211.650	212.550	-0.360	-0.135	0.029	-0.290	0.900	0.419	0.465	-21.766
63	1063	253.200	254.100	-0.136	-0.058	0.248	-0.521	0.900	0.602	0.668	-50.327
64	1114	194.100	195.450	-0.066	-0.145	-0.451	0.059	1.350	0.436	0.323	152.077
65	1118	135	135.600	0.013	-0.088	0.139	-0.242	0.600	0.200	0.333	-50.734
66	1122	157.200	157.800	0.222	-0.149	0.403	-0.265	0.600	0.215	0.358	-32.769
67	1172	157.200	158.550	-0.120	0.062	0.243	-0.041	1.350	0.377	0.280	-15.817
68	1194	141.750	142.650	-0.078	-0.159	-0.320	-0.124	0.900	0.244	0.271	171.723
69	1199	167.550	168.450	-0.309	0.084	-0.589	0.188	0.900	0.299	0.332	159.538
70	1223	149.550	150	0.038	0.008	0.253	-0.238	0.450	0.326	0.725	-48.894
71	1239	122.400	123.150	-0.032	-0.166	0.104	-0.252	0.750	0.161	0.215	-32.428
72	1245	177.600	178.350	-0.053	-0.142	0.205	-0.126	0.750	0.258	0.344	3.606
73	1260	147.750	150.300	-0.226	-0.195	-2.214	-0.053	2.550	1.994	0.782	175.914
74	1291	136.050	136.950	0.082	-0.190	0.218	-0.114	0.900	0.156	0.173	29.177
75	1345	176.700	181.950	-0.179	0.088	-3.394	0.198	5.250	3.216	0.613	178.025
76	1478	192	192.600	0.098	0.136	0.213	0.013	0.600	0.169	0.281	-46.944
77	1481	185.250	186	-0.051	-0.108	0.302	-0.149	0.750	0.356	0.475	-6.583
78	1501	253.650	255.750	-0.184	-0.647	0.162	-0.467	2.100	0.390	0.186	27.525
79	1501	259.200	260.400	0.325	-0.460	0.541	-0.522	1.200	0.225	0.187	-16.105
80	1506	142.650	144.450	0.819	-0.093	1.464	-0.137	1.800	0.646	0.359	-3.944
81	1515	128.550	129.900	0.006	-0.155	-0.515	-0.099	1.350	0.525	0.389	173.903
82	1518	102.900	103.650	-0.438	-0.103	-1.651	0.023	0.750	1.219	1.626	174.052
83	1657	169.500	170.250	-0.717	-0.118	-0.370	-0.167	0.750	0.351	0.468	-8.104
84	1657	188.250	188.850	0.787	0.223	1.101	0.022	0.600	0.373	0.621	-32.697
85	1657	197.550	198.450	0.550	0.298	1.026	0.073	0.900	0.526	0.584	-25.371
86	1695	166.050	167.100	-0.189	-0.154	1.162	0.525	1.050	1.511	1.439	26.685
