trajectory	start     	end       	x1        	y1        	x2        	y2        	duration  	distance  	rate      	angle (deg)	msd_y	L_um	F_pN_abs	F_pN	
58	189.6	190.65	-0.167	0.023	-0.55	0.045	1.05	0.384	0.365	176.725	2.343772346970215e-14	14.36759542079973	1.649991542626354	-1.649991542626354
98	195.45	196.5	-0.057	-0.082	0.314	0.028	1.05	0.387	0.368	16.416	1.693066339309107e-14	14.58548793625369	2.111499239795999	2.111499239795999
197	205.35	210.75	-1.024	-0.148	1.624	-0.198	5.4	2.648	0.49	-1.094	6.830458656805257e-15	15.02315922377437	3.92939016031012	3.92939016031012
197	214.5	217.05	1.875	-0.269	3.008	-0.123	2.55	1.142	0.448	7.342	6.830458656805257e-15	15.02315922377437	3.92939016031012	3.92939016031012
197	218.55	220.8	3.257	-0.119	4.306	-0.076	2.25	1.05	0.467	2.371	6.830458656805257e-15	15.02315922377437	3.92939016031012	3.92939016031012
197	222.45	223.35	4.451	0.107	4.788	-0.002	0.9	0.354	0.394	-18.031	6.830458656805257e-15	15.02315922377437	3.92939016031012	3.92939016031012
197	225.6	229.2	5.168	0.045	6.73	0.211	3.6	1.571	0.436	6.076	6.830458656805257e-15	15.02315922377437	3.92939016031012	3.92939016031012
197	229.2	230.55	6.824	0.139	7.466	0.222	1.35	0.647	0.48	7.398	6.830458656805257e-15	15.02315922377437	3.92939016031012	3.92939016031012
213	140.55	141.3	0.181	0.118	0.536	0.233	0.75	0.373	0.497	17.902	1.639284705322178e-14	14.60495920537515	2.162157581269625	2.162157581269625
213	148.5	150.45	1.28	0.165	1.595	0.065	1.95	0.331	0.17	-17.667	1.639284705322178e-14	14.60495920537515	2.162157581269625	2.162157581269625
340	124.35	125.25	-0.294	0.411	-0.653	-0.163	0.9	0.677	0.752	-122.029	4.405989604129209e-14	13.79618795901471	0.9777233027356947	-0.9777233027356947
357	204.9	205.95	-0.153	0.148	-0.053	-0.094	1.05	0.262	0.25	-67.583	1.091785610899876e-14	14.8226810699038	2.882681896982778	2.882681896982778
395	151.2	152.7	-0.353	0.016	-1.103	0.102	1.5	0.755	0.503	173.466	4.547909679238178e-14	13.76072518080898	0.9507422758537564	-0.9507422758537564
404	162.3	163.2	-0.106	-0.097	-0.541	0.038	0.9	0.455	0.506	162.756	8.432312304907548e-15	14.93879312655745	3.428011292214182	-3.428011292214182
427	122.1	123.6	-0.32	-0.068	-0.922	-0.061	1.5	0.602	0.401	179.343	1.142461151187006e-14	14.80066016057046	2.794255176395241	-2.794255176395241
536	150.75	151.8	-0.246	-0.08400000000000001	0.052	-0.273	1.05	0.353	0.336	-32.446	1.814739393519366e-14	14.54239534604661	2.005653049109599	2.005653049109599
548	182.4	186.75	-0.884	0.06900000000000001	0.427	-0.001	4.35	1.313	0.302	-3.058	4.215101395916021e-15	15.18837320400445	5.298916209004199	5.298916209004199
548	190.65	194.1	0.427	0.07099999999999999	1.375	-0.337	3.45	1.032	0.299	-23.258	4.215101395916021e-15	15.18837320400445	5.298916209004199	5.298916209004199
548	198.75	200.25	2.375	-0.764	2.716	-0.391	1.5	0.505	0.337	47.537	4.215101395916021e-15	15.18837320400445	5.298916209004199	5.298916209004199
560	132.45	133.5	0.055	0.095	0.324	0.101	1.05	0.269	0.256	1.453	2.730525523915547e-14	14.24965587091892	1.461984526785656	1.461984526785656
571	123.9	124.8	-0.253	0.362	-0.099	0.205	0.9	0.22	0.245	-45.63	8.490793964580904e-15	14.93587764070146	3.412455789685266	3.412455789685266
583	124.5	130.8	-0.21	0.094	2.047	0.013	6.3	2.258	0.358	-2.059	1.704299397295012e-14	14.58145506733027	2.101234394212164	2.101234394212164
611	127.5	129.45	-0.538	-0.018	-1.605	0.171	1.95	1.084	0.556	169.945	4.676396443213296e-14	13.72891361003092	0.9275144278870454	-0.9275144278870454
660	121.5	122.7	-0.332	0.238	-0.066	-0.078	1.2	0.413	0.344	-49.933	1.392620060810585e-14	14.69812108144263	2.432370517305572	2.432370517305572
677	126.15	126.9	-0.195	0.19	0.021	0.013	0.75	0.279	0.373	-39.365	2.893685483916556e-14	14.20182900487787	1.395029738365191	1.395029738365191
715	135.75	139.5	-0.774	0.254	-2.401	0.06	3.75	1.639	0.437	-173.207	1.094066081969981e-14	14.82167968870345	2.878568682081889	-2.878568682081889
735	136.35	142.65	-0.163	0.08599999999999999	0.612	0.541	6.3	0.898	0.143	30.385	3.600268951169682e-14	14.0050486858903	1.163892755468941	1.163892755468941
735	144.6	145.95	0.631	0.554	0.965	0.338	1.35	0.398	0.295	-32.868	3.600268951169682e-14	14.0050486858903	1.163892755468941	1.163892755468941
738	132.9	134.4	-0.254	0.119	0.134	0.08	1.5	0.39	0.26	-5.689	4.480191658688867e-14	13.77760276160678	0.9634364117864049	0.9634364117864049
841	127.2	128.1	-0.172	0.034	-0.452	0.237	0.9	0.346	0.384	144.102	7.554714926095121e-15	14.98386073462487	3.682867179204701	-3.682867179204701
841	132.45	133.35	-0.702	0.27	-0.945	0.192	0.9	0.255	0.284	-162.168	7.554714926095121e-15	14.98386073462487	3.682867179204701	-3.682867179204701
842	134.55	135.9	-1.168	0.391	-2.216	-0.021	1.35	1.126	0.834	-158.535	2.121333205418382e-14	14.43889530143844	1.782356155052244	-1.782356155052244
843	239.25	244.35	0.533	0.122	-2.597	-0.063	5.1	3.135	0.615	-176.608	6.632817943412781e-15	15.03426356651503	4.003602081498416	-4.003602081498416
854	154.35	161.1	-0.318	-0.037	-3.349	-0.281	6.75	3.041	0.45	-175.393	1.446519401041665e-14	14.6771721938458	2.367271602021139	-2.367271602021139
856	121.65	125.1	-0.37	0.055	-2.593	0.317	3.45	2.238	0.649	173.266	1.064805763123678e-14	14.83460575309156	2.932359831225054	-2.932359831225054
966	127.5	129.3	0.067	0.59	-5.742	-0.14	1.8	5.855	3.253	-172.838	3.831651548646445e-14	13.94361953651464	1.103771135882619	-1.103771135882619
966	129.75	131.1	-7.508	-0.129	-12.101	-0.168	1.35	4.593	3.402	-179.511	3.831651548646445e-14	13.94361953651464	1.103771135882619	-1.103771135882619
966	131.85	132.6	-12.955	-0.092	-15.313	-0.206	0.75	2.361	3.148	-177.245	3.831651548646445e-14	13.94361953651464	1.103771135882619	-1.103771135882619
966	135.45	136.2	-15.771	0.074	-16.646	-0.08500000000000001	0.75	0.889	1.186	-169.704	3.831651548646445e-14	13.94361953651464	1.103771135882619	-1.103771135882619
998	190.05	194.1	-0.285	-0.146	0.626	-0.351	4.05	0.9340000000000001	0.231	-12.673	2.195318642818988e-14	14.41486161050547	1.735968005255837	1.735968005255837
998	195.15	196.5	0.721	-0.471	1.22	-0.413	1.35	0.502	0.372	6.656	2.195318642818988e-14	14.41486161050547	1.735968005255837	1.735968005255837
1012	180	181.8	-0.137	0.199	-1.232	0.264	1.8	1.097	0.609	176.594	4.414167230980773e-14	13.79413495054595	0.9761289289830899	-0.9761289289830899
1039	212.85	214.65	-0.101	-0.006	0.346	0.432	1.8	0.626	0.348	44.404	2.571661213461302e-14	14.29726855837407	1.53369879715684	1.53369879715684
1060	121.35	122.1	-0.17	0.402	-1.805	-0.641	0.75	1.939	2.586	-147.464	2.246384660577896e-14	14.39846296033008	1.705373631542883	-1.705373631542883
1068	167.4	168.6	-0.424	0.203	-1.315	-0.04	1.2	0.924	0.77	-164.735	1.957979049417361e-14	14.49320450933324	1.894471455408809	-1.894471455408809
1070	176.55	179.85	-1.584	-0.194	-2.325	-0.029	3.3	0.759	0.23	167.413	5.864881719700125e-14	13.44578694586515	0.7547226771794464	-0.7547226771794464
1078	178.2	179.85	0.08400000000000001	-0.203	0.698	-0.343	1.65	0.63	0.382	-12.818	3.803600577942881e-14	13.95099883927495	1.110735267897536	1.110735267897536
1153	152.1	153.15	-0.16	0.033	-0.525	0.254	1.05	0.427	0.406	148.843	1.678679211909533e-14	14.59067009620984	2.124802605330538	-2.124802605330538
1190	204	204.9	-0.029	0.322	-1.157	0.045	0.9	1.162	1.291	-166.179	5.17387275379013e-14	13.60814109917707	0.8469273106355674	-0.8469273106355674
1197	167.7	169.2	-1.636	0.089	-2.731	0.216	1.5	1.102	0.735	173.407	2.726811677792161e-14	14.2507567580547	1.463583766383266	-1.463583766383266
1197	174.9	180	-3.217	0.352	-5.848	0.139	5.1	2.64	0.518	-175.373	2.726811677792161e-14	14.2507567580547	1.463583766383266	-1.463583766383266
1212	154.5	155.7	0.214	0.053	0.778	0.008999999999999999	1.2	0.5659999999999999	0.471	-4.452	1.517709035730099e-14	14.65003358518771	2.286824579290632	2.286824579290632
1219	127.65	133.05	1.676	0.104	3.689	0.073	5.4	2.013	0.373	-0.887	1.6997184337911e-14	14.5830983259373	2.105407720939851	2.105407720939851
1331	175.65	176.4	-0.062	0.017	0.349	0.034	0.75	0.411	0.548	2.338	4.958668476954196e-14	13.65994254996611	0.8800971865112774	0.8800971865112774
1340	302.55	304.35	-0.034	0.026	0.761	0.471	1.8	0.911	0.506	29.264	1.03773538244385e-13	12.47452659774797	0.4290994835134779	0.4290994835134779
1466	170.4	171.9	-0.268	0.5580000000000001	-1.227	-0.083	1.5	1.154	0.769	-146.228	4.366910297283949e-14	13.80601548893807	0.9854119270710094	-0.9854119270710094
1564	185.7	187.35	-0.583	0.097	-1.421	0.056	1.65	0.839	0.508	-177.204	8.649146199974758e-15	14.92803425810776	3.371136777214777	-3.371136777214777
1647	137.85	138.75	-0.246	0.0003	-0.659	0.241	0.9	0.478	0.531	149.798	2.023387763305784e-14	14.47124311001994	1.84786405352148	-1.84786405352148
1731	176.1	180.15	-4.133	0.766	-5.662	0.548	4.05	1.544	0.381	-171.885	1.343915761301314e-14	14.71736980665109	2.494631011681911	-2.494631011681911
2188	135.15	135.9	-0.748	0.022	-0.29	-0.018	0.75	0.46	0.613	-5.085	2.351006868480725e-14	14.36532286385037	1.646023962153681	1.646023962153681
2188	175.2	177.6	-1.197	-0.065	-0.063	-0.068	2.4	1.134	0.473	-0.163	2.351006868480725e-14	14.36532286385037	1.646023962153681	1.646023962153681
2188	177.9	178.65	0.059	0.094	0.418	-0.076	0.75	0.397	0.529	-25.276	2.351006868480725e-14	14.36532286385037	1.646023962153681	1.646023962153681
2213	185.85	186.75	-0.521	0.3	-1.283	-0.187	0.9	0.904	1.005	-147.429	1.538124239017831e-13	11.46565909445386	0.2768068079617818	-0.2768068079617818
2438	290.55	291.9	1.494	0.105	1.15	-0.101	1.35	0.401	0.297	-149.141	6.907973678911561e-15	15.01885099399223	3.901159205119975	-3.901159205119975
2438	345.9	346.95	0.593	-0.096	0.339	-0.008	1.05	0.269	0.256	160.986	6.907973678911561e-15	15.01885099399223	3.901159205119975	-3.901159205119975
2501	321	322.35	0.08	0.227	-0.224	0.538	1.35	0.434	0.322	134.402	1.150408404535147e-13	12.24481460192327	0.3843405313334491	-0.3843405313334491
9	123.9	125.4	-0.9409999999999999	0.166	-1.673	0.155	1.5	0.732	0.488	-179.153	2.089839778546712e-14	14.44922858666355	1.802888944062758	-1.802888944062758
75	171	172.5	-0.182	-0.044	-0.878	0.038	1.5	0.701	0.467	173.298	2.965317871918861e-16	15.71528518783285	22.89500535859316	-22.89500535859316
75	174.3	177.45	-0.89	0.093	-2.547	-0.06	3.15	1.664	0.528	-174.748	2.965317871918861e-16	15.71528518783285	22.89500535859316	-22.89500535859316
77	136.2	137.7	-0.5639999999999999	-0.013	-1.341	0.207	1.5	0.8070000000000001	0.538	164.204	9.666501997352056e-15	14.87928277838912	3.130586347723296	-3.130586347723296
77	138	138.9	-1.037	0.23	-2.167	0.143	0.9	1.133	1.259	-175.574	9.666501997352056e-15	14.87928277838912	3.130586347723296	-3.130586347723296
120	124.2	125.25	0.192	0.08599999999999999	-0.491	0.004	1.05	0.6879999999999999	0.655	-173.084	6.470220131455865e-16	15.60394929812212	15.1601155059542	-15.1601155059542
120	135	135.9	-2.001	-0.099	-3.033	-0.202	0.9	1.037	1.152	-174.303	6.470220131455865e-16	15.60394929812212	15.1601155059542	-15.1601155059542
135	173.7	175.2	-0.319	0.179	0.428	0.296	1.5	0.756	0.504	8.917999999999999	4.344562311604817e-14	13.81164793724797	0.9898610778768988	0.9898610778768988
140	203.4	207	-0.025	0.062	1.509	-0.037	3.6	1.537	0.427	-3.708	1.415148356090007e-14	14.68932126415311	2.404695526310334	2.404695526310334
230	228.45	229.8	10.84	-0.869	9.502000000000001	-0.462	1.35	1.398	1.036	163.086	1.0825179415789e-14	14.82676102173101	2.899533474127545	-2.899533474127545
230	232.8	234.3	9.368	-0.546	8.518000000000001	-0.393	1.5	0.864	0.576	169.785	1.0825179415789e-14	14.82676102173101	2.899533474127545	-2.899533474127545
230	236.55	238.35	8.105	-0.496	5.956	-0.373	1.8	2.152	1.196	176.733	1.0825179415789e-14	14.82676102173101	2.899533474127545	-2.899533474127545
230	239.55	246.75	5.816	-0.283	1.15	0.227	7.2	4.694	0.652	173.773	1.0825179415789e-14	14.82676102173101	2.899533474127545	-2.899533474127545
245	151.65	153.15	-0.994	0.344	-1.672	0.527	1.5	0.702	0.468	164.91	3.525326016710957e-14	14.02523046709883	1.184759625742649	-1.184759625742649
248	141.6	142.5	-0.107	0.082	0.16	0.128	0.9	0.271	0.301	9.803000000000001	2.705089312021429e-14	14.25720722086747	1.473008749579117	1.473008749579117
296	124.8	126.15	-0.243	0.25	0.328	0.036	1.35	0.61	0.452	-20.556	2.086197670132323e-14	14.45042767416623	1.805295121485674	1.805295121485674
339	120.45	121.2	-0.272	-0.058	-0.161	0.33	0.75	0.403	0.537	74.017	5.485201842918987e-15	15.10261257873406	4.511071811605211	4.511071811605211
397	178.5	179.25	-0.217	0.269	0.186	0.212	0.75	0.407	0.543	-8.111000000000001	5.265040209432672e-14	13.58638622813825	0.8335769434428275	0.8335769434428275
413	210.3	211.8	-0.754	0.114	-1.19	0.08699999999999999	1.5	0.437	0.291	-176.517	3.607587672659669e-14	14.00308553913984	1.161893452423826	-1.161893452423826
443	140.25	150	-0.305	0.003	-0.843	0.062	9.75	0.541	0.056	173.728	4.000474077159756e-14	13.89957995468417	1.063585729915947	-1.063585729915947
488	146.4	147.45	-0.256	0.454	0.166	-0.127	1.05	0.718	0.6840000000000001	-54.022	3.306767687294464e-14	14.08495500671461	1.250032254944788	1.250032254944788
533	142.8	144.15	-0.393	0.153	-1.177	0.117	1.35	0.785	0.581	-177.365	3.211947180303341e-14	14.11129530416636	1.280606232252792	-1.280606232252792
533	148.05	149.55	-1.355	-0.131	-2.033	0.156	1.5	0.736	0.491	157.075	3.211947180303341e-14	14.11129530416636	1.280606232252792	-1.280606232252792
538	190.2	190.95	-0.269	0.39	0.156	0.03	0.75	0.5570000000000001	0.743	-40.268	5.145630647351741e-14	13.6149027993824	0.8511450302275014	0.8511450302275014
562	142.2	143.55	-1.01	-0.028	-0.188	0.128	1.35	0.837	0.62	10.768	2.342024538127554e-14	14.36814486898697	1.650953016582112	1.650953016582112
562	148.05	149.25	0.628	0.15	1.287	0.02	1.2	0.672	0.5600000000000001	-11.175	2.342024538127554e-14	14.36814486898697	1.650953016582112	1.650953016582112
562	153.15	153.9	1.754	0.169	2.14	0.216	0.75	0.389	0.518	6.834	2.342024538127554e-14	14.36814486898697	1.650953016582112	1.650953016582112
562	182.7	183.9	3.899	0.179	4.702	0.351	1.2	0.821	0.6840000000000001	12.06	2.342024538127554e-14	14.36814486898697	1.650953016582112	1.650953016582112
562	187.8	190.65	5.489	0.077	6.75	0.305	2.85	1.281	0.45	10.245	2.342024538127554e-14	14.36814486898697	1.650953016582112	1.650953016582112
566	126.9	127.65	-1.25	-0.404	-1.867	-0.315	0.75	0.623	0.831	171.734	3.447312564613743e-14	14.04639679324185	1.207274681886548	-1.207274681886548
572	126.3	127.35	-2.491	0.052	-3.027	0.047	1.05	0.536	0.511	-179.37	1.0996541797366e-14	14.81923012952845	2.868544663258557	-2.868544663258557
581	136.8	137.85	-0.274	0.032	0.089	-0.011	1.05	0.366	0.348	-6.818	1.887610972119856e-14	14.51717421703279	1.94743302638479	1.94743302638479
618	132.15	133.95	-0.774	0.277	-2.175	0.199	1.8	1.403	0.78	-176.789	8.486408619208189e-15	14.93609590740058	3.413616623183322	-3.413616623183322
636	136.2	137.4	-0.113	-0.022	0.034	0.281	1.2	0.337	0.281	64.10899999999999	4.554777883034025e-14	13.75901776432416	0.9494726242415843	0.9494726242415843
730	126.15	127.5	-0.345	0.261	0.427	-0.271	1.35	0.9379999999999999	0.695	-34.577	3.524903716811458e-14	14.02534460570703	1.184879285498343	1.184879285498343
798	145.2	148.2	-0.154	0.118	1.29	0.028	3	1.447	0.482	-3.543	1.676227631257951e-14	14.59155505462165	2.127087261555207	2.127087261555207
816	137.7	138.75	-0.268	0.058	-0.638	-0.139	1.05	0.419	0.399	-151.906	3.033409046265432e-14	14.16165946885795	1.342384980370662	-1.342384980370662
819	163.05	163.95	-0.202	0.192	0.026	-0.463	0.9	0.6929999999999999	0.77	-70.798	2.276722436486071e-14	14.38879124266977	1.687716709253509	1.687716709253509
839	130.35	131.55	-0.673	-0.152	-1.483	-0.147	1.2	0.8100000000000001	0.675	179.683	1.9036853531e-14	14.51166629898373	1.93506375621667	-1.93506375621667
842	186	187.35	-0.232	0.341	0.631	-0.209	1.35	1.023	0.758	-32.474	4.47559925649503e-14	13.77875020208522	0.9643090213754673	0.9643090213754673
899	166.95	168.9	-0.253	0.091	0.854	0.127	1.95	1.108	0.5679999999999999	1.855	4.903918496522569e-14	13.67322626567807	0.8889308399179342	0.8889308399179342
914	150	150.75	-0.08699999999999999	0.096	-0.44	0.06900000000000001	0.75	0.354	0.472	-175.514	1.833392286304663e-14	14.53589941679858	1.990405108965422	-1.990405108965422
916	132.9	136.2	-0.019	0.135	0.789	0.213	3.3	0.8120000000000001	0.246	5.486	2.239186710084905e-14	14.4007653077282	1.709618751209798	1.709618751209798
936	225.6	234.3	-0.124	0.063	4.298	-0.133	8.699999999999999	4.426	0.509	-2.537	2.960649417916437e-14	14.18249071560103	1.369294619258921	1.369294619258921
1043	214.8	216.3	-0.283	-0.44	0.188	-0.435	1.5	0.471	0.314	0.552	3.805665449702569e-14	13.95045501978926	1.110219716722775	1.110219716722775
1048	203.55	206.1	-0.782	-0.024	-1.854	0.201	2.55	1.095	0.43	168.169	2.744785872736809e-14	14.24543392965506	1.455876332132017	-1.455876332132017
1048	207.3	208.35	-1.912	0.08	-2.711	0.032	1.05	0.8	0.762	-176.562	2.744785872736809e-14	14.24543392965506	1.455876332132017	-1.455876332132017
1065	202.65	204	-0.296	-0.213	-0.09	-0.216	1.35	0.206	0.153	-0.84	1.393875594535014e-14	14.69762896402358	2.430810004433406	2.430810004433406
1073	123.75	124.5	-0.795	0.008	-0.421	0.318	0.75	0.486	0.648	39.678	3.727814454918032e-14	13.97102751719686	1.129985099202071	1.129985099202071
1073	142.65	146.55	-0.04	0.116	1.33	-0.048	3.9	1.38	0.354	-6.845	3.727814454918032e-14	13.97102751719686	1.129985099202071	1.129985099202071
1073	150.6	152.85	2.311	0.095	3.534	0.151	2.25	1.224	0.544	2.62	3.727814454918032e-14	13.97102751719686	1.129985099202071	1.129985099202071
1073	160.5	161.25	4.41	0.186	4.912	0.225	0.75	0.503	0.671	4.423	3.727814454918032e-14	13.97102751719686	1.129985099202071	1.129985099202071
1073	162.45	166.8	5.458	0.112	7.474	0.445	4.35	2.043	0.47	9.381	3.727814454918032e-14	13.97102751719686	1.129985099202071	1.129985099202071
1120	206.1	206.85	-0.075	-0.08	0.385	0.028	0.75	0.473	0.63	13.209	3.391939396123952e-14	14.06152142680692	1.223772292856112	1.223772292856112
1139	195.75	199.2	-0.333	-0.097	-2.682	0.153	3.45	2.362	0.6850000000000001	173.933	9.059487914098455e-15	14.9080417458157	3.269195566050354	-3.269195566050354
1155	132.15	138.45	-0.915	0.163	-2.921	-0.326	6.3	2.065	0.328	-166.309	4.273787446747295e-14	13.82954647053017	1.004209168931349	-1.004209168931349
1282	237	238.2	-0	0.127	-0.626	-0.09	1.2	0.663	0.552	-160.838	3.761969744842924e-14	13.96198422805521	1.121229805108583	-1.121229805108583
1282	239.1	244.35	-0.364	0.165	-3.503	-0.404	5.25	3.19	0.608	-169.725	3.761969744842924e-14	13.96198422805521	1.121229805108583	-1.121229805108583
1282	245.7	246.6	-3.81	0.048	-4.405	-0.483	0.9	0.797	0.886	-138.257	3.761969744842924e-14	13.96198422805521	1.121229805108583	-1.121229805108583
1282	248.25	249.75	-4.058	-0.434	-3.118	-0.432	1.5	0.9399999999999999	0.627	0.122	3.761969744842924e-14	13.96198422805521	1.121229805108583	1.121229805108583
1282	250.35	251.7	-3.109	-0.127	-2.299	-0.375	1.35	0.847	0.627	-16.989	3.761969744842924e-14	13.96198422805521	1.121229805108583	1.121229805108583
1282	253.65	254.85	-1.809	-0.236	-1.148	-0.345	1.2	0.67	0.5580000000000001	-9.404	3.761969744842924e-14	13.96198422805521	1.121229805108583	1.121229805108583
1458	138.15	139.2	-0.707	-0.223	-0.486	-0.019	1.05	0.301	0.287	42.794	1.015467521587822e-14	14.85679828710376	3.028356137226908	3.028356137226908
1460	228	231.3	-0.133	0.125	1.157	0.479	3.3	1.338	0.405	15.357	3.845890475701924e-14	13.93988063479479	1.100268459729273	1.100268459729273
1574	152.1	153.3	-0.148	0.154	0.255	0.054	1.2	0.415	0.346	-13.882	1.109728029280464e-14	14.814829297646	2.850668949917361	2.850668949917361
1761	179.4	181.05	0.714	0.035	0.112	0.054	1.65	0.602	0.365	178.178	2.281603601856218e-14	14.38723992687172	1.68491078695743	-1.68491078695743
1829	155.85	161.4	-0.008999999999999999	-0.121	1.249	-0.081	5.55	1.259	0.227	1.81	1.746520258844353e-14	14.5663983428093	2.063578658203182	2.063578658203182
1829	165.9	170.4	1.959	-0.024	3.177	-0.004	4.5	1.218	0.271	0.927	1.746520258844353e-14	14.5663983428093	2.063578658203182	2.063578658203182
1950	122.55	123.3	0.228	0.322	-0.15	-0.141	0.75	0.597	0.796	-129.285	3.506492868903526e-14	14.03032525591721	1.190119178653021	-1.190119178653021
1950	147.15	148.2	-0.362	-0.152	-0.8120000000000001	0.145	1.05	0.539	0.513	146.608	3.506492868903526e-14	14.03032525591721	1.190119178653021	-1.190119178653021
2004	142.35	151.8	2.119	0.32	-0.457	0.191	9.449999999999999	2.579	0.273	-177.143	3.32683485534659e-14	14.07941494878707	1.243745697665354	-1.243745697665354
2082	166.65	169.65	-2.458	0.491	-1.3	0.5679999999999999	3	1.161	0.387	3.828	8.276066254287055e-14	12.91305726734147	0.541344210806409	0.541344210806409
2082	170.55	174.75	-1.283	-0.078	-0.01	0.043	4.2	1.279	0.304	5.423	8.276066254287055e-14	12.91305726734147	0.541344210806409	0.541344210806409
2108	239.25	240.6	-0.53	0.146	0.204	0.026	1.35	0.744	0.551	-9.323	1.530284045205401e-14	14.64529928073537	2.273219799626069	2.273219799626069
2116	197.85	200.1	0.277	0.05	-0.95	0.159	2.25	1.232	0.547	174.913	2.445920559546313e-14	14.33575776692927	1.595718466727311	-1.595718466727311
2116	201	204	-0.981	-0.066	-3.024	-0.293	3	2.056	0.6850000000000001	-173.662	2.445920559546313e-14	14.33575776692927	1.595718466727311	-1.595718466727311
2116	204	207	-3.269	-0.226	-1.873	0.08	3	1.429	0.476	12.394	2.445920559546313e-14	14.33575776692927	1.595718466727311	1.595718466727311
2183	217.8	222.6	-2.304	-0.143	0.305	-0.014	4.8	2.612	0.544	2.831	2.94355790495562e-14	14.18741109828438	1.375772553642071	1.375772553642071
2183	229.2	230.7	0.8159999999999999	-0.079	1.723	0.032	1.5	0.914	0.609	6.934	2.94355790495562e-14	14.18741109828438	1.375772553642071	1.375772553642071
2199	230.25	231	0.475	0.037	-0.137	-0.175	0.75	0.648	0.863	-160.93	1.577736231404958e-14	14.62758738804874	2.223405154942883	-2.223405154942883
2231	260.55	267.9	-2.74	-0.381	0.6909999999999999	0.135	7.35	3.47	0.472	8.565	5.667589720199166e-14	13.4915715427148	0.7790687890025237	0.7790687890025237
98	145.35	146.55	-0.547	-0.038	-1.494	0.26	1.2	0.993	0.827	162.545	1.912461323717228e-14	14.50866741300778	1.928379720319027	-1.928379720319027
125	137.55	139.05	-0.316	-0.079	-0.034	0.124	1.5	0.348	0.232	35.772	1.740858517460318e-14	14.56840827476387	2.06854524406106	2.06854524406106
163	195.9	198.3	-0.207	0.021	0.126	0.5570000000000001	2.4	0.631	0.263	58.16	5.184500279983063e-14	13.60559943823476	0.8453503608959201	0.8453503608959201
226	161.4	162.15	-0.142	0.264	0.271	0.115	0.75	0.439	0.586	-19.885	2.936785696686532e-14	14.18936361130694	1.378356275949443	1.378356275949443
251	120.9	121.65	-0.189	-0.102	-0.466	0.43	0.75	0.6	0.8	117.512	1.496483473713695e-14	14.65806444428953	2.310189256346441	-2.310189256346441
252	125.7	126.75	-0.269	0.427	-0.039	0.015	1.05	0.472	0.449	-60.822	1.100291364171674e-14	14.81895119857592	2.86740660690669	2.86740660690669
285	214.2	216	-0.14	0.042	0.525	0.029	1.8	0.665	0.37	-1.074	6.98678726950087e-15	15.0144968892996	3.872939543171717	3.872939543171717
285	216.9	219.15	0.628	-0.051	1.311	-0.134	2.25	0.6879999999999999	0.306	-6.871	6.98678726950087e-15	15.0144968892996	3.872939543171717	3.872939543171717
285	219.6	220.5	1.379	-0.166	1.666	-0.216	0.9	0.291	0.324	-9.823	6.98678726950087e-15	15.0144968892996	3.872939543171717	3.872939543171717
306	185.4	187.65	-0.954	0.502	-1.766	0.023	2.25	0.9429999999999999	0.419	-149.447	5.372414087625399e-14	13.56090207031681	0.8183525442731723	-0.8183525442731723
310	186.9	187.65	-0.059	0.364	-1.127	-0.336	0.75	1.277	1.703	-146.75	6.116934632803937e-14	13.38789006326632	0.7256061158691869	-0.7256061158691869
320	163.2	166.35	-0.766	0.018	0.416	-0.008999999999999999	3.15	1.182	0.375	-1.29	9.661898544373616e-15	14.87949744106546	3.131587564436489	3.131587564436489
320	169.05	171.75	-0.384	0.01	0.918	0.052	2.7	1.303	0.482	1.815	9.661898544373616e-15	14.87949744106546	3.131587564436489	3.131587564436489
370	127.95	128.7	-0.311	0.017	-0.502	-0.778	0.75	0.8169999999999999	1.09	-103.512	4.746714229092338e-16	15.65122290880912	17.87426443622124	-17.87426443622124
377	194.4	195.75	-0.24	-0.281	0.073	0.147	1.35	0.53	0.393	53.832	1.791895661540646e-14	14.55038945044321	2.024664934800469	2.024664934800469
384	175.8	177	-0.23	-0.195	-0.994	-0.694	1.2	0.913	0.761	-146.835	4.225015320956211e-14	13.84193555364338	1.014331404270732	-1.014331404270732
426	181.5	182.85	-0.976	1.138	-0.571	0.521	1.35	0.738	0.546	-56.697	1.422159567394723e-15	15.46124554553798	9.88853442152689	9.88853442152689
445	137.85	139.2	-0.077	0.264	0.6840000000000001	0.504	1.35	0.798	0.591	17.515	3.219167798888884e-14	14.10927985682248	1.278226120484036	1.278226120484036
459	151.5	153	-0.59	-0.078	-1.516	0.127	1.5	0.948	0.632	167.497	5.387929396614596e-15	15.10875428004939	4.561393957136923	-4.561393957136923
472	140.85	143.4	-0.549	-0.097	-1.634	0.403	2.55	1.195	0.469	155.242	8.301257366988064e-14	12.90769168698585	0.539699780489071	-0.539699780489071
499	132.75	135.15	-0.008999999999999999	-0.027	0.858	0.133	2.4	0.882	0.367	10.445	3.991560387136712e-14	13.90188968775217	1.065636400926848	1.065636400926848
539	161.25	162.6	-0.286	0.002	-1.616	-0.102	1.35	1.334	0.988	-175.539	7.468731831026521e-15	14.98841923971521	3.710239387793312	-3.710239387793312
539	165.45	167.55	-1.681	-0.161	-3.043	-0.219	2.1	1.363	0.649	-177.551	7.468731831026521e-15	14.98841923971521	3.710239387793312	-3.710239387793312
564	142.8	144.15	0.137	0.126	-0.423	0.221	1.35	0.5679999999999999	0.421	170.355	1.802628082003333e-14	14.5466283099182	2.015685766423124	-2.015685766423124
589	134.4	135.6	-0.161	0.405	-0.62	0.074	1.2	0.5659999999999999	0.472	-144.181	9.50402192018275e-15	14.88689030585034	3.166368816880099	-3.166368816880099
589	135.75	136.65	-0.571	0.15	-1.209	0.27	0.9	0.649	0.721	169.316	9.50402192018275e-15	14.88689030585034	3.166368816880099	-3.166368816880099
590	127.8	129.15	-0.234	-0.03	0.29	-0.119	1.35	0.531	0.394	-9.625	2.220198373031617e-14	14.40685319353042	1.720922404803739	1.720922404803739
590	136.95	140.1	0.852	-0.075	1.712	-1.444	3.15	1.617	0.513	-57.859	2.220198373031617e-14	14.40685319353042	1.720922404803739	1.720922404803739
595	166.65	169.2	-0.433	0.05	-1.743	0.003	2.55	1.311	0.514	-177.934	1.330745838664941e-14	14.72262931977168	2.512067115496001	-2.512067115496001
607	182.7	184.05	-0.199	0.284	0.499	0.016	1.35	0.748	0.554	-21.022	1.360076154543127e-14	14.71094818576023	2.473591955617697	2.473591955617697
607	186.6	188.85	0.898	0.13	2.001	0.031	2.25	1.107	0.492	-5.163	1.360076154543127e-14	14.71094818576023	2.473591955617697	2.473591955617697
607	193.8	195.15	2.02	0.3	2.44	0.164	1.35	0.442	0.327	-17.998	1.360076154543127e-14	14.71094818576023	2.473591955617697	2.473591955617697
607	199.65	201	3.281	0.059	3.749	0.148	1.35	0.476	0.353	10.712	1.360076154543127e-14	14.71094818576023	2.473591955617697	2.473591955617697
607	202.35	206.1	3.909	0.21	5.411	0.264	3.75	1.503	0.401	2.086	1.360076154543127e-14	14.71094818576023	2.473591955617697	2.473591955617697
618	255	256.05	-0.099	-0.005	0.021	-0.105	1.05	0.156	0.148	-39.601	1.230959891275897e-14	14.76328872511716	2.653376493560327	2.653376493560327
635	122.55	123.9	-2.186	0.091	-3.17	0.156	1.35	0.986	0.73	176.21	1.311289794275941e-14	14.73044321885047	2.538317369921642	-2.538317369921642
635	127.2	128.25	-3.436	0.08500000000000001	-3.945	0.096	1.05	0.509	0.485	178.856	1.311289794275941e-14	14.73044321885047	2.538317369921642	-2.538317369921642
635	129.15	130.95	-4.399	0.06	-5.603	0.276	1.8	1.223	0.68	169.814	1.311289794275941e-14	14.73044321885047	2.538317369921642	-2.538317369921642
635	131.7	134.7	-5.863	0.16	-7.651	0.439	3	1.81	0.603	171.149	1.311289794275941e-14	14.73044321885047	2.538317369921642	-2.538317369921642
643	148.95	150	0.608	-0.005	1.16	0.041	1.05	0.554	0.528	4.778	1.688099339151226e-14	14.58727486102154	2.116072082651264	2.116072082651264
643	150.6	153.3	1.374	0.07000000000000001	2.68	-0.284	2.7	1.353	0.501	-15.153	1.688099339151226e-14	14.58727486102154	2.116072082651264	2.116072082651264
661	190.35	193.95	-0.335	-0.003	0.987	0.101	3.6	1.326	0.368	4.508	2.141161137706107e-14	14.43242152870191	1.769675027515745	1.769675027515745
678	121.95	122.7	-0.699	0.029	-1.054	-0.06	0.75	0.366	0.488	-165.948	2.202573666790424e-14	14.41252257933954	1.731552755676736	-1.731552755676736
678	127.35	129	-1.193	0.08599999999999999	-2.265	-0.064	1.65	1.082	0.656	-172.02	2.202573666790424e-14	14.41252257933954	1.731552755676736	-1.731552755676736
683	204.6	205.95	-0.014	0.09	-0.609	0.076	1.35	0.595	0.441	-178.643	4.310169957351289e-14	13.82033390809573	0.9967838781878408	-0.9967838781878408
720	166.2	167.55	-0.43	0.348	-1.415	0.079	1.35	1.021	0.756	-164.763	4.889627437478956e-14	13.67670088570139	0.8912643321282631	-0.8912643321282631
720	168.9	170.55	-1.839	0.222	-2.745	0.143	1.65	0.909	0.551	-175.036	4.889627437478956e-14	13.67670088570139	0.8912643321282631	-0.8912643321282631
739	183.3	190.05	-0.554	-0.057	-4.31	0.1	6.75	3.759	0.5570000000000001	177.601	3.49069701998411e-14	14.03460567326228	1.194651172499022	-1.194651172499022
739	191.85	201.45	-4.457	0.008999999999999999	-1.071	-0.108	9.6	3.388	0.353	-1.973	3.49069701998411e-14	14.03460567326228	1.194651172499022	1.194651172499022
769	130.8	132.9	-0.247	0.028	-1.586	0.052	2.1	1.339	0.638	178.979	3.286024468543521e-14	14.09069418317837	1.256596835816673	-1.256596835816673
797	139.8	140.7	-0.099	0.206	-0.458	0.18	0.9	0.36	0.4	-175.784	1.896379370958329e-14	14.51416728263956	1.940665285831151	-1.940665285831151
798	181.2	183.75	-0.261	-0.208	0.361	-0.211	2.55	0.622	0.244	-0.245	4.491660451489468e-15	15.16855704625147	5.099305350079006	5.099305350079006
810	143.55	144.75	-0.712	0.178	-0.426	0.067	1.2	0.307	0.256	-21.328	1.234658313294889e-14	14.76175496997384	2.647827888218401	2.647827888218401
880	128.25	129.6	-0.033	0.175	-0.52	0.32	1.35	0.508	0.376	163.413	1.564701398493571e-14	14.63242903071743	2.236855004928037	-2.236855004928037
884	150.9	153.45	-1.382	0.262	-6.552	0.006	2.55	5.176	2.03	-177.169	3.26678440528924e-14	14.09602892780723	1.26274684470237	-1.26274684470237
898	165	168.75	-0.228	0.166	-0.455	0.23	3.75	0.236	0.063	164.214	1.592985948545953e-14	14.62194533431832	2.207887439395901	-2.207887439395901
904	136.5	137.4	-0.305	-0.013	-0.014	0.293	0.9	0.422	0.469	46.439	2.594649150695003e-14	14.2903110299991	1.522884876462485	1.522884876462485
927	157.35	159	-0.29	0.101	-0.146	0.089	1.65	0.145	0.08799999999999999	-5.117	1.217528162667874e-14	14.76887717516102	2.673744541244789	2.673744541244789
930	123.15	126.45	-0.19	0.22	0.477	0.079	3.3	0.6820000000000001	0.207	-11.943	1.040031870938128e-14	14.84568503153506	2.979695311027921	2.979695311027921
930	127.8	129	0.588	0.073	0.795	0.102	1.2	0.209	0.174	8.023	1.040031870938128e-14	14.84568503153506	2.979695311027921	2.979695311027921
930	135.15	136.95	1.049	0.164	1.805	0.128	1.8	0.757	0.42	-2.686	1.040031870938128e-14	14.84568503153506	2.979695311027921	2.979695311027921
930	140.25	142.05	2.359	0.26	2.868	-0.12	1.8	0.635	0.353	-36.763	1.040031870938128e-14	14.84568503153506	2.979695311027921	2.979695311027921
935	182.55	183.75	-0.613	-0.047	-0.119	0.155	1.2	0.534	0.445	22.294	1.324271823822221e-14	14.72522352986517	2.520736000538521	2.520736000538521
942	136.95	137.85	-0.5610000000000001	0.093	-1.038	-0.133	0.9	0.528	0.586	-154.692	4.608224770125727e-14	13.74575804691932	0.9397019815218337	-0.9397019815218337
942	138.3	139.05	-1.131	0.135	-1.509	0.183	0.75	0.381	0.508	172.742	4.608224770125727e-14	13.74575804691932	0.9397019815218337	-0.9397019815218337
942	139.5	141.6	-1.454	-0.11	-2.933	-0.175	2.1	1.48	0.705	-177.477	4.608224770125727e-14	13.74575804691932	0.9397019815218337	-0.9397019815218337
946	122.4	124.35	-0.057	0.083	-0.641	0.099	1.95	0.584	0.3	178.382	1.343641964085341e-14	14.7174789085018	2.494990820406998	-2.494990820406998
946	127.8	128.7	-0.958	-0.099	-1.492	-0.044	0.9	0.537	0.596	174.156	1.343641964085341e-14	14.7174789085018	2.494990820406998	-2.494990820406998
1023	124.5	125.4	-0.275	-0.11	-0.007	0.098	0.9	0.339	0.377	37.824	1.04402910263268e-14	14.84388879340482	2.971942224424575	2.971942224424575
1028	120.45	121.65	-1.95	0.444	-2.784	-0.244	1.2	1.081	0.901	-140.471	4.681202643549149e-14	13.72772889887602	0.9266665459495641	-0.9266665459495641
1041	159.3	160.2	-0.221	0.622	0.22	-0.141	0.9	0.881	0.979	-59.967	2.423622921184159e-14	14.34266241559783	1.607252780678641	1.607252780678641
1042	130.5	134.1	1.837	-0.127	0.494	0.164	3.6	1.374	0.382	167.766	4.081602531996162e-14	13.87863446598869	1.045266481170793	-1.045266481170793
1042	226.8	236.25	-1.216	0.097	-6.149	0.227	9.449999999999999	4.935	0.522	178.493	4.081602531996162e-14	13.87863446598869	1.045266481170793	-1.045266481170793
1042	274.2	275.1	-5.9	0.06900000000000001	-6.945	0.108	0.9	1.046	1.162	177.876	4.081602531996162e-14	13.87863446598869	1.045266481170793	-1.045266481170793
1064	145.8	146.55	-1.31	-0.041	-1.75	-0.103	0.75	0.444	0.592	-172.039	3.479012697395263e-14	14.0377762435003	1.198025372503384	-1.198025372503384
1069	125.25	126.75	-1.034	0.284	-2.448	-0.22	1.5	1.501	1.001	-160.38	3.259889239993783e-14	14.09794347484162	1.264965351642652	-1.264965351642652
1069	127.8	129	-2.558	0.256	-3.238	-0.114	1.2	0.774	0.645	-151.45	3.259889239993783e-14	14.09794347484162	1.264965351642652	-1.264965351642652
1097	136.05	136.95	-0.239	-0.07099999999999999	-0.352	0.109	0.9	0.212	0.236	122.151	2.74014451465735e-14	14.24680715032767	1.457858741272505	-1.457858741272505
1101	187.95	190.2	-0.274	0.062	0.8100000000000001	0.104	2.25	1.085	0.482	2.21	1.593381389266135e-14	14.62179934645296	2.207488122683267	2.207488122683267
1101	190.65	194.25	0.336	0.07099999999999999	2.321	0.078	3.6	1.985	0.551	0.202	1.593381389266135e-14	14.62179934645296	2.207488122683267	2.207488122683267
1101	195.45	197.55	2.542	0.274	3.258	0.492	2.1	0.749	0.356	16.949	1.593381389266135e-14	14.62179934645296	2.207488122683267	2.207488122683267
1112	135.9	136.8	-0.118	0.334	0.384	-0.067	0.9	0.643	0.714	-38.646	2.370258738567502e-14	14.3592887119616	1.635560153377361	1.635560153377361
1133	159.6	163.35	-0.079	0.054	0.8110000000000001	0.714	3.75	1.108	0.296	36.577	1.792307286212995e-14	14.55024502161374	2.024319000417512	2.024319000417512
1150	123.3	124.8	-0.599	-0.315	-1.017	-0.13	1.5	0.457	0.305	156.157	2.987841669140278e-14	14.17468387561811	1.359112864677207	-1.359112864677207
1150	129.45	130.5	-1.593	-0.456	-2.031	-0.39	1.05	0.443	0.422	171.422	2.987841669140278e-14	14.17468387561811	1.359112864677207	-1.359112864677207
1158	241.05	243	-1.111	0.272	-2.204	0.894	1.95	1.258	0.645	150.341	6.414050742479339e-14	13.32043416543354	0.6938506561614878	-0.6938506561614878
1162	125.7	127.35	-0.278	0.207	0.06	0.18	1.65	0.339	0.206	-4.593	4.397208610073324e-14	13.79839377679448	0.9794408778394459	0.9794408778394459
1209	135.75	136.5	-0.154	0.335	-0.607	-0.387	0.75	0.853	1.137	-122.096	5.770525671759464e-14	13.4676306433926	0.7661869469504432	-0.7661869469504432
1248	146.4	147.45	-0.141	0.122	-0.411	-0.305	1.05	0.505	0.481	-122.313	1.952682638888889e-14	14.49499601123362	1.898352913805371	-1.898352913805371
1262	152.4	153.45	-0.232	-0.271	0.28	0.392	1.05	0.837	0.797	52.291	5.460669281030124e-14	13.54006362199368	0.8062246127618506	0.8062246127618506
1264	147	148.95	-0.414	0.233	-1.118	0.473	1.95	0.744	0.381	161.194	5.245853776197015e-14	13.59095552692623	0.8363535417621661	-0.8363535417621661
1280	199.05	199.8	0.535	0.006	-0.008999999999999999	0.341	0.75	0.639	0.852	148.339	2.666119790581981e-14	14.26882847568636	1.490227080507443	-1.490227080507443
1288	172.95	178.05	3.938	0.677	5.649	0.737	5.1	1.712	0.336	2.003	6.269711314292399e-15	15.0551380713587	4.148995064249588	4.148995064249588
1288	182.85	190.95	6.671	0.776	10.859	0.679	8.1	4.189	0.517	-1.338	6.269711314292399e-15	15.0551380713587	4.148995064249588	4.148995064249588
1288	208.95	213	11.502	0.722	13.066	0.781	4.05	1.565	0.386	2.134	6.269711314292399e-15	15.0551380713587	4.148995064249588	4.148995064249588
1316	122.25	123.45	-1.012	-0.211	-1.555	0.181	1.2	0.67	0.5580000000000001	144.146	6.576432949278068e-14	13.28390350038595	0.6775561714079784	-0.6775561714079784
1339	168.6	169.5	-0.065	0.09	-0.999	0.094	0.9	0.9340000000000001	1.038	179.699	8.929051856720065e-14	12.77494739688875	0.5014049238049475	-0.5014049238049475
1352	213	214.05	-0.709	-0.261	-0.342	0.038	1.05	0.473	0.451	39.17	2.137546814243445e-14	14.43359977969328	1.771972692363273	1.771972692363273
1409	124.95	126	-0.257	0.15	-0.877	-0.448	1.05	0.861	0.82	-136.058	6.374080901123282e-14	13.32946149297113	0.6979723647378687	-0.6979723647378687
1518	120.6	122.55	-0.543	0.131	0.291	-0.022	1.95	0.848	0.435	-10.432	1.233243326388888e-14	14.76234151822462	2.64994772658363	2.64994772658363
1518	149.55	154.65	1.375	0.052	3.391	0.27	5.1	2.028	0.398	6.174	1.233243326388888e-14	14.76234151822462	2.64994772658363	2.64994772658363
1572	146.4	148.65	-0.158	0.027	-0.453	1.327	2.25	1.334	0.593	102.78	5.12379211443402e-15	15.12575141679896	4.705185138588696	-4.705185138588696
1582	265.95	267	0.004	0.02	-0.485	0.07000000000000001	1.05	0.492	0.468	174.122	1.353521298001554e-14	14.7135486439741	2.482078998905475	-2.482078998905475
1667	120.15	121.95	-2.923	-0.133	-3.809	-0.143	1.8	0.886	0.492	-179.354	4.762263097029028e-14	13.70780315837562	0.9125853820754783	-0.9125853820754783
1668	131.1	134.85	-0.923	0.445	0.322	0.327	3.75	1.251	0.334	-5.445	2.71229389782003e-14	14.25506566026278	1.469869280455693	1.469869280455693
1668	144.3	145.35	0.642	0.201	0.875	0.222	1.05	0.234	0.223	5.093	2.71229389782003e-14	14.25506566026278	1.469869280455693	1.469869280455693
1721	126.3	127.95	-0.9399999999999999	0.314	-0.672	0.265	1.65	0.272	0.165	-10.217	6.08004968641878e-15	15.06630227281566	4.230069545958869	4.230069545958869
1784	176.25	177.45	0.004	0.006	-0.441	-0.016	1.2	0.446	0.371	-177.11	1.030718179210441e-14	14.84988342873008	2.997937517464975	-2.997937517464975
1800	132.15	133.2	-0.219	0.059	0.054	0.133	1.05	0.283	0.269	15.157	1.854766449464923e-14	14.52849005269644	1.9732291563133	1.9732291563133
1931	138.6	139.5	0.06900000000000001	-0.007	-0.571	0.021	0.9	0.641	0.712	177.491	3.818004870523416e-14	13.94720727425415	1.10714851999369	-1.10714851999369
1939	207.15	207.9	-0.18	-0.08400000000000001	-0.271	-0.375	0.75	0.305	0.406	-107.382	2.43752892041638e-14	14.33835341606258	1.600039528877249	-1.600039528877249
1947	146.85	151.65	-0.07199999999999999	0.008999999999999999	-0.84	-0.188	4.8	0.793	0.165	-165.681	2.675541140388102e-14	14.26601303899286	1.486027254292504	-1.486027254292504
1956	124.8	130.2	-0.034	0.167	-2.902	0.025	5.4	2.871	0.532	-177.174	1.888478973832181e-14	14.51687629364689	1.946760871301049	-1.946760871301049
1961	152.25	153.9	-0.14	-0.077	-0.369	0.367	1.65	0.5	0.303	117.241	1.683416614925736e-15	15.42562317862766	9.004686112628823	-9.004686112628823
2159	248.7	250.5	-0.159	0.078	0.886	-0.114	1.8	1.062	0.59	-10.4	4.710227148071618e-14	13.72058232557073	0.9215774099904591	0.9215774099904591
2164	194.1	194.85	-0.147	-0.114	0.305	-0.036	0.75	0.459	0.612	9.787000000000001	5.447479621301774e-14	13.54317184158849	0.8080156552138974	0.8080156552138974
2237	216.75	220.65	-4.062	0.006	-2.056	0.014	3.9	2.006	0.514	0.222	9.621198788758836e-15	14.88139751232842	3.140471069380071	3.140471069380071
2237	225.15	226.65	-1.127	0.016	-0.179	-0.028	1.5	0.949	0.633	-2.651	9.621198788758836e-15	14.88139751232842	3.140471069380071	3.140471069380071
2237	234.3	236.55	0.5649999999999999	-0.03	1.705	-0.015	2.25	1.14	0.507	0.767	9.621198788758836e-15	14.88139751232842	3.140471069380071	3.140471069380071
2237	243.3	247.05	3.586	0.053	5.3	-0.02	3.75	1.716	0.457	-2.418	9.621198788758836e-15	14.88139751232842	3.140471069380071	3.140471069380071
2262	269.7	270.45	-0.639	0.24	0.266	0.146	0.75	0.91	1.213	-5.988	1.884096962201908e-14	14.51838091503777	1.950159145480482	1.950159145480482
2300	273.3	274.8	-1.671	-0.002	-0.882	-0.058	1.5	0.791	0.527	-4.031	8.949661772815736e-15	14.91334706224796	3.295785049697232	3.295785049697232
2300	276.45	279.75	-0.599	-0.135	0.709	-0.083	3.3	1.309	0.397	2.276	8.949661772815736e-15	14.91334706224796	3.295785049697232	3.295785049697232
242	188.4	189.15	-0.186	0.019	0.145	0.264	0.75	0.412	0.549	36.54	2.250578312298742e-14	14.39712293090662	1.702910318971892	1.702910318971892
325	122.25	123.15	-0.34	0.109	0.007	-0.034	0.9	0.375	0.417	-22.319	1.52438669650119e-14	14.64751738579142	2.279578410083777	2.279578410083777
330	138	141.3	-0.22	-0.011	0.07099999999999999	0.571	3.3	0.651	0.197	63.46	2.959922437384138e-14	14.18269978962546	1.369568915641535	1.369568915641535
338	126.3	127.05	-0.351	-0.177	-1.083	0.227	0.75	0.836	1.115	151.084	4.624426446208497e-14	13.74174791754247	0.9367779318700185	-0.9367779318700185
338	132.45	133.65	-1.285	-0.214	-1.883	0.542	1.2	0.964	0.803	128.353	4.624426446208497e-14	13.74174791754247	0.9367779318700185	-0.9367779318700185
341	133.95	135.15	0.0009	0.276	-0.953	-0.038	1.2	1.004	0.837	-161.776	1.983354249772962e-14	14.48464913264675	1.876102436280424	-1.876102436280424
356	129.75	138.9	-0.529	0.061	2.205	0.143	9.15	2.735	0.299	1.715	1.466277350324407e-14	14.66958135321559	2.344339133145472	2.344339133145472
356	142.2	144.45	2.829	0.363	3.67	0.291	2.25	0.844	0.375	-4.925	1.466277350324407e-14	14.66958135321559	2.344339133145472	2.344339133145472
356	145.05	147	3.748	0.508	4.454	0.152	1.95	0.791	0.405	-26.757	1.466277350324407e-14	14.66958135321559	2.344339133145472	2.344339133145472
384	199.65	202.95	-0.041	-0.016	1.471	-0.064	3.3	1.513	0.458	-1.798	3.142027931938059e-14	14.1308959228185	1.304115660340116	1.304115660340116
405	177.75	178.5	-0.137	0.039	0.172	-0.108	0.75	0.342	0.456	-25.337	4.512365061634346e-14	13.76957427484211	0.9573651863798727	0.9573651863798727
429	136.2	139.8	-0.348	-0.037	-1.852	-0.178	3.6	1.511	0.42	-174.651	2.337816536383494e-14	14.36946837726261	1.653272555923857	-1.653272555923857
429	139.8	142.5	-1.89	-0.035	-0.494	-0.113	2.7	1.398	0.518	-3.186	2.337816536383494e-14	14.36946837726261	1.653272555923857	1.653272555923857
431	167.25	169.05	0.115	0.095	-0.376	-0.514	1.8	0.782	0.434	-128.907	1.197832999681121e-14	14.77712423511942	2.704241271471169	-2.704241271471169
432	135.6	136.8	0.022	0.206	0.721	0.177	1.2	0.7	0.583	-2.407	2.31990141148543e-14	14.37511363592317	1.663222834349792	1.663222834349792
440	145.8	149.25	-0.241	0.049	0.8149999999999999	0.017	3.45	1.056	0.306	-1.732	1.364722188928711e-14	14.70910846666661	2.467614477952178	2.467614477952178
466	136.35	137.25	-0.302	0.127	0.066	-0.007	0.9	0.392	0.435	-19.957	8.871516234282525e-15	14.91714199840525	3.315007239769908	3.315007239769908
492	174	176.1	-1.664	2.495	-2.648	2.473	2.1	0.984	0.469	-178.718	1.144858187703058e-14	14.79963022670504	2.790221087700956	-2.790221087700956
492	177	178.35	-2.931	2.561	-3.578	2.616	1.35	0.649	0.481	175.098	1.144858187703058e-14	14.79963022670504	2.790221087700956	-2.790221087700956
495	163.05	166.8	-0.199	0.145	0.675	0.136	3.75	0.874	0.233	-0.641	4.680769563001598e-14	13.72783563645539	0.9267428869994342	0.9267428869994342
519	127.8	128.85	-0.311	0.274	0.122	0.311	1.05	0.435	0.414	4.874	1.952365831024932e-14	14.49510323491081	1.898585611302475	1.898585611302475
559	215.1	216.3	7.441	-0.113	6.179	-0.294	1.2	1.275	1.062	-171.825	4.339724958156938e-14	13.81286831765814	0.9908292005360609	-0.9908292005360609
559	217.05	221.4	6.14	-0.194	-0.127	-0.274	4.35	6.268	1.441	-179.265	4.339724958156938e-14	13.81286831765814	0.9908292005360609	-0.9908292005360609
562	250.2	251.85	-0.297	-0.063	0.251	0.02	1.65	0.554	0.336	8.612	2.803428187277529e-14	14.22815793859561	1.431287868610052	1.431287868610052
565	125.25	126.15	-0.3	-0.177	-0.533	0.357	0.9	0.583	0.648	113.564	2.785979815093765e-14	14.23328396560625	1.438516280948203	-1.438516280948203
575	145.5	151.8	-0.128	0.145	-0.607	0.029	6.3	0.493	0.078	-166.311	4.29692793718587e-14	13.82368410276179	0.9994741946085557	-0.9994741946085557
577	168.3	170.55	-0.485	0.143	-1.801	-0.161	2.25	1.351	0.6	-167.002	1.772275548234354e-14	14.55729013096273	2.041299625341873	-2.041299625341873
600	182.25	183.6	-0.207	-0.066	0.167	0.048	1.35	0.391	0.29	16.971	2.212354521262147e-14	14.40937410805823	1.725636799284676	1.725636799284676
604	133.8	134.55	-0.8120000000000001	-0.223	-0.681	-0.014	0.75	0.246	0.329	57.891	1.13679012298584e-14	14.80310093883314	2.803850928967402	2.803850928967402
607	134.7	138.3	-0.3	0.192	1.273	0.08	3.6	1.577	0.438	-4.075	2.510384435856348e-14	14.31593228837873	1.563299504066729	1.563299504066729
643	129.3	130.35	-2.038	0.288	-2.354	0.242	1.05	0.319	0.304	-171.684	2.327367713155457e-14	14.37275883350356	1.659061102161028	-1.659061102161028
669	164.25	166.2	-0.138	0.039	-0.418	0.261	1.95	0.358	0.183	141.535	4.558180466172841e-14	13.75817218651229	0.948844823490539	-0.948844823490539
685	237.45	239.85	-0.099	0.022	-1.539	0.053	2.4	1.44	0.6	178.772	1.561985297994015e-14	14.63344013068408	2.239679515406546	-2.239679515406546
690	184.95	185.85	0.238	-0.153	0.806	0.027	0.9	0.596	0.662	17.543	2.61105738785129e-14	14.28535932590018	1.515260029974712	1.515260029974712
690	187.2	189	-0.312	-0.035	0.466	0.005	1.8	0.779	0.433	2.953	2.61105738785129e-14	14.28535932590018	1.515260029974712	1.515260029974712
690	188.7	189.45	0.466	-0.03	0.68	0.236	0.75	0.342	0.455	51.198	2.61105738785129e-14	14.28535932590018	1.515260029974712	1.515260029974712
705	192.9	194.25	-0.07099999999999999	0.178	0.613	0.11	1.35	0.6870000000000001	0.509	-5.711	2.415737109375001e-14	14.34511025041511	1.611372789427719	1.611372789427719
722	172.8	174.45	-0.182	0.204	0.9360000000000001	0.174	1.65	1.118	0.678	-1.492	4.525998571328575e-14	13.76617756630509	0.9548145079955076	0.9548145079955076
726	145.35	149.7	-0.136	0.065	1.414	0.171	4.35	1.554	0.357	3.909	2.735506086194301e-14	14.24818037787445	1.459845331430315	1.459845331430315
752	127.95	129.3	-0.323	0.368	0.114	0.197	1.35	0.469	0.348	-21.377	2.514948614958449e-14	14.31453612163988	1.561054816806876	1.561054816806876
772	203.7	204.6	-0.153	0.076	0.179	0.089	0.9	0.332	0.369	2.307	2.367802417352538e-14	14.36005752559257	1.636887647505892	1.636887647505892
799	158.55	160.2	-0.206	0.155	0.431	-0.032	1.65	0.664	0.402	-16.335	1.149491666969348e-14	14.79764226859315	2.782459656665976	2.782459656665976
829	123.9	124.65	0.111	0.126	-0.448	-0.176	0.75	0.635	0.847	-151.646	2.171499149305842e-14	14.42256301160382	1.750628535079807	-1.750628535079807
904	124.8	134.4	0.037	0.041	3.743	-0.075	9.6	3.708	0.386	-1.796	1.992360537505941e-14	14.48162353000505	1.869671670393027	1.869671670393027
904	146.25	149.4	4.451	0.167	5.814	0.188	3.15	1.363	0.433	0.908	1.992360537505941e-14	14.48162353000505	1.869671670393027	1.869671670393027
904	161.7	163.35	5.85	0.189	6.351	0.171	1.65	0.501	0.304	-2.068	1.992360537505941e-14	14.48162353000505	1.869671670393027	1.869671670393027
931	224.55	227.25	-0.233	0.172	-1.998	0.174	2.7	1.765	0.654	179.924	3.945673222575027e-14	13.9138069824618	1.076315430431496	-1.076315430431496
938	155.7	160.35	0.029	0.059	1.578	0.222	4.65	1.557	0.335	5.984	3.306620019150145e-14	14.08499581814589	1.250078748108911	1.250078748108911
944	168.6	169.8	-0.251	0.32	-0.5600000000000001	0.238	1.2	0.32	0.266	-165.161	3.23870136495845e-14	14.10383561756444	1.271830967673309	-1.271830967673309
949	127.35	128.7	-0.286	0.293	0.231	-0.22	1.35	0.728	0.54	-44.781	2.509432974460515e-14	14.31622346061181	1.563768263372112	1.563768263372112
958	134.7	136.05	-0.232	0.242	-0.96	0.225	1.35	0.728	0.539	-178.673	2.780902541939321e-14	14.23477783104012	1.440633452532535	-1.440633452532535
975	136.8	137.85	-0.095	0.373	-0.6889999999999999	0.139	1.05	0.638	0.608	-158.487	3.184116780551882e-14	14.11907859933689	1.289862531879047	-1.289862531879047
995	168.15	173.55	-0.249	0.222	1.727	0.026	5.4	1.986	0.368	-5.656	3.02813194414608e-14	14.16316414387866	1.344301191466114	1.344301191466114
995	175.05	181.35	1.277	-0.066	3.235	0.136	6.3	1.968	0.312	5.883	3.02813194414608e-14	14.16316414387866	1.344301191466114	1.344301191466114
1009	185.1	186.3	-0.359	0.083	0.356	0.089	1.2	0.715	0.596	0.501	2.221952738015107e-14	14.40628985164882	1.719871600945052	1.719871600945052
1054	151.5	155.4	-0.015	-0.08500000000000001	-0.604	0.162	3.9	0.638	0.164	157.294	3.082462218798688e-14	14.14771793983527	1.324829544297409	-1.324829544297409
1072	131.4	132.15	-0.231	0.191	-0.628	0.123	0.75	0.403	0.537	-170.306	2.231682368020843e-14	14.40316881018554	1.714067756099316	-1.714067756099316
1075	134.55	136.5	-0.076	0.037	0.505	0.351	1.95	0.66	0.339	28.362	3.291220800000002e-14	14.08925527846715	1.254945980202695	1.254945980202695
1075	138	139.2	0.572	0.044	1.023	-0.08699999999999999	1.2	0.47	0.391	-16.24	3.291220800000002e-14	14.08925527846715	1.254945980202695	1.254945980202695
1110	134.55	135.45	-0.139	0.3	-0.29	0.24	0.9	0.163	0.181	-158.303	3.88941366589773e-14	13.92848061444723	1.089694681528243	-1.089694681528243
1141	135.6	136.95	-0.349	0.273	-0.042	0.133	1.35	0.337	0.25	-24.521	4.54751688776732e-14	13.76082285178815	0.950814985035691	0.950814985035691
1237	131.85	136.5	-0.285	0.113	1.353	0.341	4.65	1.654	0.356	7.921	2.535774177894284e-14	14.3081780188593	1.550895149935856	1.550895149935856
1237	137.55	140.4	0.553	0.138	1.831	0.283	2.85	1.286	0.451	6.461	2.535774177894284e-14	14.3081780188593	1.550895149935856	1.550895149935856
1237	140.7	143.1	0.532	-0.01	1.421	0.208	2.4	0.915	0.381	13.788	2.535774177894284e-14	14.3081780188593	1.550895149935856	1.550895149935856
1283	121.95	124.8	-1.893	-0.021	-3.134	-0.008	2.85	1.241	0.435	179.403	7.875789030470899e-15	14.96707333628502	3.584666928283839	-3.584666928283839
1300	129.75	131.1	-0.234	0.17	-0.729	0.095	1.35	0.501	0.371	-171.409	2.719969428251641e-14	14.25278646997432	1.466539382678735	-1.466539382678735
1424	135	137.1	-0.359	0.05	0.595	0.107	2.1	0.956	0.455	3.436	1.542050791914389e-14	14.64088487732191	2.260645604361643	2.260645604361643
1473	128.55	130.2	-0.271	0.221	-0.093	0.036	1.65	0.257	0.156	-46.23	2.920368560708489e-14	14.19410376054154	1.384660125184066	1.384660125184066
1473	135.15	136.95	-0.095	0.112	0.33	0.17	1.8	0.429	0.238	7.804	2.920368560708489e-14	14.19410376054154	1.384660125184066	1.384660125184066
1473	139.95	140.7	0.368	-0.034	0.5649999999999999	-0.286	0.75	0.32	0.426	-51.933	2.920368560708489e-14	14.19410376054154	1.384660125184066	1.384660125184066
1487	135	142.05	-2.99	-0.031	-1.031	0.032	7.05	1.96	0.278	1.832	1.70394666335523e-14	14.58158153040237	2.101555117529357	2.101555117529357
1487	143.55	144.45	-0.9320000000000001	0.077	-0.301	0.112	0.9	0.632	0.702	3.204	1.70394666335523e-14	14.58158153040237	2.101555117529357	2.101555117529357
1487	149.25	152.85	0.637	0.227	1.887	0.172	3.6	1.251	0.348	-2.516	1.70394666335523e-14	14.58158153040237	2.101555117529357	2.101555117529357
1487	154.8	159.3	2.396	0.322	4.435	0.228	4.5	2.041	0.454	-2.654	1.70394666335523e-14	14.58158153040237	2.101555117529357	2.101555117529357
1487	161.7	168.6	4.951	0.342	7.637	0.364	6.9	2.686	0.389	0.466	1.70394666335523e-14	14.58158153040237	2.101555117529357	2.101555117529357
1489	147.45	149.55	-0.139	-0.039	0.322	0.06900000000000001	2.1	0.474	0.226	13.243	2.359659666295082e-14	14.36260840359297	1.641304102497773	1.641304102497773
1508	147	147.9	-0.376	0.003	-1.41	-0.135	0.9	1.043	1.159	-172.409	1.193930683861369e-14	14.77876583045125	2.710375066566254	-2.710375066566254
1678	128.85	131.1	-0.231	0.343	-1.034	0.167	2.25	0.822	0.365	-167.624	1.15020854830332e-14	14.79733503725511	2.781263096532022	-2.781263096532022
1678	137.25	138.45	-1.637	0.121	-2.595	-0.491	1.2	1.137	0.947	-147.425	1.15020854830332e-14	14.79733503725511	2.781263096532022	-2.781263096532022
1749	194.4	196.2	-0.17	-0.282	-1.062	-0.251	1.8	0.893	0.496	178.028	5.610275470105251e-14	13.50495332756531	0.786417737054669	-0.786417737054669
1756	128.55	129.75	-0.082	0.227	-0.783	0.05	1.2	0.723	0.603	-165.804	1.935917780582056e-14	14.50068006078003	1.910749123702665	-1.910749123702665
1756	131.25	132.75	-0.973	0.076	-1.454	0.004	1.5	0.486	0.324	-171.52	1.935917780582056e-14	14.50068006078003	1.910749123702665	-1.910749123702665
1764	153.15	157.2	0.549	-0.209	-1.265	-0.329	4.05	1.818	0.449	-176.223	2.558924896247171e-14	14.3011335924016	1.539757384700415	-1.539757384700415
1764	168.3	172.5	-1.156	0.02	-3.592	-0.273	4.2	2.453	0.584	-173.157	2.558924896247171e-14	14.3011335924016	1.539757384700415	-1.539757384700415
1806	224.4	230.25	-1.4	-0.027	0.612	-0.092	5.85	2.013	0.344	-1.856	1.020995899885043e-14	14.85428581308106	3.017249520782199	3.017249520782199
1806	231.9	233.7	0.735	-0.059	1.532	-0.052	1.8	0.797	0.443	0.491	1.020995899885043e-14	14.85428581308106	3.017249520782199	3.017249520782199
1806	238.95	241.95	1.027	-0.023	3.138	0.044	3	2.112	0.704	1.806	1.020995899885043e-14	14.85428581308106	3.017249520782199	3.017249520782199
1806	259.5	262.2	2.751	0.063	4.519	-0.0005	2.7	1.769	0.655	-2.054	1.020995899885043e-14	14.85428581308106	3.017249520782199	3.017249520782199
1806	266.85	268.65	5.333	-0.01	6.29	-0.059	1.8	0.958	0.532	-2.935	1.020995899885043e-14	14.85428581308106	3.017249520782199	3.017249520782199
1806	270.45	272.85	6.809	0.064	7.262	-0.026	2.4	0.462	0.192	-11.219	1.020995899885043e-14	14.85428581308106	3.017249520782199	3.017249520782199
1810	120.15	121.35	-0.219	0.361	0.025	0.042	1.2	0.402	0.335	-52.632	3.362546931850317e-14	14.06958468847393	1.232710795763478	1.232710795763478
1860	123.45	127.65	1.369	0.167	-1.543	0.114	4.2	2.912	0.6929999999999999	-178.954	1.008203805976331e-14	14.86010962627393	3.043089644152574	-3.043089644152574
1860	129	130.8	-1.768	0.2	-2.911	-0.08500000000000001	1.8	1.178	0.654	-166.032	1.008203805976331e-14	14.86010962627393	3.043089644152574	-3.043089644152574
1860	133.8	136.5	-3.609	-0.027	-5.208	0.066	2.7	1.602	0.593	176.674	1.008203805976331e-14	14.86010962627393	3.043089644152574	-3.043089644152574
1882	122.55	127.35	-0.588	0.018	-0.05	0.089	4.8	0.543	0.113	7.504	6.710712872406578e-15	15.02986621629537	3.973961395569527	3.973961395569527
1882	133.05	137.85	-0.028	0.126	0.8159999999999999	0.016	4.8	0.851	0.177	-7.446	6.710712872406578e-15	15.02986621629537	3.973961395569527	3.973961395569527
1893	240.45	244.2	-0.363	-0.07099999999999999	-2.127	-0.202	3.75	1.769	0.472	-175.731	3.354886808079118e-14	14.07169014703551	1.23506146213426	-1.23506146213426
1948	229.5	233.25	-0.126	-0.082	-2.926	-0.022	3.75	2.801	0.747	178.774	2.895158418330407e-14	14.20140187983145	1.39445327707799	-1.39445327707799
1950	193.5	197.4	-0.406	-0.201	-1.322	-0.068	3.9	0.926	0.237	171.761	1.405878820246309e-14	14.69293430965975	2.415999820401374	-2.415999820401374
1951	156.3	161.55	-0.22	0.04	0.187	-0.008999999999999999	5.25	0.41	0.078	-6.746	6.16645490291401e-15	15.06119297493251	4.192670054256796	4.192670054256796
1968	177.3	180.9	-0.221	-0.132	-2.248	-0.133	3.6	2.027	0.5629999999999999	-179.963	2.3693044544406e-14	14.35958735987926	1.636075625354276	-1.636075625354276
1970	162.6	165.3	-0.002	-0.231	-1.545	0.124	2.7	1.583	0.586	167.042	2.598978587745231e-14	14.28900332653213	1.52086547661324	-1.52086547661324
1987	180.9	183.3	-0.081	-0.028	-1.162	-0.007	2.4	1.081	0.451	178.855	3.650448586698905e-14	13.9916158255731	1.150318344621291	-1.150318344621291
2071	194.7	200.55	-0.421	-0.2	2.514	0.61	5.85	3.045	0.52	15.43	8.836856181405895e-14	12.79433093373957	0.5067237871194015	0.5067237871194015
2176	234.9	239.25	-4.066	-0.029	-2.701	0.08	4.35	1.369	0.315	4.57	2.066780796007447e-14	14.45683475047034	1.818236084312613	1.818236084312613
2176	264.45	268.5	0.01	-0.07000000000000001	0.92	-0.027	4.05	0.911	0.225	2.697	2.066780796007447e-14	14.45683475047034	1.818236084312613	1.818236084312613
2	145.05	145.8	-0.112	0.169	-0.597	0.19	0.75	0.485	0.647	177.49	4.535796922506227e-14	13.76373832480526	0.9529893506123299	-0.9529893506123299
19	149.55	158.55	-0.543	0.074	2.514	0.008999999999999999	9	3.058	0.34	-1.224	1.690051227309759e-14	14.58657238036121	2.114272585461052	2.114272585461052
19	167.7	170.7	2.711	-0.07099999999999999	3.825	-0.08799999999999999	3	1.114	0.371	-0.867	1.690051227309759e-14	14.58657238036121	2.114272585461052	2.114272585461052
44	202.95	204.15	-0.132	0.142	0.12	0.227	1.2	0.266	0.222	18.602	1.534857415467205e-14	14.6435817580902	2.268314832567338	2.268314832567338
118	166.2	171.6	2.452	-0.006	3.824	-0.127	5.4	1.377	0.255	-5.064	2.656945692779255e-14	14.2715736515939	1.494339762417009	1.494339762417009
118	175.8	181.2	3.903	0.133	1.731	-0.059	5.4	2.18	0.404	-174.943	2.656945692779255e-14	14.2715736515939	1.494339762417009	-1.494339762417009
118	184.95	190.2	0.628	-0.081	-1.867	0.023	5.25	2.497	0.476	177.629	2.656945692779255e-14	14.2715736515939	1.494339762417009	-1.494339762417009
122	183.75	188.25	-1.188	-0.08500000000000001	-0.357	0.006	4.5	0.836	0.186	6.256	2.147148183777115e-14	14.43047155252526	1.765882501723333	1.765882501723333
122	199.05	201.6	0.729	-0.002	1.297	0.095	2.55	0.576	0.226	9.672000000000001	2.147148183777115e-14	14.43047155252526	1.765882501723333	1.765882501723333
122	217.65	218.85	2.541	0.126	3.106	0.14	1.2	0.5649999999999999	0.471	1.417	2.147148183777115e-14	14.43047155252526	1.765882501723333	1.765882501723333
122	228.3	232.35	4.119	0.017	4.924	0.166	4.05	0.819	0.202	10.474	2.147148183777115e-14	14.43047155252526	1.765882501723333	1.765882501723333
122	242.1	246	3.638	0.118	4.373	0.168	3.9	0.737	0.189	3.89	2.147148183777115e-14	14.43047155252526	1.765882501723333	1.765882501723333
276	120.3	121.5	-0.307	-0.221	-0.623	0.255	1.2	0.572	0.476	123.563	3.708701913831365e-14	13.9761001206331	1.134942740555722	-1.134942740555722
301	134.25	138.9	-0.672	0.019	1.154	0.149	4.65	1.831	0.394	4.059	1.662058282092738e-14	14.5966808598981	2.140394671665855	2.140394671665855
301	147.9	155.55	1.932	0.078	4.69	0.161	7.65	2.759	0.361	1.721	1.662058282092738e-14	14.5966808598981	2.140394671665855	2.140394671665855
301	157.5	160.2	3.834	0.023	4.745	0.185	2.7	0.925	0.343	10.089	1.662058282092738e-14	14.5966808598981	2.140394671665855	2.140394671665855
301	161.7	165	3.312	0.042	4.735	0.077	3.3	1.423	0.431	1.4	1.662058282092738e-14	14.5966808598981	2.140394671665855	2.140394671665855
307	122.55	123.3	-0.184	0.044	-0.37	0.259	0.75	0.284	0.379	130.85	1.143454728386547e-14	14.80023312576506	2.792581469071775	-2.792581469071775
315	136.8	137.85	-0.278	-0.054	-0.59	0.257	1.05	0.441	0.42	135.06	2.387405779006799e-14	14.35393048384133	1.626354092983513	-1.626354092983513
373	201.3	202.2	0.06	-0.182	-0.646	-0.183	0.9	0.706	0.784	-179.871	1.731759525484002e-14	14.5716443214179	2.07658018274031	-2.07658018274031
375	226.2	228	-1.077	0.043	-0.6899999999999999	0.006	1.8	0.389	0.216	-5.45	2.057984457092678e-14	14.45974541488959	1.824162174605658	1.824162174605658
375	229.2	232.35	-0.556	0.056	0.741	0.096	3.15	1.298	0.412	1.764	2.057984457092678e-14	14.45974541488959	1.824162174605658	1.824162174605658
375	236.55	243.9	0.915	-0.023	4.305	-0.012	7.35	3.39	0.461	0.191	2.057984457092678e-14	14.45974541488959	1.824162174605658	1.824162174605658
433	130.5	131.4	-0.142	0.08799999999999999	-0.4	-0.004	0.9	0.274	0.304	-160.549	1.907244791649303e-14	14.51044928776848	1.932346951756255	-1.932346951756255
434	204.6	206.1	-0.6919999999999999	0.476	-0.294	0.11	1.5	0.541	0.361	-42.659	1.483702161716283e-14	14.66292486265339	2.324507900982883	2.324507900982883
465	123.75	125.25	-0.585	0.216	-1.35	-0.005	1.5	0.796	0.531	-163.872	2.880494619646282e-14	14.20565771040013	1.400213568331275	-1.400213568331275
465	126.3	128.55	-1.291	0.137	-0.497	0.312	2.25	0.8129999999999999	0.361	12.411	2.880494619646282e-14	14.20565771040013	1.400213568331275	1.400213568331275
465	133.2	135.3	-0.345	0.235	0.527	0.311	2.1	0.875	0.417	4.992	2.880494619646282e-14	14.20565771040013	1.400213568331275	1.400213568331275
488	200.55	205.05	-1.022	-0.08500000000000001	0.324	0.18	4.5	1.372	0.305	11.132	1.269201348469436e-14	14.74753206183648	2.597207460473389	2.597207460473389
488	210.15	213.75	0.799	0.223	1.805	0.383	3.6	1.019	0.283	9.044	1.269201348469436e-14	14.74753206183648	2.597207460473389	2.597207460473389
488	215.4	217.35	1.999	0.303	2.419	0.378	1.95	0.427	0.219	10.069	1.269201348469436e-14	14.74753206183648	2.597207460473389	2.597207460473389
488	222.3	226.5	2.655	0.432	3.797	0.521	4.2	1.145	0.273	4.467	1.269201348469436e-14	14.74753206183648	2.597207460473389	2.597207460473389
488	229.05	232.95	4.085	0.576	5.04	0.663	3.9	0.959	0.246	5.179	1.269201348469436e-14	14.74753206183648	2.597207460473389	2.597207460473389
502	151.2	152.7	-0.232	0.096	0.108	0.054	1.5	0.343	0.228	-7.165	9.0774520429363e-15	14.90717704615852	3.264892780546523	3.264892780546523
502	153.9	156.15	0.191	0.05	0.717	0.06900000000000001	2.25	0.526	0.234	2.059	9.0774520429363e-15	14.90717704615852	3.264892780546523	3.264892780546523
570	132.9	135.3	-0.428	0.126	-0.08599999999999999	0.109	2.4	0.342	0.143	-2.943	1.428425164382927e-14	14.68416487093403	2.388702052231351	2.388702052231351
570	136.5	138.15	-0.127	-0.037	0.145	0.189	1.65	0.353	0.214	39.635	1.428425164382927e-14	14.68416487093403	2.388702052231351	2.388702052231351
679	179.25	180.3	-0.159	0.347	-1.739	0.039	1.05	1.61	1.533	-168.958	2.297618071478422e-14	14.38215949694522	1.675771716233448	-1.675771716233448
679	181.05	181.95	-1.951	0.008999999999999999	-3.011	0.123	0.9	1.066	1.185	173.823	2.297618071478422e-14	14.38215949694522	1.675771716233448	-1.675771716233448
679	184.05	185.55	-3.407	-0.256	-4.984	-0.093	1.5	1.585	1.057	174.086	2.297618071478422e-14	14.38215949694522	1.675771716233448	-1.675771716233448
690	139.8	140.85	-0.256	0.226	-0.149	0.348	1.05	0.162	0.154	48.696	2.62763476566809e-14	14.28036862261371	1.507634561917277	1.507634561917277
692	134.85	137.85	-0.293	-0.204	-0.602	-0.214	3	0.309	0.103	-178.082	7.173981554824418e-15	15.00425853806138	3.807792662049754	-3.807792662049754
707	170.25	171.75	-0.29	0.007	-0.059	0.211	1.5	0.308	0.205	41.42	2.428830850389131e-14	14.34104752731739	1.604543603155166	1.604543603155166
730	208.5	214.95	-0.381	-0.048	3.135	0.185	6.45	3.524	0.546	3.794	4.21404592594923e-14	13.84472827990888	1.016635094780365	1.016635094780365
733	164.25	167.4	-0.024	0.142	1.282	0.221	3.15	1.308	0.415	3.436	3.791687064422325e-14	13.954138399287	1.113718917147846	1.113718917147846
733	168	171.6	0.075	-0.047	1.385	0.008999999999999999	3.6	1.311	0.364	2.458	3.791687064422325e-14	13.954138399287	1.113718917147846	1.113718917147846
742	177.9	180.45	-0.089	-0.168	-1.438	-0.07199999999999999	2.55	1.352	0.53	175.93	5.841134327881072e-14	13.45127555108027	0.7575778269974452	-0.7575778269974452
769	145.65	154.05	0.139	0.131	2.466	0.174	8.4	2.327	0.277	1.051	9.330300651671289e-15	14.89509605716491	3.205668047642852	3.205668047642852
769	160.65	162.75	3.557	0.391	4.491	-0.028	2.1	1.024	0.487	-24.14	9.330300651671289e-15	14.89509605716491	3.205668047642852	3.205668047642852
789	182.55	183.6	-0.171	-0.203	0.121	0.385	1.05	0.657	0.625	63.593	2.661356646106834e-14	14.27025330889494	1.492359509219713	1.492359509219713
789	193.05	195.15	0.102	0.441	0.776	0.285	2.1	0.6919999999999999	0.329	-13.043	2.661356646106834e-14	14.27025330889494	1.492359509219713	1.492359509219713
789	197.4	198.9	0.926	0.297	1.24	0.841	1.5	0.628	0.419	60.006	2.661356646106834e-14	14.27025330889494	1.492359509219713	1.492359509219713
853	157.2	157.95	-0.105	0.341	0.252	0.251	0.75	0.368	0.491	-14.098	1.850536096203418e-14	14.52995363464317	1.976603874818158	1.976603874818158
889	127.95	129.15	-0.191	0.033	-0.603	-0.341	1.2	0.556	0.463	-137.802	1.696373351969608e-14	14.58429946315262	2.10846625013482	-2.10846625013482
898	123.75	126.9	0.441	0.078	1.219	0.165	3.15	0.783	0.249	6.414	1.344818847566574e-14	14.7170100198676	2.493445026964309	2.493445026964309
898	155.1	157.95	1.626	-0.275	2.665	-0.008	2.85	1.073	0.376	14.431	1.344818847566574e-14	14.7170100198676	2.493445026964309	2.493445026964309
898	159	165	1.807	-0.335	3.592	-0.7	6	1.822	0.304	-11.552	1.344818847566574e-14	14.7170100198676	2.493445026964309	2.493445026964309
938	157.8	159	-0.097	-0.034	0.447	0.018	1.2	0.547	0.455	5.498	1.690241580779279e-14	14.58650389129689	2.114097267146382	2.114097267146382
952	147.15	148.8	-0.07099999999999999	0.068	-0.8070000000000001	0.166	1.65	0.743	0.45	172.413	2.519232745779795e-14	14.31322651049786	1.558953802728984	-1.558953802728984
968	195	196.05	-0.535	-0.137	-0.86	-0.105	1.05	0.327	0.311	174.284	8.971936421708267e-15	14.91226841391944	3.29035241929025	-3.29035241929025
970	219.75	220.65	0.927	0.08699999999999999	0.752	-0.123	0.9	0.274	0.304	-129.718	3.043289471975139e-14	14.15884479037516	1.338811799606752	-1.338811799606752
1000	249.9	251.25	-0.219	0.313	0.531	-0.139	1.35	0.876	0.649	-31.088	2.162232650704994e-14	14.42556827891531	1.756401125228542	1.756401125228542
1029	152.25	157.05	0.537	-0.144	-1.385	0.12	4.8	1.94	0.404	172.172	2.163522733836618e-14	14.42514957418307	1.755595113196409	-1.755595113196409
1029	181.65	182.55	-1.635	-0.003	-2.095	-0.018	0.9	0.46	0.511	-178.149	2.163522733836618e-14	14.42514957418307	1.755595113196409	-1.755595113196409
1040	180.6	183	-0.379	-0.056	0.075	-0.08599999999999999	2.4	0.455	0.19	-3.888	9.717584860615903e-15	14.87690413278695	3.119524574457463	3.119524574457463
1040	183.6	184.65	0.14	-0.08599999999999999	0.639	0.008999999999999999	1.05	0.508	0.484	10.844	9.717584860615903e-15	14.87690413278695	3.119524574457463	3.119524574457463
1121	132	138.9	-0.365	0.047	0.029	0.08	6.9	0.395	0.057	4.915	5.082940286138869e-14	13.62995079034503	0.8606502548771487	0.8606502548771487
1171	168.3	169.2	-0.252	-0.023	0.07000000000000001	0.028	0.9	0.326	0.362	8.961	1.572879607550508e-14	14.62938925985251	2.228396164736379	2.228396164736379
1236	135.6	136.65	-0.074	0.268	0.18	0.38	1.05	0.278	0.264	23.769	1.592631470274117e-14	14.62207621328482	2.208245523191608	2.208245523191608
1236	137.4	138.3	-0.861	0.486	-0.414	0.459	0.9	0.448	0.498	-3.477	1.592631470274117e-14	14.62207621328482	2.208245523191608	2.208245523191608
1236	138.6	139.8	-1.732	0.777	-1.565	0.08799999999999999	1.2	0.709	0.591	-76.377	1.592631470274117e-14	14.62207621328482	2.208245523191608	2.208245523191608
1265	152.25	153.15	0.285	-0.074	-0.258	0.154	0.9	0.589	0.654	157.237	5.411290805555555e-14	13.55171084781039	0.8129682843596813	-0.8129682843596813
1347	127.8	132.15	-0.317	0.175	0.704	-0.201	4.35	1.088	0.25	-20.235	3.844288068064692e-14	13.94030116939463	1.100661561810008	1.100661561810008
1420	122.4	123.3	-0.13	0.122	-0.438	0.12	0.9	0.308	0.342	-179.537	1.974807800297585e-14	14.48752551704178	1.882247603708759	-1.882247603708759
1570	130.5	132.75	-0.158	0.021	-0.279	0.246	2.25	0.255	0.113	118.326	7.592973978057465e-15	14.9818411028413	3.670838038767312	-3.670838038767312
1702	159.15	160.05	-1.768	-0.973	-2.249	-0.749	0.9	0.531	0.59	154.996	6.328349214920266e-16	15.60748066018079	15.34068040928814	-15.34068040928814
2078	169.35	170.25	-0.444	1.088	-0.227	0.828	0.9	0.339	0.376	-50.142	6.721589612752826e-15	15.0292543788596	3.969863684562854	3.969863684562854
2078	177.6	179.25	-0.025	0.903	0.431	0.681	1.65	0.507	0.307	-25.974	6.721589612752826e-15	15.0292543788596	3.969863684562854	3.969863684562854
2078	180.3	182.1	0.506	0.666	1.005	0.755	1.8	0.507	0.282	10.123	6.721589612752826e-15	15.0292543788596	3.969863684562854	3.969863684562854
2174	130.95	132.3	0.126	0.16	-0.418	0.151	1.35	0.544	0.403	-179.141	3.333311497333483e-14	14.07762941849484	1.241730010651289	-1.241730010651289
2174	161.1	163.5	-0.601	-0.05	-1.178	0.102	2.4	0.597	0.249	165.199	3.333311497333483e-14	14.07762941849484	1.241730010651289	-1.241730010651289
2174	171	172.35	-1.718	-0.201	-2.501	-0.386	1.35	0.804	0.596	-166.732	3.333311497333483e-14	14.07762941849484	1.241730010651289	-1.241730010651289
2229	165.75	166.95	-2.055	-0.037	-2.937	-0.07099999999999999	1.2	0.883	0.736	-177.78	1.226794575155555e-14	14.76501868933456	2.659656250506433	-2.659656250506433
2229	172.95	174.15	-3.607	0.109	-4.235	0.108	1.2	0.628	0.523	-179.918	1.226794575155555e-14	14.76501868933456	2.659656250506433	-2.659656250506433
2245	127.95	129	0.119	0.533	-0.247	0.2	1.05	0.495	0.472	-137.628	3.816980295247346e-14	13.947476809654	1.107402900638453	-1.107402900638453
2282	148.5	157.05	-1.252	0.091	0.596	0.176	8.550000000000001	1.85	0.216	2.617	1.11579882919154e-14	14.81218648286897	2.840015644059791	2.840015644059791
2282	165.15	166.8	0.6919999999999999	-0.003	1.283	-0.169	1.65	0.614	0.372	-15.698	1.11579882919154e-14	14.81218648286897	2.840015644059791	2.840015644059791
2282	169.2	174.9	1.678	-0.136	3.059	-0.322	5.7	1.394	0.244	-7.697	1.11579882919154e-14	14.81218648286897	2.840015644059791	2.840015644059791
2314	158.55	161.25	1.959	-0.068	0.507	0.096	2.7	1.461	0.541	173.585	1.702850139972033e-14	14.58197473087777	2.102552793745673	-2.102552793745673
2314	174.75	176.1	-0.083	0.131	-0.586	0.07099999999999999	1.35	0.507	0.375	-173.209	1.702850139972033e-14	14.58197473087777	2.102552793745673	-2.102552793745673
2314	203.55	205.05	-3.431	0.09	-4.155	0.117	1.5	0.724	0.483	177.909	1.702850139972033e-14	14.58197473087777	2.102552793745673	-2.102552793745673
2314	210.15	214.35	-4.667	0.104	-6.226	0.094	4.2	1.559	0.371	-179.664	1.702850139972033e-14	14.58197473087777	2.102552793745673	-2.102552793745673
2314	215.4	218.85	-6.585	-0.032	-7.851	-0.134	3.45	1.27	0.368	-175.4	1.702850139972033e-14	14.58197473087777	2.102552793745673	-2.102552793745673
2314	221.85	226.65	-8.388	-0.109	-10.997	-0.411	4.8	2.626	0.547	-173.402	1.702850139972033e-14	14.58197473087777	2.102552793745673	-2.102552793745673
2327	120.6	122.25	0.032	-0.263	-0.649	0.207	1.65	0.828	0.502	145.362	5.299408885454712e-14	13.57821315180798	0.8286463178351214	-0.8286463178351214
2328	209.25	210.3	-0.223	-0.137	-0.025	-0.047	1.05	0.218	0.207	24.53	1.771679026204565e-14	14.55750044522947	2.041809894078793	2.041809894078793
2391	154.35	157.8	-0.87	0.014	0.296	-0.11	3.45	1.173	0.34	-6.069	1.61300518869165e-14	14.61457451640641	2.187863585219874	2.187863585219874
2391	160.35	163.5	0.609	-0.074	1.709	0.156	3.15	1.124	0.357	11.826	1.61300518869165e-14	14.61457451640641	2.187863585219874	2.187863585219874
2440	145.65	146.4	0.058	0.235	-0.377	-0.122	0.75	0.5620000000000001	0.75	-140.669	4.391187182222219e-14	13.79990718170222	0.9806220233101978	-0.9806220233101978
2444	209.4	213.3	-0.412	0.073	-2.07	0.384	3.9	1.687	0.433	169.38	5.324677570915332e-14	13.57221377141692	0.8250560298062006	-0.8250560298062006
2444	213.3	215.1	-2.1	0.219	-0.965	0.334	1.8	1.141	0.634	5.778	5.324677570915332e-14	13.57221377141692	0.8250560298062006	0.8250560298062006
2444	216.6	219.9	-1.894	0.178	-0.347	0.419	3.3	1.566	0.474	8.879	5.324677570915332e-14	13.57221377141692	0.8250560298062006	0.8250560298062006
2444	220.2	227.4	0.063	0.364	3.463	0.285	7.2	3.401	0.472	-1.323	5.324677570915332e-14	13.57221377141692	0.8250560298062006	0.8250560298062006
2446	124.05	125.1	2.605	0.028	2.113	0.01	1.05	0.492	0.469	-177.924	5.311305292484091e-15	15.11363597657069	4.602002134705556	-4.602002134705556
2446	126	132.6	1.276	-0.08699999999999999	0.396	-0.011	6.6	0.883	0.134	175.11	5.311305292484091e-15	15.11363597657069	4.602002134705556	-4.602002134705556
2453	179.7	180.45	-0.256	-0.025	-0.055	-0.07199999999999999	0.75	0.206	0.275	-13.034	1.84089559125472e-14	14.5332942586721	1.98433992432388	1.98433992432388
2501	138	139.05	0.155	-0.368	-0.221	-0.07000000000000001	1.05	0.48	0.457	141.614	3.20751221940781e-14	14.11253400809529	1.282072467950792	-1.282072467950792
2515	146.4	154.5	-0.526	0.03	2.018	-0.101	8.1	2.547	0.314	-2.956	4.694867163415879e-14	13.72436266878956	0.924263972822982	0.924263972822982
2526	161.55	169.8	-0.929	-0.029	1.858	0.029	8.25	2.788	0.338	1.201	4.805514264630035e-14	13.69721352232215	0.9052373903079173	0.9052373903079173
2526	172.35	174.45	1.131	0.08400000000000001	1.907	0.145	2.1	0.778	0.371	4.552	4.805514264630035e-14	13.69721352232215	0.9052373903079173	0.9052373903079173
2553	153.75	155.1	-0.206	0.2	0.383	-0.151	1.35	0.6860000000000001	0.508	-30.781	1.774571073776479e-14	14.55648108492405	2.039338523504005	2.039338523504005
2572	175.05	176.7	-0.286	-0.316	0.654	0.005	1.65	0.993	0.602	18.834	1.879044505440643e-14	14.52011756682252	1.954092805894904	1.954092805894904
2572	178.05	178.95	0.855	-0.293	1.141	-0.08799999999999999	0.9	0.352	0.391	35.671	1.879044505440643e-14	14.52011756682252	1.954092805894904	1.954092805894904
2609	211.5	212.55	-0.479	0.21	-1.178	0.058	1.05	0.716	0.681	-167.66	3.988022916666664e-14	13.90280679275851	1.066452348874723	-1.066452348874723
2615	263.7	266.55	0.324	-0.117	-0.165	0.033	2.85	0.512	0.179	162.941	2.978285909763313e-14	14.17742434097874	1.362673630727852	-1.362673630727852
2644	168.3	173.7	-2.042	-0.08599999999999999	0.003	-0.031	5.4	2.046	0.379	1.518	1.324059018366563e-14	14.72530890225118	2.521022059918534	2.521022059918534
2742	257.1	258.3	-0.073	-0.045	0.286	-0.103	1.2	0.364	0.303	-9.116	4.629724076026249e-14	13.74043762044662	0.9358255851473567	0.9358255851473567
2751	254.85	256.2	-0.202	-0.045	0.303	-0.151	1.35	0.516	0.382	-11.822	5.466046738972901e-14	13.53879699828049	0.8054965323769468	0.8054965323769468
58	130.95	132.45	-0.854	0.181	-0.437	0.238	1.5	0.421	0.281	7.849	2.705016581544321e-14	14.25722885093988	1.473040511459719	1.473040511459719
58	133.8	136.65	-0.279	0.049	1.008	0.259	2.85	1.304	0.458	9.292999999999999	2.705016581544321e-14	14.25722885093988	1.473040511459719	1.473040511459719
58	138.6	139.65	1.352	0.097	2.039	0.278	1.05	0.71	0.677	14.765	2.705016581544321e-14	14.25722885093988	1.473040511459719	1.473040511459719
58	140.55	141.9	2.338	0.017	3.369	0.001	1.35	1.031	0.764	-0.91	2.705016581544321e-14	14.25722885093988	1.473040511459719	1.473040511459719
58	143.55	145.05	3.931	0.024	4.737	0.203	1.5	0.826	0.55	12.525	2.705016581544321e-14	14.25722885093988	1.473040511459719	1.473040511459719
187	139.35	140.55	-0.428	0.166	0.022	0.294	1.2	0.468	0.39	15.842	3.915788077046345e-14	13.92159296020736	1.083382581486217	1.083382581486217
187	142.2	145.35	0.253	0.033	1.6	0.172	3.15	1.354	0.43	5.883	3.915788077046345e-14	13.92159296020736	1.083382581486217	1.083382581486217
218	149.85	151.35	-0.949	-0.082	-1.94	-0.184	1.5	0.996	0.664	-174.12	7.603916456626773e-15	14.98126444523698	3.667414366316001	-3.667414366316001
223	232.5	233.7	-0.222	-0.08599999999999999	0.419	0.056	1.2	0.656	0.547	12.463	2.658805087307774e-14	14.27101697262647	1.493504359808037	1.493504359808037
282	123.75	124.8	-0.008	0.296	-0.774	-0.057	1.05	0.843	0.803	-155.261	1.679444601589534e-14	14.59039392459526	2.124090395704751	-2.124090395704751
299	224.4	229.65	1.725	-0.068	2.214	0.07099999999999999	5.25	0.508	0.097	15.863	3.061109844919218e-14	14.15377659626468	1.33241481611659	1.33241481611659
354	193.35	194.1	-0.194	0.035	0.0001	0.016	0.75	0.195	0.26	-5.767	2.14164137440943e-14	14.43226503463268	1.769370198757288	1.769370198757288
354	194.7	195.6	0.015	0.053	0.312	0.114	0.9	0.303	0.337	11.73	2.14164137440943e-14	14.43226503463268	1.769370198757288	1.769370198757288
370	124.5	128.4	0.842	0.146	1.967	0.076	3.9	1.127	0.289	-3.529	1.172581060133903e-14	14.78779222927661	2.744484601235444	2.744484601235444
381	125.55	126.75	-0.266	0.444	0.102	-0.022	1.2	0.593	0.495	-51.674	2.416611877588499e-14	14.34483855983373	1.61091469823772	1.61091469823772
402	141.75	144.45	-0.841	-0.116	0.414	0.277	2.7	1.315	0.487	17.413	3.922927478640092e-14	13.91973115360044	1.081686111934926	1.081686111934926
402	149.4	157.95	0.629	0.211	4.972	-0.137	8.550000000000001	4.357	0.51	-4.57	3.922927478640092e-14	13.91973115360044	1.081686111934926	1.081686111934926
402	160.65	161.7	5.488	0.251	6.004	-0.283	1.05	0.743	0.707	-45.998	3.922927478640092e-14	13.91973115360044	1.081686111934926	1.081686111934926
402	165.9	167.25	6.978	-0.066	7.77	-0.397	1.35	0.858	0.636	-22.698	3.922927478640092e-14	13.91973115360044	1.081686111934926	1.081686111934926
425	120.3	121.8	-0.301	0.111	0.23	-0.041	1.5	0.552	0.368	-16.003	2.109981298198556e-14	14.44261272750479	1.789701284402711	1.789701284402711
479	121.35	126	-1.135	-0.116	0.67	0.113	4.65	1.82	0.391	7.243	1.658274597538557e-14	14.59805282277099	2.143978153319882	2.143978153319882
479	153.9	156.3	8.584	0.27	9.858000000000001	-0.004	2.4	1.303	0.543	-12.132	1.658274597538557e-14	14.59805282277099	2.143978153319882	2.143978153319882
489	212.25	213.75	-0.074	0.25	0.596	-0.112	1.5	0.762	0.508	-28.381	4.216159902742343e-14	13.84418989623558	1.016190354109375	1.016190354109375
491	188.85	190.5	-0.004	0.119	0.478	0.068	1.65	0.485	0.294	-6.007	3.469172765518305e-14	14.04044919380094	1.200881491604325	1.200881491604325
515	193.8	197.55	-0.184	0.014	1.502	0.188	3.75	1.695	0.452	5.891	3.022208168081386e-14	14.16485434340182	1.346458719465409	1.346458719465409
515	200.25	202.2	-0.487	-0.14	0.461	0.059	1.95	0.969	0.497	11.834	3.022208168081386e-14	14.16485434340182	1.346458719465409	1.346458719465409
515	203.85	205.65	0.889	0.134	1.698	0.421	1.8	0.858	0.477	19.533	3.022208168081386e-14	14.16485434340182	1.346458719465409	1.346458719465409
543	176.1	176.85	-0.193	0.258	0.063	0.114	0.75	0.294	0.391	-29.308	7.884837408607777e-15	14.96660544126793	3.581987159252682	3.581987159252682
566	177.9	178.65	-0.201	-0.08599999999999999	0.046	-0.188	0.75	0.267	0.356	-22.484	2.769258928494432e-14	14.23820754310126	1.445512437329298	1.445512437329298
583	153.75	154.8	-0.159	-0.008	-0.04	0.171	1.05	0.215	0.205	56.396	2.374867083859528e-14	14.35784717216463	1.633075542598533	1.633075542598533
615	128.1	130.05	-1.041	0.402	-0.576	0.143	1.95	0.532	0.273	-29.138	3.727738009166759e-14	13.97104778893753	1.130004844528366	1.130004844528366
621	139.65	140.85	-0.222	0.019	-0.059	0.167	1.2	0.22	0.183	42.186	6.921867976156282e-15	15.01808148448245	3.896149208543966	3.896149208543966
674	129.15	129.9	-0.284	-0.29	-0.67	-0.034	0.75	0.463	0.618	146.442	2.81654917636476e-14	14.22431105977949	1.425900016594461	-1.425900016594461
687	256.35	259.2	-0.713	-0.307	0.884	-0.055	2.85	1.617	0.5669999999999999	8.978	3.70604627389947e-14	13.97680564383061	1.135634949830874	1.135634949830874
766	124.05	125.4	1.65	0.316	2.273	0.184	1.35	0.637	0.472	-11.927	4.774512658072738e-14	13.70480103309385	0.9104928163004586	0.9104928163004586
792	128.25	132.75	-0.395	0.276	1.337	-0.373	4.5	1.85	0.411	-20.536	2.43122983095582e-14	14.34030409980088	1.603298774891957	1.603298774891957
855	229.65	231.75	-0.196	0.212	0.864	-0.91	2.1	1.544	0.735	-46.63	2.432422573143177e-14	14.33993458374171	1.602680594254434	1.602680594254434
862	132	133.2	-0.338	0.233	0.183	0.422	1.2	0.554	0.462	19.952	2.891687979153539e-14	14.20240837436585	1.395812262339415	1.395812262339415
904	202.65	212.25	0.271	0.192	4.522	0.331	9.6	4.253	0.443	1.881	3.768046217855881e-14	13.96037825955439	1.119686002456493	1.119686002456493
915	165.6	167.4	-0.34	-0.185	-1.305	-0.018	1.8	0.979	0.544	170.134	1.927504882561681e-14	14.50354013791607	1.917033664232836	-1.917033664232836
1048	136.95	137.7	-0.178	-0.111	0.229	0.07000000000000001	0.75	0.445	0.594	23.994	5.208664970513217e-14	13.59982585198946	0.8417852215894701	0.8417852215894701
1122	182.7	184.35	-0.095	0.18	0.574	0.09	1.65	0.675	0.409	-7.684	1.397412380258222e-14	14.69624377089357	2.426425742362026	2.426425742362026
1330	133.05	136.05	0.381	0.121	1.624	-0.122	3	1.267	0.422	-11.085	2.192828900891632e-14	14.41566502305587	1.737488556222283	1.737488556222283
1723	135.6	138.6	-0.431	0.025	-2.03	0.734	3	1.749	0.583	156.105	2.877071633958763e-14	14.20665230521773	1.401565059832468	-1.401565059832468
1725	200.1	205.35	-0.037	0.08699999999999999	2.191	0.245	5.25	2.234	0.425	4.06	2.349146876020995e-14	14.36590687373389	1.647042161472082	1.647042161472082
1725	206.1	207.15	-0.081	-0.036	0.499	-0.155	1.05	0.592	0.5639999999999999	-11.591	2.349146876020995e-14	14.36590687373389	1.647042161472082	1.647042161472082
1826	130.5	132.75	-0.515	0.11	-1.8	0.108	2.25	1.285	0.571	-179.931	1.915547172807621e-14	14.50761429811881	1.926040902576638	-1.926040902576638
1835	151.8	152.85	-0.092	0.005	-1.661	-0.078	1.05	1.571	1.496	-176.96	2.105401554720936e-14	14.44411476366222	1.792682311593339	-1.792682311593339
1838	124.35	126.15	-1.798	0.221	-1.174	0.124	1.8	0.631	0.351	-8.762	2.036264646582366e-14	14.46695430968582	1.838967878326073	1.838967878326073
1857	133.8	141.9	0.37	-0.014	-3.486	0.159	8.1	3.86	0.477	177.438	2.096471163673859e-14	14.44704752830255	1.798524892003161	-1.798524892003161
1857	142.95	147.6	-3.636	0.247	-5.853	0.574	4.65	2.241	0.482	171.623	2.096471163673859e-14	14.44704752830255	1.798524892003161	-1.798524892003161
1986	264.15	266.4	-0.255	0.08500000000000001	0.129	0.033	2.25	0.388	0.172	-7.714	5.080100999653265e-15	15.12861002390714	4.730042406238788	4.730042406238788
2037	157.5	158.25	-0.035	-0.11	0.371	-0.105	0.75	0.406	0.541	0.742	1.935588097564235e-14	14.5007920432933	1.91099459111871	1.91099459111871
2051	153	159.9	2.17	-0.052	5.063	0.137	6.9	2.899	0.42	3.728	2.935432149599912e-14	14.18975405423951	1.378873841472363	1.378873841472363
2051	153	159.9	2.17	-0.052	5.063	0.137	6.9	2.899	0.42	3.728	2.935432149599912e-14	14.18975405423951	1.378873841472363	1.378873841472363
2087	173.4	174.15	-0.106	-0.067	-0.399	0.047	0.75	0.315	0.419	158.68	1.692992361020832e-14	14.58551453400521	2.111567193884857	-2.111567193884857
2097	168.45	169.8	-0.051	-0.05	-0.78	-0.364	1.35	0.794	0.588	-156.665	2.829406464863809e-14	14.22054796467574	1.420659765186543	-1.420659765186543
2145	198.45	201.45	-0.091	0.063	-1.459	-0.401	3	1.445	0.482	-161.258	3.734574486776957e-14	13.96923545824634	1.12824169181315	-1.12824169181315
2271	256.5	257.7	-0.209	-0.213	0.224	-0.12	1.2	0.443	0.369	12.08	6.188923522350116e-14	13.37147006656174	0.7176688805374095	0.7176688805374095
