trajectory	start     	end       	x1        	y1        	x2        	y2        	duration  	distance  	rate      	angle (deg)	msd_y	L_um	F_pN_abs	F_pN	
75	80.09999999999999	80.84999999999999	0.013	-0.229	0.327	-0.111	0.75	0.335	0.447	20.609	1.264662232872022e-14	14.79201016296055	2.760648659138474	2.760648659138474
542	77.7	78.75	0.119	-0.016	-0.175	-0.105	1.05	0.307	0.293	-163.177	1.018360585483626e-14	14.89716313670302	3.215684916422537	-3.215684916422537
560	71.25	74.25	0.08599999999999999	-0.169	0.535	0.255	3	0.618	0.206	43.393	9.982236352519857e-15	14.90626449781192	3.260361241964021	3.260361241964021
603	97.95	99.3	-0.046	0.065	-0.575	-0.219	1.35	0.6	0.445	-151.793	1.00475457296004e-14	14.90330314270783	3.245721499942968	-3.245721499942968
715	69.45	70.2	0.008999999999999999	-0.258	0.021	-0.268	0.75	0.016	0.021	-40.231	2.501586498551194e-15	15.36620939048174	7.774698805231956	7.774698805231956
719	107.4	108.6	0.026	0.012	0.291	0.031	1.2	0.266	0.221	4.115	1.496392548451768e-14	14.70133153045513	2.44258860277231	2.44258860277231
768	84.75	85.8	0.07199999999999999	-0.024	0.192	-0.097	1.05	0.14	0.134	-31.257	1.196909321774826e-14	14.81990879081031	2.871316524181898	2.871316524181898
801	142.5	144.45	0.07000000000000001	0.057	0.244	0.026	1.95	0.177	0.091	-10.265	1.962201646062887e-14	14.53576532868344	1.990092238515361	1.990092238515361
855	77.84999999999999	78.75	0.049	-0.246	0.143	-0.116	0.9	0.16	0.178	54.101	1.07513763265306e-14	14.87195278756875	3.096688722468581	3.096688722468581
871	87	87.90000000000001	0.058	0.04	-0.044	-0.161	0.9	0.225	0.25	-116.938	1.641924676263149e-14	14.64752119645556	2.279589357476857	-2.279589357476857
909	114.9	122.25	5.561	0.023	8.535	-0.064	7.35	2.975	0.405	-1.693	1.300786603248393e-14	14.77741321151284	2.705319489510515	2.705319489510515
911	90	91.34999999999999	0.062	-0.077	0.198	-0.294	1.35	0.256	0.19	-57.966	8.802365667757274e-15	14.96147697652825	3.552813588160345	3.552813588160345
916	143.4	145.5	0.187	-0.165	0.704	-0.422	2.1	0.578	0.275	-26.485	1.847311850391033e-14	14.57491517879604	2.08475028174619	2.08475028174619
917	79.65000000000001	80.40000000000001	0.224	0.022	-0.192	-0.178	0.75	0.461	0.615	-154.4	1.442915062089115e-14	14.72167102751419	2.508876378757063	-2.508876378757063
921	91.8	93.59999999999999	0.145	-0.145	0.374	-0.225	1.8	0.243	0.135	-19.312	1.760331578795235e-14	14.60522749816866	2.162868559277304	2.162868559277304
1016	72.59999999999999	73.95	0.105	-0.343	0.167	-0.362	1.35	0.065	0.048	-16.236	1.096147491597223e-14	14.86278409682356	3.055069357804804	3.055069357804804
1050	67.65000000000001	71.09999999999999	0.008999999999999999	-0.097	0.282	-0.045	3.45	0.278	0.081	10.722	1.105018939319675e-14	14.85893741492755	3.03786152825191	3.03786152825191
1112	85.2	85.95	0.035	-0.135	0.261	0.011	0.75	0.269	0.359	32.902	1.349941997829205e-14	14.75784097671738	2.633748422073767	2.633748422073767
1120	74.09999999999999	75.15000000000001	0.029	-0.055	0.112	-0.047	1.05	0.083	0.079	4.971	9.441824241513554e-15	14.93113571253649	3.387383786836539	3.387383786836539
1168	106.65	107.55	0.047	0.005	0.186	-0.023	0.9	0.142	0.157	-11.281	8.786355448249945e-15	14.96225027756567	3.557189370676814	3.557189370676814
1198	80.7	82.34999999999999	0.045	0.03	0.181	-0.159	1.65	0.232	0.141	-54.179	1.439524166906062e-14	14.72297176574408	2.513208830226656	2.513208830226656
1256	93.3	94.05	0.163	-0.231	0.354	0.177	0.75	0.45	0.601	64.907	2.417409572493959e-14	14.38895787343298	1.688018528206588	1.688018528206588
90	76.34999999999999	78.45	0.068	-0.128	0.314	-0.235	2.1	0.268	0.128	-23.335	1.429672274732199e-14	14.72675859787439	2.525887174346397	2.525887174346397
142	77.7	80.25	0.052	-0.032	0.193	-0.112	2.55	0.162	0.064	-29.5	1.03559219e-14	14.88944291203436	3.178514850180457	3.178514850180457
169	101.4	102.15	0.048	-0.06	0.293	0.095	0.75	0.29	0.387	32.349	1.41298675450366e-14	14.73319846245221	2.547673463931851	2.547673463931851
272	166.65	168.15	0.065	0.006	0.274	0.154	1.5	0.256	0.171	35.311	1.919608286918625e-14	14.55016694995658	2.02413204176914	2.02413204176914
291	82.34999999999999	84.3	0.044	0.073	0.166	-0.174	1.95	0.276	0.141	-63.735	1.038852673469387e-14	14.88798902517148	3.171588158521164	3.171588158521164
335	117.9	119.1	0.011	0.067	0.183	-0.08	1.2	0.227	0.189	-40.597	1.02112426446281e-14	14.89592076524113	3.209658798952888	3.209658798952888
336	128.7	130.65	0.007	-0.134	0.165	-0.042	1.95	0.183	0.094	30.413	1.098083633348894e-14	14.86194333896488	3.051295630646219	3.051295630646219
374	83.7	84.90000000000001	0.011	-0.018	0.187	-0.068	1.2	0.183	0.153	-16.009	9.279262345679001e-15	14.93875130780159	3.427787407160328	3.427787407160328
435	70.05	70.95	-0.0009	-0.005	0.193	-0.141	0.9	0.237	0.263	-35.007	7.922286260808803e-15	15.00507751387804	3.812942330360314	3.812942330360314
468	78.75	80.40000000000001	-0.25	-0.541	-1.095	-0.5	1.65	0.846	0.513	177.207	1.873831930151671e-15	15.43291496431448	9.175633864189832	-9.175633864189832
483	76.5	77.7	0.07000000000000001	-0.264	-0.171	0.012	1.2	0.366	0.305	131.151	1.108311648888889e-14	14.85751337301003	3.031528630789963	-3.031528630789963
594	75.59999999999999	76.65000000000001	0.154	-0.129	-0.083	0.041	1.05	0.291	0.277	144.477	8.286375966111786e-15	14.98676085446089	3.700245690285392	-3.700245690285392
598	83.09999999999999	84.45	0.154	-0.313	-0.243	-0.279	1.35	0.398	0.295	175.136	1.184655307393546e-14	14.82503119901968	2.892370425948937	-2.892370425948937
598	85.34999999999999	86.55	-0.361	-0.382	-1.28	-0.44	1.2	0.921	0.767	-176.384	1.184655307393546e-14	14.82503119901968	2.892370425948937	-2.892370425948937
627	72.15000000000001	73.2	0.029	-0.08799999999999999	0.146	-0.115	1.05	0.12	0.114	-13.231	8.130868950425055e-15	14.9945336755934	3.747442730414419	3.747442730414419
664	70.05	71.84999999999999	0.005	0.01	0.267	-0.034	1.8	0.266	0.148	-9.661	9.565361209422569e-15	14.92539082286299	3.357382535092848	3.357382535092848
666	74.55	77.25	0.057	0.026	0.315	0.025	2.7	0.258	0.096	-0.26	9.212943993684489e-15	14.94187679018157	3.444581811831301	3.444581811831301
686	94.2	95.40000000000001	0.1	0.092	0.252	-0.111	1.2	0.253	0.211	-53.116	2.174365728079745e-14	14.46583067791189	1.836648028856142	1.836648028856142
705	69.90000000000001	71.7	0.159	0.005	-0.083	-0.286	1.8	0.378	0.21	-129.755	4.160890620511345e-15	15.22881710297188	5.744865133549176	-5.744865133549176
709	73.95	75.15000000000001	0.005	-0.006	0.163	-0.045	1.2	0.163	0.136	-13.827	1.125247630378744e-14	14.85021990037399	2.999406864049967	2.999406864049967
789	99.59999999999999	100.35	-0.031	-0.174	-0.308	-0.144	0.75	0.279	0.371	173.829	1.879091023651208e-14	14.56398846735791	2.057647868383828	-2.057647868383828
807	75.3	78	0.039	-0.306	0.357	-0.033	2.7	0.419	0.155	40.684	2.119730164982165e-14	14.48356832560683	1.873801340099247	1.873801340099247
808	73.65000000000001	74.7	0.026	-0.056	0.12	-0.174	1.05	0.151	0.144	-51.522	1.903439673469387e-14	14.55566800318881	2.037370548879985	2.037370548879985
809	86.7	88.95	-0.783	-0.108	-2.061	-0.231	2.25	1.284	0.571	-174.484	1.237669909279779e-14	14.80304095782029	2.803614515501389	-2.803614515501389
811	114	116.55	0.056	-0.139	1.043	0.025	2.55	1.001	0.392	9.454000000000001	1.964244378342647e-14	14.53507786163578	1.988489342613102	1.988489342613102
811	117.6	120.6	1.183	0.101	2.718	0.184	3	1.537	0.512	3.089	1.964244378342647e-14	14.53507786163578	1.988489342613102	1.988489342613102
825	86.84999999999999	87.59999999999999	0.08	-0.066	0.356	0.04	0.75	0.296	0.394	21.012	9.691824234386416e-15	14.9195469415427	3.327277292525524	3.327277292525524
832	117.3	118.2	0.06	-0.103	0.369	0.076	0.9	0.357	0.397	30.144	1.405735316835936e-14	14.73600766078193	2.557267131628104	2.557267131628104
849	74.84999999999999	75.59999999999999	0.07199999999999999	-0.08	0.23	-0.348	0.75	0.311	0.415	-59.506	1.093080453877551e-14	14.86411736746956	3.061068318591501	3.061068318591501
888	74.7	78	-0.123	0.239	0.312	-0.225	3.3	0.636	0.193	-46.856	8.944085130797088e-15	14.95466183960022	3.514601109041442	3.514601109041442
1062	183.3	187.95	1.317	-0.061	1.997	-0.008	4.65	0.6820000000000001	0.147	4.468	6.627677054102259e-15	15.0739517016048	4.287016372984652	4.287016372984652
1067	86.7	88.95	-0.254	-0.282	0.276	-0.142	2.25	0.548	0.244	14.709	5.174145151695355e-15	15.16035868046286	5.020038923901931	5.020038923901931
1067	101.25	103.05	1.403	-0.212	2.047	-0.158	1.8	0.646	0.359	4.782	5.174145151695355e-15	15.16035868046286	5.020038923901931	5.020038923901931
1086	90	91.34999999999999	0.189	-0.026	0.416	-0.148	1.35	0.258	0.191	-28.179	1.32614100885813e-14	14.76727714787737	2.667888648312951	2.667888648312951
1289	137.7	138.75	-0.076	0.059	0.091	-0.092	1.05	0.225	0.214	-42.053	1.190719471045505e-14	14.82249323099076	2.881909658118134	2.881909658118134
35	75	76.65000000000001	0.314	0.052	0.584	0.063	1.65	0.27	0.164	2.264	8.864880000000001e-15	14.95846412235245	3.535842969643488	3.535842969643488
58	105.45	106.95	0.07000000000000001	0.081	0.425	-0.134	1.5	0.415	0.277	-31.207	1.056728044661288e-14	14.88005638790446	3.134196860410861	3.134196860410861
227	87.45	88.2	0.057	-0.08599999999999999	-0.334	-0.161	0.75	0.398	0.531	-169.116	9.067145997078159e-15	14.94878689638853	3.482159745889583	-3.482159745889583
305	98.40000000000001	99.45	0.042	0.004	0.154	0.03	1.05	0.115	0.11	13.088	1.018190098241213e-14	14.89723982940589	3.216057478542773	3.216057478542773
322	76.65000000000001	80.40000000000001	-0.114	-0.194	-1.914	-0.136	3.75	1.801	0.48	178.162	7.890771589594159e-15	15.0066826790897	3.823066256012678	-3.823066256012678
435	79.5	80.25	0.051	-0.022	0.192	-0.128	0.75	0.176	0.235	-36.882	8.98061687363038e-15	14.9529136922679	3.504899973874924	3.504899973874924
564	69	70.05	0.036	-0.022	-0.125	-0.073	1.05	0.169	0.161	-162.723	8.024094741776937e-15	14.99991388386511	3.780649694423926	-3.780649694423926
582	84.90000000000001	85.95	-0.793	0.076	-1.3	-0.19	1.05	0.572	0.545	-152.384	1.29028984214387e-14	14.78163558172472	2.721148980590289	-2.721148980590289
606	239.85	242.4	0.157	0.013	0.88	0.034	2.55	0.723	0.284	1.708	1.036961836096773e-14	14.88883190653658	3.175601058451491	3.175601058451491
608	82.2	83.55	-0.257	-0.185	-0.014	-0.223	1.35	0.246	0.182	-8.763	1.435544651225196e-14	14.72450001822391	2.518313702244544	2.518313702244544
608	85.65000000000001	87.3	-0.319	-0.231	0.045	-0.146	1.65	0.374	0.227	13.245	1.435544651225196e-14	14.72450001822391	2.518313702244544	2.518313702244544
608	90.15000000000001	92.25	-0.574	-0.36	0.127	-0.004	2.1	0.786	0.374	26.882	1.435544651225196e-14	14.72450001822391	2.518313702244544	2.518313702244544
608	94.2	95.40000000000001	0.5669999999999999	-0.117	1.105	-0.013	1.2	0.548	0.457	10.918	1.435544651225196e-14	14.72450001822391	2.518313702244544	2.518313702244544
642	92.84999999999999	94.34999999999999	0.118	0.033	0.489	-0.415	1.5	0.582	0.388	-50.389	1.727584041122436e-14	14.61680127143158	2.1938834568258	2.1938834568258
644	69.59999999999999	70.65000000000001	-0.008	0.006	0.202	-0.147	1.05	0.26	0.247	-36.019	1.120372661367803e-14	14.85231401491722	3.008576430809379	3.008576430809379
725	123.15	125.1	0.455	-0.149	0.956	0.021	1.95	0.529	0.271	18.784	1.486782620754062e-14	14.70496281611981	2.454225412384203	2.454225412384203
743	91.34999999999999	92.40000000000001	0.215	-0.156	-0.039	-0.08400000000000001	1.05	0.264	0.251	164.27	2.225626958302251e-14	14.44934830650297	1.803128961122364	-1.803128961122364
820	71.25	72.15000000000001	0.137	-0.039	0.0003	-0.105	0.9	0.152	0.169	-154.328	8.006331267217624e-15	15.00081244461265	3.786239229099377	-3.786239229099377
844	105.6	107.85	0.169	-0.073	0.654	-0.118	2.25	0.487	0.217	-5.368	1.035370401133341e-14	14.88954188921685	3.178987240440051	3.178987240440051
968	121.8	124.05	-0.012	-0.117	-0.584	-0.49	2.25	0.6830000000000001	0.303	-146.923	1.184201232765001e-15	15.52565407086312	11.85649921613526	-11.85649921613526
970	86.55	87.90000000000001	0.013	-0.049	-0.409	-0.108	1.35	0.426	0.316	-172.082	1.153181169635608e-15	15.53058679770618	12.03104579100911	-12.03104579100911
1069	73.5	74.55	0.06900000000000001	0.002	-0.24	-0.027	1.05	0.31	0.296	-174.542	8.626035994513022e-15	14.97003248546558	3.601685656206901	-3.601685656206901
1137	81	81.90000000000001	0.062	0.066	-0.329	-0.113	0.9	0.43	0.478	-155.394	8.852581028571429e-15	14.95905603759511	3.539167327649212	-3.539167327649212
1153	100.95	102	0.974	-0.277	0.614	-0.101	1.05	0.401	0.382	153.958	1.072011691623239e-15	15.54392903995124	12.52304856030151	-12.52304856030151
1153	106.05	107.4	-0.1	0.026	-0.454	0.1	1.35	0.361	0.268	168.33	1.072011691623239e-15	15.54392903995124	12.52304856030151	-12.52304856030151
1173	106.8	107.7	2.274	-0.617	0.61	-0.446	0.9	1.673	1.859	174.145	1.771551154964398e-15	15.44507305594542	9.471756449962832	-9.471756449962832
1173	144.45	145.35	-3.71	0.644	-4.709	1.054	0.9	1.08	1.2	157.691	1.771551154964398e-15	15.44507305594542	9.471756449962832	-9.471756449962832
1244	114.45	115.2	0.33	0.021	0.089	0.029	0.75	0.241	0.321	178.261	1.155305201731063e-15	15.53024623237766	12.01887069160786	-12.01887069160786
1327	195	198.3	1.575	-0.023	0.5669999999999999	0.163	3.3	1.025	0.311	169.537	1.274153327112656e-15	15.51182009574686	11.38684117137456	-11.38684117137456
1327	205.95	207	-0.053	0.116	-0.288	0.12	1.05	0.235	0.224	178.979	1.274153327112656e-15	15.51182009574686	11.38684117137456	-11.38684117137456
1327	240.75	244.5	-0.6889999999999999	-0.029	-1.246	0.034	3.75	0.5610000000000001	0.149	173.508	1.274153327112656e-15	15.51182009574686	11.38684117137456	-11.38684117137456
123	79.2	80.40000000000001	0.07099999999999999	0.137	0.498	-0.022	1.2	0.456	0.38	-20.496	7.821201110380594e-15	15.01023767535709	3.845633876787106	3.845633876787106
123	85.8	88.34999999999999	0.894	-0.003	1.756	-0.297	2.55	0.911	0.357	-18.847	7.821201110380594e-15	15.01023767535709	3.845633876787106	3.845633876787106
305	120	121.65	0.07199999999999999	-0.097	0.215	-0.008	1.65	0.168	0.102	31.923	8.326908583328992e-15	14.98474689335069	3.688164158585322	3.688164158585322
305	123.6	124.5	0.23	0.07099999999999999	0.356	-0.032	0.9	0.163	0.181	-39.252	8.326908583328992e-15	14.98474689335069	3.688164158585322	3.688164158585322
316	76.34999999999999	77.7	0.022	0.147	0.29	-0.504	1.35	0.704	0.522	-67.64100000000001	1.166169605142331e-14	14.83280503814204	2.92477478988015	2.92477478988015
321	90	91.2	-0.08500000000000001	-0.012	0.201	-0.106	1.2	0.301	0.251	-18.207	1.561305230477023e-14	14.6770636165528	2.36694116703507	2.36694116703507
416	76.65000000000001	77.55	0.105	-0.098	0.219	-0.133	0.9	0.119	0.132	-16.978	9.010818248629088e-15	14.95147110507939	3.496925149502102	3.496925149502102
440	135.3	137.25	1.67	-0.209	0.757	-0.038	1.95	0.929	0.476	169.432	1.090532220603538e-14	14.86522644571255	3.06607222812807	-3.06607222812807
441	77.09999999999999	78.3	0.047	-0.196	0.136	-0.285	1.2	0.126	0.105	-44.971	2.159639480604865e-14	14.47059401842227	1.846513414111885	1.846513414111885
470	82.5	83.40000000000001	-0.314	-0.034	-0.039	-0.279	0.9	0.368	0.409	-41.694	1.531415315262846e-14	14.68818265015217	2.401149851852204	2.401149851852204
470	87.45	90.3	0.404	-0.02	1.32	-0.095	2.85	0.919	0.322	-4.723	1.531415315262846e-14	14.68818265015217	2.401149851852204	2.401149851852204
526	108.6	113.7	-0.133	0.017	0.785	0.138	5.1	0.926	0.182	7.506	1.216104423342259e-14	14.81193308765195	2.838997388156114	2.838997388156114
620	77.40000000000001	78.3	0.114	-0.13	0.278	-0.068	0.9	0.175	0.195	20.794	1.650171088043059e-14	14.64453470000262	2.271034277574612	2.271034277574612
713	114	115.05	0.198	0.015	0.424	0.062	1.05	0.231	0.22	11.585	1.163030666057004e-14	14.83413070575634	2.930355908430694	2.930355908430694
715	159	159.75	0.107	0.041	0.157	0.08599999999999999	0.75	0.068	0.09	42.3	9.752838209104654e-15	14.91674064454104	3.312966234490497	3.312966234490497
769	102.75	103.8	0.23	0.0007	0.501	-0.106	1.05	0.291	0.278	-21.567	1.500541322881344e-14	14.69976698439578	2.437600848036583	2.437600848036583
769	108.75	110.4	0.8100000000000001	-0.124	1.167	0.127	1.65	0.436	0.264	35.106	1.500541322881344e-14	14.69976698439578	2.437600848036583	2.437600848036583
769	112.35	113.7	1.323	-0.081	1.594	-0.044	1.35	0.274	0.203	7.863	1.500541322881344e-14	14.69976698439578	2.437600848036583	2.437600848036583
789	108.3	109.5	0.064	-0.167	0.329	-0.175	1.2	0.265	0.221	-1.744	8.688739726516056e-15	14.96698028570122	3.584133758074268	3.584133758074268
823	85.65000000000001	87	0.065	0.041	0.305	-0.398	1.35	0.5	0.371	-61.343	1.005740660341024e-14	14.90285681828849	3.243523734051905	3.243523734051905
835	104.55	106.2	-1.164	-0.019	-2.392	-0.124	1.65	1.232	0.747	-175.118	1.504038500303234e-14	14.69844962548768	2.433413189018375	-2.433413189018375
1018	79.65000000000001	80.40000000000001	-0.368	-0.046	-0.781	-0.093	0.75	0.416	0.554	-173.44	6.133748529226509e-15	15.10205893652696	4.506576956385158	-4.506576956385158
1046	85.95	87	-0.035	0.02	0.199	-0.062	1.05	0.248	0.236	-19.313	1.631528403351699e-14	14.65129540187417	2.290471648762818	2.290471648762818
1049	82.05	83.25	-1.476	0.121	-1.049	-0.075	1.2	0.47	0.391	-24.614	1.703834458378924e-14	14.62525273310504	2.216963804006485	2.216963804006485
1049	88.8	91.34999999999999	0.243	-0.022	1.372	-0.096	2.55	1.131	0.444	-3.777	1.703834458378924e-14	14.62525273310504	2.216963804006485	2.216963804006485
1049	97.8	100.65	1.907	-0.253	2.676	-0.184	2.85	0.772	0.271	5.116	1.703834458378924e-14	14.62525273310504	2.216963804006485	2.216963804006485
1049	101.7	104.4	2.862	-0.047	3.902	-0.162	2.7	1.046	0.388	-6.299	1.703834458378924e-14	14.62525273310504	2.216963804006485	2.216963804006485
1049	106.8	108.6	3.273	-0.318	4.038	-0.158	1.8	0.781	0.434	11.791	1.703834458378924e-14	14.62525273310504	2.216963804006485	2.216963804006485
1107	159	160.35	0.079	-0.138	0.156	-0.042	1.35	0.123	0.091	51.108	1.070862795873634e-14	14.87382862283836	3.105310110919401	3.105310110919401
136	116.4	117.3	-0.092	0.137	0.574	-0.182	0.9	0.739	0.821	-25.617	1.666606178457496e-14	14.63860148064688	2.254183205500963	2.254183205500963
193	97.65000000000001	100.8	-0.01	0.063	0.254	-0.075	3.15	0.298	0.095	-27.688	1.932701263187627e-14	14.5457262052801	2.013541206648326	2.013541206648326
205	124.35	125.7	0.045	-0.18	0.348	0.101	1.35	0.414	0.306	42.887	1.913626440420129e-14	14.55219993535101	2.02900909250874	2.02900909250874
219	87.45	88.95	0.014	-0.07099999999999999	0.25	-0.019	1.5	0.242	0.161	12.278	1.123470398289521e-14	14.85098284511584	3.00274265599852	3.00274265599852
240	75.3	76.5	0.314	-0.213	0.757	-0.073	1.2	0.465	0.387	17.614	1.005475119000657e-14	14.9029769874098	3.244115241193942	3.244115241193942
259	68.7	69.75	0.146	-0.123	0.033	-0.176	1.05	0.125	0.119	-155.126	9.804197815058717e-15	14.91438494670233	3.301025273265163	-3.301025273265163
262	70.95	72.75	-0.066	-0.128	0.253	-0.109	1.8	0.32	0.178	3.542	1.138403117768595e-14	14.84458978189246	2.97496423186765	2.97496423186765
272	117.9	121.05	-1.199	-0.33	-1.869	-0.106	3.15	0.707	0.224	161.499	1.643147559644001e-14	14.6470779179499	2.278316432932945	-2.278316432932945
316	102.45	104.4	0.07099999999999999	-0.08	0.359	-0.128	1.95	0.292	0.15	-9.472	1.220216717144719e-14	14.81023192773302	2.832175759533305	2.832175759533305
376	76.8	77.55	0.164	-0.1	-0.184	-0.047	0.75	0.352	0.469	171.317	9.004919748520711e-15	14.95175266391928	3.498479476900523	-3.498479476900523
464	97.8	98.7	0.008999999999999999	0.107	0.15	-0.047	0.9	0.209	0.233	-47.674	1.002253698244035e-14	14.90443603393684	3.251310212872948	3.251310212872948
495	97.05	99.15000000000001	0.078	-0.171	0.277	-0.193	2.1	0.2	0.095	-6.272	6.965351407641464e-15	15.05536401031285	4.15061236810277	4.15061236810277
517	103.2	105.3	-1.606	-0.03	-0.995	-0.033	2.1	0.611	0.291	-0.326	1.130095779298038e-14	14.84814150040069	2.990348160430498	2.990348160430498
517	106.05	107.7	-0.9409999999999999	-0.06	-0.538	-0.192	1.65	0.424	0.257	-18.095	1.130095779298038e-14	14.84814150040069	2.990348160430498	2.990348160430498
598	98.40000000000001	99.90000000000001	0.021	0.135	0.137	-0.141	1.5	0.299	0.199	-67.15300000000001	1.074395945520115e-14	14.87227799373752	3.098180763505452	3.098180763505452
651	158.25	159.15	-0.044	0.033	0.409	-0.035	0.9	0.458	0.509	-8.573	1.749667586320587e-14	14.60898641862415	2.172867507658321	2.172867507658321
656	216.15	217.5	0.115	0.078	0.337	-0.102	1.35	0.286	0.212	-39.026	1.27801892523377e-14	14.78659134194487	2.739908944540987	2.739908944540987
16	86.55	87.45	0.0001	-0.134	0.232	0.013	0.9	0.275	0.305	32.49	7.506765239312343e-15	15.02650871389119	3.951553699524715	3.951553699524715
142	138.9	142.8	0.074	-0.143	0.219	-0.155	3.9	0.146	0.037	-4.888	8.521615890261629e-15	14.97513978790204	3.631349319218288	3.631349319218288
185	72.3	73.2	0.068	-0.056	0.115	-0.205	0.9	0.156	0.173	-72.455	1.424462597143456e-14	14.72876572169546	2.532646711897714	2.532646711897714
218	87.75	88.65000000000001	0.121	-0.271	0.202	-0.001	0.9	0.282	0.314	73.328	1.263444761029411e-14	14.79250538041952	2.762555968050579	2.762555968050579
237	85.65000000000001	88.95	-0.55	-0.13	0.047	-0.089	3.3	0.598	0.181	3.938	1.223592996913581e-14	14.80883720087938	2.826601559291174	2.826601559291174
237	90	90.75	0.074	-0.09	0.31	-0.196	0.75	0.259	0.345	-24.302	1.223592996913581e-14	14.80883720087938	2.826601559291174	2.826601559291174
237	94.2	95.84999999999999	0.401	-0.162	0.8	-0.066	1.65	0.41	0.249	13.554	1.223592996913581e-14	14.80883720087938	2.826601559291174	2.826601559291174
237	98.84999999999999	100.65	1.396	-0.261	2.094	-0.046	1.8	0.73	0.406	17.13	1.223592996913581e-14	14.80883720087938	2.826601559291174	2.826601559291174
237	112.8	115.2	2.238	-0.07000000000000001	3.12	0.044	2.4	0.889	0.371	7.359	1.223592996913581e-14	14.80883720087938	2.826601559291174	2.826601559291174
285	96.90000000000001	97.8	0.007	-0.215	0.065	-0.106	0.9	0.124	0.138	62.061	1.167007726400001e-14	14.83245135393647	2.92328850275024	2.92328850275024
285	98.40000000000001	99.59999999999999	0.081	-0.109	0.179	-0.135	1.2	0.101	0.08500000000000001	-14.981	1.167007726400001e-14	14.83245135393647	2.92328850275024	2.92328850275024
289	118.05	118.95	0.05	-0.244	0.187	0.07099999999999999	0.9	0.344	0.382	66.502	1.854022293029131e-14	14.57260149120798	2.078965958104948	2.078965958104948
322	130.65	133.8	0.021	-0.013	0.573	-0.2	3.15	0.583	0.185	-18.689	1.540886590337379e-14	14.68464926229001	2.390197544772995	2.390197544772995
361	72.15000000000001	73.05	0.046	0.026	0.221	-0.129	0.9	0.234	0.26	-41.671	5.869887075124896e-15	15.11756745870501	4.635105948837386	4.635105948837386
377	196.05	201.15	-0.595	0.135	1.139	-0.376	5.1	1.808	0.354	-16.416	1.862330114429358e-14	14.56974183003915	2.071850609762107	2.071850609762107
377	204.3	211.2	1.39	-0.387	3.352	-0.657	6.9	1.981	0.287	-7.857	1.862330114429358e-14	14.56974183003915	2.071850609762107	2.071850609762107
377	214.35	217.05	3.836	-0.618	4.898	-0.668	2.7	1.063	0.394	-2.677	1.862330114429358e-14	14.56974183003915	2.071850609762107	2.071850609762107
377	217.8	219.45	4.933	-0.546	5.951	-0.591	1.65	1.019	0.618	-2.536	1.862330114429358e-14	14.56974183003915	2.071850609762107	2.071850609762107
437	147	148.8	-0.034	-0.076	0.258	-0.062	1.8	0.292	0.162	2.799	1.886692139812877e-14	14.56138626904368	2.05127306474275	2.05127306474275
446	87.75	88.95	-0.524	-0.123	-1.236	-0.158	1.2	0.713	0.594	-177.191	7.586652580536257e-15	15.02234248426966	3.924014440593605	-3.924014440593605
455	72.3	73.2	-0.216	0.054	-0.9429999999999999	-0.198	0.9	0.77	0.855	-160.859	1.05025564713659e-14	14.882921271971	3.14762295121863	-3.14762295121863
456	67.8	69.15000000000001	0.107	-0.124	0.264	-0.2	1.35	0.174	0.129	-25.879	9.589235434007133e-15	14.92428474284737	3.351652745113534	3.351652745113534
499	74.09999999999999	76.2	-0.059	-0.104	-1.038	-0.017	2.1	0.983	0.468	174.917	1.264456866941015e-14	14.79209368219199	2.760970188991125	-2.760970188991125
517	92.7	93.90000000000001	0.051	0.045	0.293	-0.147	1.2	0.309	0.257	-38.444	1.400102523216579e-14	14.73819422668172	2.56477270736161	2.56477270736161
599	120.6	121.5	0.133	0.227	0.396	0.027	0.9	0.33	0.367	-37.272	1.124660316446508e-14	14.85047196506276	3.000508331059601	3.000508331059601
603	134.85	136.5	-0.068	-0.155	0.455	0.05	1.65	0.5620000000000001	0.34	21.413	8.250316299841726e-15	14.98855670623993	3.711069624258328	3.711069624258328
658	77.84999999999999	78.75	0.014	-0.192	0.344	-0.344	0.9	0.363	0.404	-24.74	1.018089843024109e-14	14.89728493149921	3.216276608720445	3.216276608720445
720	85.65000000000001	86.40000000000001	0.08500000000000001	-0.308	0.262	-0.03	0.75	0.33	0.439	57.513	1.642359660459137e-14	14.64736350452327	2.279136402474126	2.279136402474126
725	90.3	93	-0.159	-0.192	0.574	-0.092	2.7	0.74	0.274	7.716	2.375690162279035e-14	14.40193187760442	1.711775909047988	1.711775909047988
733	96.59999999999999	99.75	-0.005	-0.092	0.303	-0.097	3.15	0.308	0.098	-1.092	1.226268564461041e-14	14.80773318541402	2.822201081761159	2.822201081761159
995	110.55	113.1	-0.839	-0.08599999999999999	-0.259	0.013	2.55	0.588	0.231	9.673999999999999	1.295934301637459e-14	14.77936315315693	2.712612224237585	2.712612224237585
995	114.75	116.55	-0.074	0.047	0.407	0.095	1.8	0.483	0.269	5.641	1.295934301637459e-14	14.77936315315693	2.712612224237585	2.712612224237585
995	119.7	121.8	0.597	0.048	1.012	0.037	2.1	0.415	0.198	-1.463	1.295934301637459e-14	14.77936315315693	2.712612224237585	2.712612224237585
995	124.05	126	1.53	-0.013	2.152	0.096	1.95	0.632	0.324	9.981999999999999	1.295934301637459e-14	14.77936315315693	2.712612224237585	2.712612224237585
1080	101.7	103.5	0.08	0.044	0.441	0.127	1.8	0.37	0.206	12.936	1.023199476961097e-14	14.89498893789956	3.205150253483938	3.205150253483938
