trajectory	start     	end       	x1        	y1        	x2        	y2        	duration  	distance  	rate      	angle (deg)	msd_y	L_um	F_pN_abs	F_pN	
2	222.45	223.5	-0.136	0.003	0.358	-0.104	1.05	0.506	0.482	-12.24	1.807860334780888e-14	14.56604917012123	2.062717709114804	2.062717709114804
84	133.35	134.25	0.107	-0.09	-0.288	-0.307	0.9	0.451	0.501	-151.207	1.118354628561453e-14	14.83144747723535	2.919076179430026	-2.919076179430026
325	117.9	119.1	0.08799999999999999	-0.371	-0.286	-0.256	1.2	0.392	0.327	162.796	1.909681169784335e-14	14.53094131618142	1.978886272775542	-1.978886272775542
349	130.65	131.85	0.018	0.177	-0.805	-0.074	1.2	0.86	0.717	-163.013	1.238713528430232e-14	14.780668073576	2.717509369210993	-2.717509369210993
482	135.6	136.65	-0.07000000000000001	0.029	0.134	0.19	1.05	0.261	0.248	38.214	2.312343879815701e-14	14.39903616442435	1.706429000303305	1.706429000303305
488	125.7	126.9	0.114	-0.241	-0.44	0.16	1.2	0.6830000000000001	0.57	144.095	1.207184504132231e-14	14.7937388085383	2.767315214725164	-2.767315214725164
670	133.65	134.85	0.128	0.014	-0.13	-0.123	1.2	0.292	0.243	-151.975	2.845119745452633e-15	15.31647282998256	6.930010259794554	-6.930010259794554
793	134.55	135.45	-0.946	0.258	-1.49	0.061	0.9	0.579	0.643	-160.086	1.462044109419385e-14	14.69211678523125	2.413434892689247	-2.413434892689247
889	121.05	121.95	-0.037	0.126	0.037	0.147	0.9	0.076	0.08500000000000001	15.455	4.121552211341832e-14	13.89014819381425	1.055275234608192	1.055275234608192
920	240.3	242.4	0.131	-0.103	0.613	-0.094	2.1	0.482	0.229	0.984	2.059547863636754e-14	14.4806440915508	1.867597176335325	1.867597176335325
949	131.1	132.3	-0.019	-0.018	-0.8139999999999999	-0.018	1.2	0.795	0.663	-179.971	2.427537632733146e-14	14.3630268800543	1.642030382615504	-1.642030382615504
1102	157.35	158.55	-0.198	-0.012	-0.651	-0.297	1.2	0.535	0.446	-147.789	8.546144502017706e-15	14.95284250600196	3.504505797592394	-3.504505797592394
1160	127.8	128.85	0.126	-0.129	-0.112	0.017	1.05	0.28	0.266	148.454	1.457974192184196e-14	14.69367367616711	2.418323124408927	-2.418323124408927
1208	146.55	147.6	0.01	0.143	-0.248	-0.1	1.05	0.354	0.337	-136.651	1.351871553879217e-14	14.73497142217825	2.553721867537994	-2.553721867537994
1219	132.6	133.5	0.03	-0.107	0.304	-0.128	0.9	0.274	0.305	-4.441	1.327949023672973e-14	14.74448202001905	2.586544635533315	2.586544635533315
1445	132.75	134.25	-0.266	0.042	-1.29	0.031	1.5	1.024	0.6830000000000001	-179.355	1.868119232093665e-14	14.545175259197	2.012233171893562	-2.012233171893562
1445	138.15	140.1	-1.69	-0.145	-2.898	0.054	1.95	1.224	0.628	170.611	1.868119232093665e-14	14.545175259197	2.012233171893562	-2.012233171893562
1521	175.65	176.85	0.477	-0.399	0.9379999999999999	-0.291	1.2	0.473	0.394	13.112	2.636995822960302e-14	14.29919650578336	1.536716323055035	1.536716323055035
1762	171.45	172.5	0.032	-0.147	0.238	-0.026	1.05	0.24	0.228	30.508	7.064761888825048e-15	15.02940733849491	3.970887512273932	3.970887512273932
2306	127.2	128.1	0.062	-0.016	-0.205	-0.021	0.9	0.267	0.297	-178.736	2.388129707324105e-14	14.37526923793329	1.663498401744469	-1.663498401744469
2453	140.1	141.15	-0.314	-0.499	-0.989	-0.2	1.05	0.739	0.704	156.058	3.56144921086168e-14	14.03725065702709	1.197465008866515	-1.197465008866515
2535	115.8	116.85	-0.157	-0.135	0.189	0.066	1.05	0.4	0.381	30.185	2.160410870858957e-14	14.44762856542476	1.799685893723125	1.799685893723125
2542	165.6	166.95	0.021	-0.09	-0.168	-0.305	1.35	0.286	0.212	-131.237	1.111254579124114e-14	14.83452133075651	2.932003554409009	-2.932003554409009
2586	118.5	119.55	-0.011	-0.264	-0.624	0.607	1.05	1.065	1.014	125.132	2.375813027725267e-14	14.3791115702277	1.670325441898319	-1.670325441898319
2800	141.45	142.65	0.109	-0.113	-0.501	0.322	1.2	0.749	0.624	144.47	2.050684320597529e-14	14.48357628623594	1.873818272854557	-1.873818272854557
2840	166.35	167.25	0.046	-0.24	-0.325	-0.055	0.9	0.415	0.461	153.523	1.201885196523438e-14	14.79595118299086	2.775883182328502	-2.775883182328502
2908	186.6	187.5	0.224	-0.059	0.611	0.107	0.9	0.421	0.468	23.268	1.669983324298397e-14	14.61494617309108	2.188866571941984	2.188866571941984
2908	189	189.75	0.67	-0.06	1.024	0.236	0.75	0.461	0.614	39.851	1.669983324298397e-14	14.61494617309108	2.188866571941984	2.188866571941984
3011	173.4	175.05	-1.323	-0.338	-5.309	-0.106	1.65	3.992	2.42	176.659	1.537561045751636e-14	14.66356817306656	2.326413246400187	-2.326413246400187
3069	127.8	129	0.221	0.203	0.038	0.307	1.2	0.21	0.175	150.195	3.083795429155556e-14	14.16906498344893	1.351856923869858	-1.351856923869858
3092	173.1	173.85	-0.07199999999999999	-0.164	0.162	0.254	0.75	0.479	0.638	60.794	2.69445999130337e-14	14.28202565258479	1.510159817103444	1.510159817103444
3150	128.55	129.6	-0.438	-0.23	-0.754	-0.248	1.05	0.316	0.301	-176.633	1.615101900147929e-14	14.6348867920451	2.243730273777795	-2.243730273777795
3150	129.9	131.1	-0.746	-0.344	-1.344	-0.318	1.2	0.599	0.499	177.589	1.615101900147929e-14	14.6348867920451	2.243730273777795	-2.243730273777795
3153	160.95	161.85	-0.045	0.073	0.208	-0.057	0.9	0.284	0.316	-27.13	1.383614980153061e-14	14.72246826265847	2.511530425185446	2.511530425185446
3229	123.15	124.05	-0.005	-0.006	0.342	-0.198	0.9	0.397	0.441	-28.983	1.511389889069167e-14	14.67339052582868	2.3558042256006	2.3558042256006
3425	116.7	118.35	0.282	0.119	-0.334	-0.325	1.65	0.759	0.46	-144.256	1.108821431734747e-14	14.83557686328867	2.936462834931575	-2.936462834931575
3473	127.35	128.1	-0.242	-0.194	-0.426	-0.218	0.75	0.186	0.247	-172.636	1.840162997500001e-14	14.55482382799348	2.035330396102006	-2.035330396102006
3500	138.75	140.1	-0.256	-0.011	-1.346	0.06	1.35	1.092	0.8090000000000001	176.283	1.989036717512419e-14	14.5041148597922	1.918300348628518	-1.918300348628518
3551	138.15	138.9	-0.23	-0.167	-0.058	-0.179	0.75	0.173	0.231	-3.932	1.667615916068027e-14	14.61580047362594	2.19117473729366	2.19117473729366
3577	142.05	143.1	-0.365	-0.118	-0.898	-0.065	1.05	0.535	0.51	174.324	1.602393096618651e-14	14.63954591334424	2.256852675810348	-2.256852675810348
3578	163.8	165	-0.016	0.012	-0.578	-0.118	1.2	0.576	0.48	-166.959	1.462283216415205e-14	14.6920253779908	2.41314836748507	-2.41314836748507
3685	166.65	170.4	0.026	-0.218	0.736	-0.08799999999999999	3.75	0.722	0.193	10.358	1.007479841434163e-14	14.88056934977494	3.136594403211503	3.136594403211503
3763	143.85	144.75	0.046	-0.261	0.243	0.162	0.9	0.467	0.519	65.062	2.782651934730098e-14	14.25593752040716	1.471146155728582	1.471146155728582
3871	134.25	135.45	0.029	-0.094	-0.6899999999999999	-0.051	1.2	0.72	0.6	176.636	1.653058682249816e-14	14.62106507198906	2.205481357520648	-2.205481357520648
4010	127.2	128.55	-0.123	-0.193	0.504	0.095	1.35	0.6899999999999999	0.511	24.649	1.803507467917914e-14	14.56756822537869	2.066467236712283	2.066467236712283
4040	154.5	155.55	-0.123	-0.049	-0.493	-0.298	1.05	0.446	0.424	-146.037	1.56970813207126e-14	14.65160264633182	2.291361035078896	-2.291361035078896
4732	135.15	136.2	0.099	-0.363	-0.187	-0.25	1.05	0.308	0.293	158.543	2.687391881696093e-14	14.28413019304036	1.513376481525456	-1.513376481525456
5017	114.75	115.5	-0.056	-0.083	-0.395	0.348	0.75	0.549	0.732	128.183	1.869181219425974e-14	14.54480992582325	2.011366530217011	-2.011366530217011
5199	137.1	138.3	-0.07199999999999999	0.029	-0.45	-0.008999999999999999	1.2	0.38	0.316	-174.242	1.337995131719473e-14	14.74047872395321	2.572650448994766	-2.572650448994766
5234	141.9	142.65	-0.016	-0.123	0.184	0.13	0.75	0.322	0.429	51.606	2.97080439751046e-14	14.20128084297175	1.394289988903013	1.394289988903013
5293	138.9	140.25	0.09	-0.316	0.394	-0.18	1.35	0.333	0.247	24.183	1.957186240564889e-14	14.51482813340722	1.942149571371832	1.942149571371832
5816	206.85	207.9	2.146	0.089	1.262	0.176	1.05	0.887	0.845	174.414	4.833656244221559e-15	15.16304540703462	5.045808807093981	-5.045808807093981
7132	165	166.8	0.8129999999999999	0.077	1.808	-0.077	1.8	1.007	0.5590000000000001	-8.762	2.87038720338319e-14	14.23028747111551	1.434283978737056	1.434283978737056
7132	172.65	173.7	2.344	-0.059	3.106	0.548	1.05	0.974	0.927	38.539	2.87038720338319e-14	14.23028747111551	1.434283978737056	1.434283978737056
7445	171.15	172.35	1.445	-0.303	1.022	-0.313	1.2	0.423	0.352	-178.64	4.259507265212172e-15	15.20278035069806	5.451568832676602	-5.451568832676602
7445	173.25	174	0.8159999999999999	-0.366	0.333	-0.136	0.75	0.535	0.714	154.467	4.259507265212172e-15	15.20278035069806	5.451568832676602	-5.451568832676602
7491	224.1	227.25	-0.082	-0.128	1.478	-0.054	3.15	1.562	0.496	2.704	2.365787490010122e-14	14.38224488515104	1.675924688078571	1.675924688078571
7997	292.65	293.85	3.154	0.057	3.638	0.019	1.2	0.486	0.405	-4.494	1.74383320040094e-14	14.58855146919346	2.119348298015709	2.119348298015709
8140	207.15	208.05	-0.203	0.3	0.056	0.425	0.9	0.288	0.32	25.752	2.451614097070042e-14	14.35558522575827	1.629188596189654	1.629188596189654
8261	242.25	244.35	-0.28	0.004	0.634	0.043	2.1	0.914	0.435	2.469	6.536438719375003e-14	13.31458802404734	0.691201803677877	0.691201803677877
8592	207.3	208.05	1.443	-0.611	0.838	-0.165	0.75	0.752	1.002	143.576	4.239219349245539e-15	15.20423885817995	5.467392851278171	-5.467392851278171
2	116.25	117.15	0.174	0.065	0.299	0.173	0.9	0.165	0.183	40.856	1.821435906176445e-14	14.56132142956931	2.051114609417755	2.051114609417755
295	149.7	150.6	-0.027	0.065	-0.168	-0.055	0.9	0.185	0.205	-139.686	9.901758976000005e-15	14.88846628985056	3.173859433526951	-3.173859433526951
298	208.5	210.15	-0.034	-0.135	0.6899999999999999	-0.079	1.65	0.725	0.44	4.43	1.735357168484177e-14	14.5915563720395	2.127090665477835	2.127090665477835
637	120	120.9	0.027	-0.258	-0.27	-0.048	0.9	0.365	0.405	144.69	2.226881965277777e-14	14.42620781927413	1.757633347721198	-1.757633347721198
684	120.9	122.1	-0.051	0.046	0.475	-0.185	1.2	0.575	0.479	-23.634	1.348991061533888e-14	14.73611252450845	2.557626318899501	2.557626318899501
697	123.15	124.05	-0.018	-0.012	0.262	-0.141	0.9	0.308	0.342	-24.715	3.047589441264777e-15	15.29838376097441	6.656894862234243	6.656894862234243
791	126.6	128.1	-0.08500000000000001	-0.023	0.165	0.064	1.5	0.264	0.176	19.318	1.263459290360982e-14	14.77051680485184	2.679765756967332	2.679765756967332
822	139.05	139.8	-0.013	-0.166	0.224	-0.216	0.75	0.242	0.323	-11.886	2.047797476788576e-14	14.48453240832171	1.87585371491509	1.87585371491509
885	133.65	134.4	0.152	-0.114	0.507	-0.132	0.75	0.356	0.474	-2.778	3.311728604444446e-14	14.10533366405728	1.273585718839186	1.273585718839186
1030	131.25	132.15	-0.722	-0.099	-1.154	0.18	0.9	0.514	0.571	147.168	3.219336930596423e-14	14.1309732668395	1.304209748476878	-1.304209748476878
1105	136.05	136.8	-0.08	-0.264	-0.341	-0.025	0.75	0.354	0.472	137.456	3.984645182141485e-14	13.92546035314609	1.086919781954744	-1.086919781954744
1430	210.6	212.25	-0.08	-0.149	0.63	-0.056	1.65	0.716	0.434	7.442	1.417120062195493e-14	14.70941038589172	2.468593935818125	2.468593935818125
1770	147.75	148.65	-0.091	-0.187	-0.301	-0.107	0.9	0.225	0.25	158.973	1.474992036088215e-14	14.68717647231939	2.398023237290088	-2.398023237290088
2137	144	145.2	0.286	-0.318	0.63	-0.149	1.2	0.383	0.319	26.195	2.542946591220848e-14	14.32760792581977	1.582267401569325	1.582267401569325
2137	147.15	148.95	0.864	0.215	1.645	0.285	1.8	0.784	0.436	5.141	2.542946591220848e-14	14.32760792581977	1.582267401569325	1.582267401569325
2137	157.2	158.85	2.75	0.285	3.328	0.385	1.65	0.586	0.355	9.863	2.542946591220848e-14	14.32760792581977	1.582267401569325	1.582267401569325
2137	159.75	160.5	3.512	0.416	3.763	0.549	0.75	0.284	0.379	27.997	2.542946591220848e-14	14.32760792581977	1.582267401569325	1.582267401569325
2159	138.75	140.1	0.042	-0.153	0.909	-0.125	1.35	0.868	0.643	1.837	3.564803874069186e-14	14.03634746729337	1.196503005750387	1.196503005750387
2204	113.4	114.6	-0.11	-0.157	-0.848	-0.08599999999999999	1.2	0.741	0.617	174.532	2.371525533997863e-14	14.38045092308345	1.672715341246136	-1.672715341246136
2303	147.75	148.5	-0.005	-0.025	0.379	0.066	0.75	0.395	0.526	13.322	2.692020118254846e-14	14.28275189413245	1.511268640988006	1.511268640988006
2333	122.55	124.05	-0.08	-0.168	0.272	-0.322	1.5	0.384	0.256	-23.681	2.717920675555554e-14	14.27505498441684	1.49958055851316	1.49958055851316
2349	212.55	213.45	-0.04	-0.165	0.178	-0.309	0.9	0.261	0.29	-33.501	3.573940515927822e-14	14.03388904152682	1.193890557597005	1.193890557597005
2437	163.8	165.75	2.032	-0.48	2.837	-0.52	1.95	0.806	0.413	-2.88	1.419892138421497e-14	14.70833625638519	2.465112047316304	2.465112047316304
2608	168.45	169.2	0.221	0.545	0.578	0.374	0.75	0.395	0.527	-25.546	1.830023592093342e-14	14.55833836725507	2.043844820957881	2.043844820957881
2713	131.85	132.75	0.051	-0.094	-0.514	-0.044	0.9	0.5669999999999999	0.63	174.884	5.263839248283037e-15	15.13499219393756	4.786262762450661	-4.786262762450661
2718	138.9	140.4	-0.021	-0.351	0.542	-0.028	1.5	0.649	0.433	29.836	1.728241847554357e-14	14.59408369429872	2.133636120321434	2.133636120321434
2747	152.55	153.75	-1.352	-0.427	-1.062	-0.216	1.2	0.358	0.299	36.059	2.401205136110998e-14	14.37119862947967	1.656312518728587	1.656312518728587
2752	129.15	129.9	0.099	-0.207	-0.398	-0.415	0.75	0.539	0.719	-157.332	4.22597312510926e-14	13.86346924025618	1.032307328587496	-1.032307328587496
2843	153.75	154.95	-0.045	-0.073	0.474	-0.076	1.2	0.518	0.432	-0.343	1.532779884943463e-14	14.66535709025906	2.331724210002181	2.331724210002181
2895	119.55	120.45	0.16	-0.238	-0.19	0.135	0.9	0.512	0.569	133.173	1.543791991561524e-14	14.66124045818639	2.319530357472125	-2.319530357472125
2895	132	133.2	-0.269	-0.125	-1.131	0.065	1.2	0.883	0.736	167.593	1.543791991561524e-14	14.66124045818639	2.319530357472125	-2.319530357472125
2956	125.1	126	0.122	-0.262	-0.4	-0.256	0.9	0.522	0.58	179.361	1.964532043228237e-14	14.51235097586792	1.936594778242619	-1.936594778242619
2985	197.1	200.85	-0.037	0.248	1.109	0.449	3.75	1.163	0.31	9.922000000000001	7.517271935999981e-15	15.00521003093535	3.813776583986193	3.813776583986193
3084	158.1	158.85	0.118	0.053	-0.115	0.186	0.75	0.268	0.358	150.475	2.54543191673077e-14	14.32685204309103	1.58102870237731	-1.58102870237731
3147	126.45	127.35	-0.011	-0.043	0.318	0.07199999999999999	0.9	0.349	0.388	19.254	1.723575140148652e-14	14.59574368509742	2.137952102478698	2.137952102478698
3194	211.35	213.45	-0.06900000000000001	-0.07000000000000001	0.091	-0.08599999999999999	2.1	0.161	0.077	-5.548	2.100834526411187e-14	14.46705264152204	1.83917110840757	1.83917110840757
3267	126.6	127.35	1.861	-2.409	1.419	-2.464	0.75	0.445	0.593	-172.961	2.03539210118491e-14	14.48864731673814	1.884652623024873	-1.884652623024873
3282	132.6	134.7	0.075	0.039	0.667	-0.252	2.1	0.66	0.314	-26.186	2.589442440867451e-14	14.31351298419106	1.559413020863456	1.559413020863456
3290	136.05	137.25	-0.011	0.07000000000000001	-0.624	0.002	1.2	0.617	0.514	-173.612	1.88876993996238e-14	14.53808664082502	1.995519276336471	-1.995519276336471
3301	123.15	123.9	-0.022	-0.221	0.245	-0.634	0.75	0.492	0.656	-57.089	2.916740051020407e-14	14.21685257754426	1.415542697756713	1.415542697756713
3425	143.7	145.2	-0.061	-0.166	-0.5629999999999999	0.163	1.5	0.6	0.4	146.793	3.292743381944446e-14	14.11058148662825	1.279762475950019	-1.279762475950019
3452	193.2	194.1	0.008	-0.013	0.347	-0.104	0.9	0.351	0.39	-15.024	2.364724436134389e-14	14.38257742821905	1.676520639531581	1.676520639531581
3480	123.75	124.8	-0.038	-0.123	0.339	0.049	1.05	0.415	0.395	24.537	2.249678432854623e-14	14.41892024538876	1.743670457019383	1.743670457019383
3516	186.3	187.95	-1.232	-0.208	-2.522	-0.427	1.65	1.308	0.793	-170.361	3.089216240586605e-14	14.1675302100939	1.349885413869457	-1.349885413869457
3516	188.4	190.5	-2.971	-0.476	-4.16	-0.723	2.1	1.214	0.578	-168.279	3.089216240586605e-14	14.1675302100939	1.349885413869457	-1.349885413869457
3537	133.95	134.85	0.347	-0.156	-0.315	0.105	0.9	0.712	0.791	158.5	1.607989861002604e-14	14.63749214216534	2.251053792552179	-2.251053792552179
3544	134.55	135.45	-0.048	-0.122	0.157	0.135	0.9	0.329	0.365	51.462	1.327333102055912e-14	14.74472790664684	2.587401765158449	2.587401765158449
3544	136.05	137.25	0.219	-0.029	0.582	-0.081	1.2	0.367	0.306	-8.121	1.327333102055912e-14	14.74472790664684	2.587401765158449	2.587401765158449
3547	185.4	191.55	-1.92	0.138	0.102	-0.079	6.15	2.034	0.331	-6.135	1.453604429083005e-14	14.69534741874645	2.423595146653694	2.423595146653694
3547	200.85	201.9	1.491	-0.03	1.918	-0.198	1.05	0.459	0.437	-21.458	1.453604429083005e-14	14.69534741874645	2.423595146653694	2.423595146653694
3547	226.2	227.25	4.296	-0.173	4.603	-0.271	1.05	0.322	0.307	-17.579	1.453604429083005e-14	14.69534741874645	2.423595146653694	2.423595146653694
3547	232.65	233.7	3.834	-0.224	4.19	-0.244	1.05	0.357	0.34	-3.233	1.453604429083005e-14	14.69534741874645	2.423595146653694	2.423595146653694
3547	255.45	258.6	3.306	-0.179	4.675	-0.191	3.15	1.37	0.435	-0.533	1.453604429083005e-14	14.69534741874645	2.423595146653694	2.423595146653694
3607	134.7	135.45	0.013	0.123	0.267	0.092	0.75	0.256	0.342	-7.078	2.37416432115651e-14	14.37962649148572	1.671243628889155	1.671243628889155
3662	214.2	215.55	0.029	-0.126	0.698	-0.01	1.35	0.679	0.503	9.861000000000001	1.983569632752376e-14	14.50594874558636	1.922350828536342	1.922350828536342
3736	128.55	129.3	0.083	0.104	0.222	0.019	0.75	0.163	0.217	-31.404	1.890746041587901e-14	14.53741001164516	1.993935030229033	1.993935030229033
3800	115.2	117.45	-0.003	0.039	0.45	0.07199999999999999	2.25	0.454	0.202	4.139	2.355752731206057e-14	14.38538627204673	1.681567418791334	1.681567418791334
3819	125.1	128.25	-0.536	0.16	0.19	-0.041	3.15	0.754	0.239	-15.52	4.237779931329808e-14	13.86046602168057	1.029770658980931	1.029770658980931
3819	134.85	138	-0.571	-0.227	-0.043	0.033	3.15	0.588	0.187	26.187	4.237779931329808e-14	13.86046602168057	1.029770658980931	1.029770658980931
3819	141.75	143.1	0.229	-0.199	0.741	-0.233	1.35	0.513	0.38	-3.871	4.237779931329808e-14	13.86046602168057	1.029770658980931	1.029770658980931
3819	144.15	147.75	-0.062	-0.124	1.25	-0.416	3.6	1.344	0.373	-12.541	4.237779931329808e-14	13.86046602168057	1.029770658980931	1.029770658980931
3819	164.7	165.6	2.987	-0.044	3.283	-0.258	0.9	0.365	0.406	-35.858	4.237779931329808e-14	13.86046602168057	1.029770658980931	1.029770658980931
3928	127.8	128.85	0.03	0.1	0.512	0.128	1.05	0.482	0.459	3.304	2.313355779513451e-14	14.39871683585502	1.705840936728936	1.705840936728936
3966	132.75	134.55	-0.043	-0.187	-0.453	0.049	1.8	0.473	0.263	150.091	3.054563848487654e-14	14.17735798945245	1.362587247923912	-1.362587247923912
3984	160.95	163.05	-0.744	0.044	-1.029	0.156	2.1	0.306	0.146	158.552	2.743100936170483e-14	14.26759838952008	1.488389893290898	-1.488389893290898
4206	131.7	132.75	-0.378	-0.285	-0.654	-0.054	1.05	0.36	0.343	140.176	3.441959231119357e-14	14.06961455614869	1.232744093409646	-1.232744093409646
4229	146.85	147.75	-0.038	-0.193	0.261	-0.133	0.9	0.305	0.339	11.337	1.693020601716704e-14	14.60665989333856	2.166670485520966	2.166670485520966
5002	135.15	136.8	-0.037	-0.421	-0.478	-0.6879999999999999	1.65	0.516	0.313	-148.805	1.616078973293021e-14	14.63452924954898	2.242728085489352	-2.242728085489352
5173	164.4	167.7	-0.227	-0.031	1.115	-0.106	3.3	1.345	0.407	-3.212	2.156718276643992e-14	14.448826185407	1.802082560724156	1.802082560724156
5173	171.15	172.05	1.707	0.073	2.133	0.428	0.9	0.555	0.616	39.873	2.156718276643992e-14	14.448826185407	1.802082560724156	1.802082560724156
5331	142.5	143.25	-0.144	0.07199999999999999	0.794	-0.497	0.75	1.097	1.462	-31.25	3.626699589086127e-14	14.01973460821795	1.179020031636732	1.179020031636732
5350	132.75	133.95	1.675	0.163	0.986	0.116	1.2	0.6909999999999999	0.576	-176.078	1.536728651373403e-14	14.66387944595232	2.327336026945804	-2.327336026945804
5350	136.35	137.55	0.672	0.301	0.138	0.155	1.2	0.554	0.462	-164.784	1.536728651373403e-14	14.66387944595232	2.327336026945804	-2.327336026945804
5350	137.7	138.45	-0.157	0.029	-0.802	-0.057	0.75	0.651	0.867	-172.355	1.536728651373403e-14	14.66387944595232	2.327336026945804	-2.327336026945804
5441	295.2	296.85	0.054	-0.077	0.645	-0.244	1.65	0.614	0.372	-15.811	5.532064322018171e-14	13.54501539628147	0.8090809097904701	0.8090809097904701
5441	298.95	299.85	1.096	0.137	1.525	0.06	0.9	0.436	0.484	-10.178	5.532064322018171e-14	13.54501539628147	0.8090809097904701	0.8090809097904701
43	186	187.05	-0.246	-0.192	-0.35	-0.273	1.05	0.132	0.125	-142.193	2.098790666537468e-14	14.46772291982868	1.840557344775828	-1.840557344775828
143	158.55	160.95	-0.282	0.017	-1	-0.15	2.4	0.738	0.307	-166.916	1.589658663932674e-14	14.64423052722418	2.27016570662702	-2.27016570662702
495	139.35	140.25	0.083	0.301	-0.198	-0.217	0.9	0.59	0.655	-118.523	9.213103920325964e-15	14.92058361995076	3.332587772905102	-3.332587772905102
620	133.8	134.7	0.126	-0.258	-0.274	-0.136	0.9	0.418	0.465	163.082	1.379734487946704e-14	14.72398972993322	2.516607408694413	-2.516607408694413
673	152.4	153.3	0.138	0.005	0.014	-0.023	0.9	0.126	0.14	-167.464	5.30142282491102e-15	15.13260296301428	4.765098035284868	-4.765098035284868
810	116.55	117.45	0.016	-0.029	-0.328	0.248	0.9	0.442	0.491	141.094	1.078417032055201e-14	14.84886074221756	2.993478250690457	-2.993478250690457
1034	130.05	130.95	0.08599999999999999	0.093	-0.304	-0.385	0.9	0.617	0.6860000000000001	-129.231	1.134646981956316e-14	14.82442866593735	2.889881723609465	-2.889881723609465
1148	157.05	159.15	-0.083	0.175	0.282	0.569	2.1	0.537	0.256	47.247	1.531282818262166e-14	14.66591773484614	2.33339247842527	2.33339247842527
1173	170.25	171	-0.0008	0.161	-0.55	-0.014	0.75	0.577	0.769	-162.368	3.957481013056974e-15	15.22492499988285	5.699524272881646	-5.699524272881646
1250	121.95	122.7	-0.019	-0.223	0.058	-0.089	0.75	0.155	0.206	60.248	1.405453084627668e-14	14.71394146867413	2.483364918994788	2.483364918994788
1507	141.15	142.5	-0.037	-0.013	0.49	0.007	1.35	0.527	0.39	2.127	1.410072740773744e-14	14.71214533519933	2.477493540060304	2.477493540060304
1643	124.35	125.55	0.03	0.017	0.362	0.045	1.2	0.332	0.277	4.904	1.765470730888429e-14	14.58090852914321	2.099849179721951	2.099849179721951
1670	112.2	113.1	0.03	-0.052	-0.229	-0.289	0.9	0.351	0.39	-137.637	1.779286756679116e-14	14.57604906395294	2.087594059052893	-2.087594059052893
1737	131.7	132.6	-0.79	-0.068	-1.262	-0.22	0.9	0.496	0.551	-162.189	1.717560999183673e-14	14.59788579340641	2.143541391739542	-2.143541391739542
1863	170.4	171.15	0.077	0.154	-0.587	0.6889999999999999	0.75	0.852	1.137	141.167	2.318597894409601e-14	14.39706344095	1.702801088369999	-1.702801088369999
1884	121.65	122.7	0.11	-0.159	-0.41	-0.167	1.05	0.52	0.495	-179.106	6.330132963988912e-15	15.0704933992184	4.26112753035971	-4.26112753035971
2125	132	135.9	-0.93	0.516	-2.29	0.289	3.9	1.379	0.354	-170.508	1.595752662339991e-14	14.64198670480205	2.263774112532914	-2.263774112532914
2156	165.9	167.4	-0.47	-0.057	0.03	0.051	1.5	0.512	0.342	12.186	1.144176150052078e-14	14.82034549868751	2.873102333850804	2.873102333850804
2567	169.35	171.15	-1.213	-0.15	-2.109	-0.54	1.8	0.977	0.543	-156.452	1.777812061139478e-14	14.57656699235102	2.088894999384817	-2.088894999384817
3040	244.05	246.3	-0.066	-0.07099999999999999	0.648	-0.051	2.25	0.714	0.317	1.617	1.320057880208333e-14	14.74763623641991	2.597572835817266	2.597572835817266
3598	174.15	175.65	-0.029	0.032	-0.514	0.118	1.5	0.492	0.328	169.9	9.349977688530813e-15	14.91410855191123	3.299628532184362	-3.299628532184362
4068	124.95	125.7	2.304	-0.028	0.718	-0.15	0.75	1.59	2.12	-175.612	1.498531319722221e-14	14.67824389101197	2.370536903973882	-2.370536903973882
4568	141.3	142.5	0.208	0.081	-0.726	-0.093	1.2	0.95	0.792	-169.449	1.168252851728394e-14	14.81009952370356	2.831645870193225	-2.831645870193225
4869	166.05	167.4	0.08799999999999999	-0.144	-0.36	-0.014	1.35	0.467	0.346	163.804	2.519336303710938e-14	14.33480285394924	1.594133315341604	-1.594133315341604
5177	144.3	145.5	0.427	-0.047	-1.094	0.226	1.2	1.546	1.288	169.817	3.572691942111029e-14	14.03422487271136	1.194246906810043	-1.194246906810043
5211	186	188.7	-0.219	0.096	-1.979	-0.216	2.7	1.788	0.662	-169.932	2.304502420656267e-14	14.40151258296761	1.711000090186352	-1.711000090186352
5626	154.35	155.1	0.03	-0.113	-0.442	0.139	0.75	0.535	0.714	151.87	1.843777561139478e-14	14.55357290100343	2.032312986128963	-2.032312986128963
5946	133.65	135.3	1.314	0.058	0.08	0.091	1.65	1.234	0.748	178.476	2.715473292707106e-15	15.32847278081105	7.120644646325706	-7.120644646325706
6006	162.9	164.55	0.947	-0.334	-0.502	0.07099999999999999	1.65	1.505	0.912	164.389	1.864015418265272e-14	14.54658782257903	2.015589441398941	-2.015589441398941
6189	157.2	160.2	1.01	-0.099	-0.554	0.036	3	1.569	0.523	175.077	1.308992289565463e-14	14.75207382026848	2.613210137525895	-2.613210137525895
6368	180.15	180.9	-0.045	-0.26	0.626	-0.407	0.75	0.6860000000000001	0.915	-12.411	1.423143614990234e-14	14.70707756153086	2.461041418182501	2.461041418182501
6523	203.4	204.3	0.054	0.029	0.666	-0.065	0.9	0.618	0.6870000000000001	-8.804	1.797988030122868e-14	14.56949660667851	2.071242188902656	2.071242188902656
6523	214.65	215.85	2.941	0.112	3.683	-0.197	1.2	0.804	0.67	-22.585	1.797988030122868e-14	14.56949660667851	2.071242188902656	2.071242188902656
6523	217.35	219.15	3.846	-0.075	4.774	0.007	1.8	0.9320000000000001	0.518	5.103	1.797988030122868e-14	14.56949660667851	2.071242188902656	2.071242188902656
7161	176.55	177.3	0.059	0.615	-0.08799999999999999	0.114	0.75	0.522	0.696	-106.372	2.660638143218322e-14	14.29211506514858	1.52567752463207	-1.52567752463207
90	136.2	137.25	-0.28	0.239	0.104	0.162	1.05	0.392	0.373	-11.439	3.58602272208784e-15	15.25355840288686	6.046284588778102	6.046284588778102
123	131.55	132.3	-0.09	-0.185	-0.358	0.06	0.75	0.364	0.485	137.605	1.380394866849251e-14	14.72373067207958	2.515741851371576	-2.515741851371576
151	132.3	133.35	-0.08	0.198	0.498	-0.007	1.05	0.613	0.584	-19.544	7.647429846813958e-14	13.06975540463144	0.5930991030080502	0.5930991030080502
215	135.6	136.5	-0.211	-0.124	0.093	-0.028	0.9	0.319	0.354	17.578	1.620025946513457e-14	14.6330858758361	2.238689282376664	2.238689282376664
377	156.6	157.35	-0.08599999999999999	-0.12	0.229	-0.152	0.75	0.317	0.422	-5.823	1.571530035513984e-14	14.65092773089354	2.289408038922299	2.289408038922299
704	126.45	128.7	0.034	-0.122	0.486	0.049	2.25	0.484	0.215	20.67	3.346567816252932e-14	14.09573087561617	1.262402014993472	1.262402014993472
772	217.8	220.8	0.912	0.094	2.165	0.111	3	1.253	0.418	0.768	2.376256066172945e-14	14.37897322493687	1.670078882469633	1.670078882469633
949	133.95	134.7	0.078	0.129	0.344	0.066	0.75	0.273	0.364	-13.353	1.470193918300289e-14	14.68900495578998	2.403709730793398	2.403709730793398
1042	160.05	162.15	-0.197	-0.154	0.6860000000000001	0.258	2.1	0.974	0.464	24.998	1.181320071285364e-14	14.80458013749	2.809690786059636	2.809690786059636
1267	151.5	152.25	0.056	-0.08	-0.12	-0.145	0.75	0.188	0.25	-159.528	3.715009689321557e-15	15.24342617897309	5.920016583366512	-5.920016583366512
1283	142.5	143.25	0.454	-0.039	-0.288	0.176	0.75	0.773	1.031	163.825	2.340723330665717e-14	14.39010102798687	1.690091370437138	-1.690091370437138
1288	168	174.45	-0.013	-0.167	1.286	-0.301	6.45	1.306	0.202	-5.881	1.705121287587885e-14	14.60232671760066	2.155200419919244	2.155200419919244
1891	136.2	138.15	-0.106	-0.023	0.653	-0.096	1.95	0.762	0.391	-5.53	2.099405087736494e-14	14.4675213943881	1.84014039110485	1.84014039110485
1897	124.2	126.15	-0.082	-0.011	0.534	-0.416	1.95	0.737	0.378	-33.32	1.654607363315698e-14	14.62050404975305	2.203949971285641	2.203949971285641
1992	142.2	143.55	-0.112	-0.182	0.374	-0.127	1.35	0.489	0.363	6.447	1.648678286882667e-14	14.62265313098458	2.209825025976476	2.209825025976476
1992	144.9	145.65	0.382	-0.292	0.59	-0.168	0.75	0.242	0.323	30.693	1.648678286882667e-14	14.62265313098458	2.209825025976476	2.209825025976476
2224	145.65	146.55	0.243	0.141	0.714	-0.153	0.9	0.555	0.616	-32.005	2.7489936775e-14	14.26585707547252	1.485795135506715	1.485795135506715
2242	172.65	174	-0.458	-0.065	-0.182	0.154	1.35	0.352	0.261	38.512	2.141738459276845e-14	14.45369304305286	1.811872734256911	1.811872734256911
2559	157.05	158.85	-0.01	-0.163	0.853	0.007	1.8	0.879	0.488	11.205	1.712437692113882e-14	14.59971312636954	2.14832707088439	2.14832707088439
2638	137.1	139.5	-0.296	0.042	-1.286	-0.144	2.4	1.008	0.42	-169.353	1.375574148056294e-14	14.72562306120585	2.522075147421738	-2.522075147421738
2708	126.6	127.35	-0.048	-0.013	-0.365	0.097	0.75	0.335	0.447	160.862	1.498870016024132e-14	14.67811581800794	2.370146322212581	-2.370146322212581
2911	135.3	136.35	-0.008	-0.129	-0.579	-0.154	1.05	0.572	0.545	-177.414	9.085552971903442e-15	14.92666062538929	3.363978852533099	-3.363978852533099
2967	121.5	122.25	0.122	0.0005	-0.304	-0.219	0.75	0.479	0.638	-152.735	4.078641229142309e-14	13.90117461254199	1.065000872407932	-1.065000872407932
3157	128.25	129.6	-0.066	-0.07099999999999999	0.267	-0.253	1.35	0.379	0.281	-28.597	2.928562023331045e-14	14.21343864944585	1.410840633304697	1.410840633304697
3673	128.1	128.85	-0.341	-0.016	-0.77	-0.166	0.75	0.454	0.606	-160.648	4.899510175382649e-15	15.15866279842535	5.003875313095431	-5.003875313095431
3731	152.55	153.3	-0.501	-0.122	-0.955	-0.117	0.75	0.454	0.606	179.378	1.445084469135802e-14	14.69861724760109	2.433945420068631	-2.433945420068631
4167	196.2	197.55	-1.058	-0.272	-1.395	0.125	1.35	0.521	0.386	130.411	1.277084105228582e-14	14.76496664825874	2.659467010871182	-2.659467010871182
4167	201.15	202.05	-2.685	0.09	-2.054	0.145	0.9	0.633	0.703	4.981	1.277084105228582e-14	14.76496664825874	2.659467010871182	2.659467010871182
4167	202.8	204.6	-1.59	0.077	-1.115	0.004	1.8	0.481	0.267	-8.717000000000001	1.277084105228582e-14	14.76496664825874	2.659467010871182	2.659467010871182
4167	207	208.65	-0.28	0.205	0.302	-0.03	1.65	0.628	0.381	-21.951	1.277084105228582e-14	14.76496664825874	2.659467010871182	2.659467010871182
4167	220.95	222.3	0.362	0.254	1.054	0.189	1.35	0.696	0.515	-5.302	1.277084105228582e-14	14.76496664825874	2.659467010871182	2.659467010871182
4167	223.2	224.55	1.634	0.107	2.104	0.172	1.35	0.475	0.352	7.91	1.277084105228582e-14	14.76496664825874	2.659467010871182	2.659467010871182
4193	135.3	137.7	0.094	0.004	0.894	0.175	2.4	0.8179999999999999	0.341	12.062	2.797786257887516e-14	14.25149176942122	1.464653008746379	1.464653008746379
4199	146.25	147.3	0.195	0.131	0.643	0.251	1.05	0.464	0.442	14.99	7.804851636610324e-14	13.03573906125417	0.5812177663139836	0.5812177663139836
4199	148.2	150.9	0.768	-0.108	1.878	0.239	2.7	1.163	0.431	17.317	7.804851636610324e-14	13.03573906125417	0.5812177663139836	0.5812177663139836
4411	194.7	196.2	0.062	-0.103	0.517	0.035	1.5	0.475	0.317	16.879	2.70319278631306e-14	14.27942830693931	1.506204450462277	1.506204450462277
4411	196.8	197.85	0.581	-0.108	1.021	-0.212	1.05	0.452	0.431	-13.301	2.70319278631306e-14	14.27942830693931	1.506204450462277	1.506204450462277
4424	138.9	140.1	-0.027	0.219	0.261	-0.06900000000000001	1.2	0.408	0.34	-45.069	1.380306170752325e-14	14.72376546313456	2.515858067885699	2.515858067885699
4468	165.6	166.5	-0.232	-0.302	-0.915	-0.07099999999999999	0.9	0.721	0.801	161.365	3.836684400756145e-14	13.96407306676085	1.123242739616535	-1.123242739616535
4894	184.95	187.8	-0.173	-0.131	-1.44	-0.066	2.85	1.269	0.445	177.047	2.845062047641238e-14	14.23766136945103	1.444733763553921	-1.444733763553921
4986	138	138.75	0.405	-0.08	0.038	-0.043	0.75	0.368	0.491	174.132	3.28474737770805e-15	15.27809910458044	6.369542171745699	-6.369542171745699
4986	140.85	142.05	0.06900000000000001	0.056	-0.507	0.031	1.2	0.577	0.48	-177.476	3.28474737770805e-15	15.27809910458044	6.369542171745699	-6.369542171745699
5161	168	169.5	0.08	-0.181	0.494	-0.08	1.5	0.427	0.284	13.693	2.278808384006663e-14	14.40965036012527	1.726154629607335	1.726154629607335
5669	174.9	176.1	0.448	-0.249	-0.114	0.076	1.2	0.649	0.541	149.906	1.896044784780023e-14	14.53559713718979	1.989699900652048	-1.989699900652048
5669	183.15	183.9	-0.357	0.078	-0.6850000000000001	0.259	0.75	0.375	0.5	151.055	1.896044784780023e-14	14.53559713718979	1.989699900652048	-1.989699900652048
5827	244.2	246.15	-0.104	-0.008	0.483	0.073	1.95	0.593	0.304	7.865	1.583323126951093e-14	14.64656725019572	2.276851340714277	2.276851340714277
5827	252.6	253.5	1.301	-1.548	1.706	0.216	0.9	1.809	2.011	77.07299999999999	1.583323126951093e-14	14.64656725019572	2.276851340714277	2.276851340714277
5827	255	256.35	1.072	-0.014	1.592	-0.255	1.35	0.573	0.425	-24.932	1.583323126951093e-14	14.64656725019572	2.276851340714277	2.276851340714277
5827	257.85	259.2	0.904	-0.022	1.574	0.003	1.35	0.671	0.497	2.204	1.583323126951093e-14	14.64656725019572	2.276851340714277	2.276851340714277
5947	153.75	154.95	2.789	-0.254	1.83	-0.074	1.2	0.975	0.8129999999999999	169.387	2.496502778583016e-15	15.34957093632625	7.475583668291883	-7.475583668291883
6379	227.25	228.15	-0.901	-0.142	-1.342	-0.266	0.9	0.459	0.51	-164.281	1.714039582766434e-14	14.59914152911903	2.146828332698616	-2.146828332698616
211	177.45	180.9	4.805	0.089	6.43	-0.153	3.45	1.643	0.476	-8.459	1.930844466420632e-14	14.52374276938866	1.962343536587865	1.962343536587865
669	134.85	136.05	-0.13	-0.074	-2.262	-0.021	1.2	2.133	1.778	178.571	3.452648774860963e-15	15.26426474186329	6.1841873398308	-6.1841873398308
1815	126.75	127.5	0.173	-0.101	0.597	-0.113	0.75	0.424	0.5659999999999999	-1.554	3.816282548420493e-14	13.96943555187064	1.128436145919159	1.128436145919159
2229	153	154.5	-0.2	0.051	0.27	0.008999999999999999	1.5	0.472	0.315	-5.097	1.294578102458908e-14	14.75788001452318	2.633888284419546	2.633888284419546
2296	173.25	177.45	-0.206	-0.035	1.526	-0.063	4.2	1.733	0.413	-0.916	1.165413193626388e-14	14.81130276704157	2.836466890865078	2.836466890865078
2419	141.6	143.4	-0.328	-0.083	-0.8100000000000001	0.019	1.8	0.492	0.273	168.077	1.587807947845805e-14	14.64491270384859	2.272114383569974	-2.272114383569974
2520	155.85	156.75	2.589	0.199	1.426	0.235	0.9	1.164	1.293	178.219	1.116521469032726e-14	14.83224022722343	2.922401833815822	-2.922401833815822
2647	120.45	121.8	-0.054	0.063	-3.077	0.393	1.35	3.04	2.252	173.782	1.415178518860947e-14	14.71016325841301	2.471038924106272	-2.471038924106272
2726	125.85	126.9	0.299	-0.08699999999999999	-0.699	-0.09	1.05	0.998	0.951	-179.815	1.33631704888889e-14	14.7411464755059	2.574960071089457	-2.574960071089457
2726	127.65	129	-0.83	-0.157	-1.456	-0.123	1.35	0.627	0.464	176.815	1.33631704888889e-14	14.7411464755059	2.574960071089457	-2.574960071089457
3001	190.95	192.75	-0.034	0.114	-2.741	0.067	1.8	2.708	1.504	-179	7.957612029829184e-15	14.98237643033746	3.67402068143817	-3.67402068143817
3028	152.85	153.6	-0.093	-0.171	0.248	-0.201	0.75	0.342	0.456	-5.046	2.450111133582304e-14	14.35604893928588	1.6299842830711	1.6299842830711
3145	134.4	135.75	0.173	-0.068	0.464	-0.07099999999999999	1.35	0.291	0.216	-0.758	1.935899546967456e-14	14.52202815026902	1.958434522071544	1.958434522071544
3732	130.35	131.7	0.211	-0.164	0.618	-0.292	1.35	0.426	0.316	-17.596	2.077709051077125e-14	14.47465202931861	1.85498236580317	1.85498236580317
3826	117.6	118.35	0.003	-0.373	-0.333	-0.143	0.75	0.408	0.544	145.514	2.02220400068587e-14	14.49303306643754	1.894100647250171	-1.894100647250171
4044	126.45	127.2	0.021	-0.013	0.315	0.144	0.75	0.333	0.444	27.936	3.001235770136819e-15	15.30245894842834	6.716985696556909	6.716985696556909
4061	132.45	133.95	0.11	0.224	-0.461	-0.404	1.5	0.849	0.5659999999999999	-132.278	5.517311640392619e-15	15.11905654448854	4.647738686773741	-4.647738686773741
4609	187.65	188.55	0.019	0.019	0.262	-0.05	0.9	0.253	0.281	-15.868	1.851460271033582e-14	14.5509174702873	2.025930414297188	2.025930414297188
4885	135.15	136.35	0.446	0.012	-0.958	0.06	1.2	1.406	1.171	178.021	1.597166885898586e-14	14.64146651695446	2.262296275607688	-2.262296275607688
4991	148.05	148.95	0.584	0.121	0.0008	0.004	0.9	0.595	0.661	-168.656	1.617076411182223e-14	14.63416435138219	2.241705985816916	-2.241705985816916
5272	191.1	193.35	0.107	-0.25	1.126	-0.146	2.25	1.024	0.455	5.829	3.761465768799099e-15	15.23982780924352	5.876132217784214	5.876132217784214
5272	194.7	197.85	1.142	-0.201	2.112	-0.166	3.15	0.97	0.308	2.05	3.761465768799099e-15	15.23982780924352	5.876132217784214	5.876132217784214
5479	149.1	150.45	0.23	0.096	-1.384	0.024	1.35	1.616	1.197	-177.425	3.070863488495676e-14	14.17273027399948	1.356583270689524	-1.356583270689524
5578	161.4	163.2	-0.117	0.206	-0.306	0.292	1.8	0.207	0.115	155.567	1.30756239275302e-14	14.75264849040781	2.615245689694194	-2.615245689694194
5621	136.05	137.55	-0.029	-0.004	0.462	-0.134	1.5	0.508	0.339	-14.903	1.461819464262863e-14	14.69220266995736	2.413704154423464	2.413704154423464
6095	180.75	181.65	0.003	0.153	-0.523	0.104	0.9	0.529	0.587	-174.722	2.461003413689444e-14	14.35269079266152	1.624235528504194	-1.624235528504194
6117	161.55	163.2	-0.099	-0.073	-1.494	0.092	1.65	1.405	0.851	173.278	5.256297288384793e-15	15.13547278289156	4.790537219011905	-4.790537219011905
6159	150	151.8	1.693	0.04	-1.725	0.01	1.8	3.418	1.899	-179.494	1.282003161599999e-14	14.76296952106767	2.652220259594809	-2.652220259594809
6210	182.85	184.05	0.109	-0.101	0.296	0.039	1.2	0.234	0.195	36.841	1.431594316142715e-14	14.70381216207559	2.4505288718528	2.4505288718528
7538	210.75	212.1	-0.046	0.104	0.64	-0.047	1.35	0.703	0.521	-12.359	1.676185358331304e-14	14.61271057264078	2.182843978762567	2.182843978762567
325	154.2	155.1	-0.07199999999999999	-0.117	0.269	-0.197	0.9	0.35	0.389	-13.316	1.035875141279022e-14	14.86775173171372	3.077512351808943	3.077512351808943
410	146.4	148.05	-0.15	0.032	0.741	-0.064	1.65	0.896	0.543	-6.119	2.866356034656202e-14	14.23145961456256	1.435937241941466	1.435937241941466
573	176.4	181.2	-0.042	0.105	1.805	-0.121	4.8	1.86	0.388	-6.99	2.235296370016225e-14	14.42351447548491	1.752452969238223	1.752452969238223
714	124.05	124.95	0.064	-0.296	-0.283	0.201	0.9	0.606	0.673	124.981	7.665898274971345e-15	14.99742804144052	3.765251579300254	-3.765251579300254
754	135.3	137.4	-0.261	-0.039	0.395	0.032	2.1	0.66	0.314	6.135	7.465400965591607e-15	15.00794464298035	3.83105428834696	3.83105428834696
754	138.75	139.8	0.832	0.09	1.328	-0.008	1.05	0.506	0.482	-11.189	7.465400965591607e-15	15.00794464298035	3.83105428834696	3.83105428834696
1001	121.35	122.55	-0.053	-0.001	0.296	0.044	1.2	0.352	0.293	7.361	2.194083824590339e-14	14.43674490648215	1.778128405656083	1.778128405656083
1001	122.7	123.45	0.266	-0.367	0.446	-0.106	0.75	0.318	0.423	55.301	2.194083824590339e-14	14.43674490648215	1.778128405656083	1.778128405656083
1218	192.15	193.8	-0.05	-0.001	0.6899999999999999	-0.035	1.65	0.74	0.448	-2.632	2.069534070612739e-14	14.47734662748796	1.860638930141151	1.860638930141151
1350	148.05	149.1	-1.576	-0.049	-2.347	0.073	1.05	0.781	0.744	171.014	1.234302938119712e-14	14.78248718989339	2.724358755256275	-2.724358755256275
1364	150.75	152.1	0.261	-0.335	-0.826	0.067	1.35	1.158	0.858	159.71	1.629795782996385e-14	14.6295196542156	2.228758009956485	-2.228758009956485
1487	140.4	141.9	-0.208	0.004	-0.984	-0.131	1.5	0.788	0.525	-170.119	1.83518409451076e-14	14.5565486089952	2.0395020891652	-2.0395020891652
1487	148.2	149.25	-1.459	-0.465	-1.906	-0.492	1.05	0.447	0.426	-176.62	1.83518409451076e-14	14.5565486089952	2.0395020891652	-2.0395020891652
1518	122.55	123.3	0.059	-0.042	-0.542	0.132	0.75	0.626	0.835	163.875	1.829360238221775e-14	14.55856858391118	2.044404455907604	-2.044404455907604
1586	246.3	248.7	-1.246	-0.045	-0.333	0.106	2.4	0.926	0.386	9.364000000000001	1.451021137409599e-14	14.69633794384284	2.426723425091176	2.426723425091176
1586	251.85	254.85	0.267	0.031	1.989	0.053	3	1.722	0.574	0.734	1.451021137409599e-14	14.69633794384284	2.426723425091176	2.426723425091176
1586	263.25	264.6	3.016	0.106	3.525	-0.061	1.35	0.536	0.397	-18.194	1.451021137409599e-14	14.69633794384284	2.426723425091176	2.426723425091176
1586	269.7	273.6	4.944	0.107	7.006	-0.08400000000000001	3.9	2.071	0.531	-5.281	1.451021137409599e-14	14.69633794384284	2.426723425091176	2.426723425091176
1586	275.1	277.2	7.306	-0.033	8.528	0.038	2.1	1.224	0.583	3.312	1.451021137409599e-14	14.69633794384284	2.426723425091176	2.426723425091176
1586	287.1	294	5.72	0.014	9.16	-0.037	6.9	3.44	0.499	-0.847	1.451021137409599e-14	14.69633794384284	2.426723425091176	2.426723425091176
1586	295.5	296.55	9.433999999999999	0.095	10.062	-0.1	1.05	0.659	0.627	-17.3	1.451021137409599e-14	14.69633794384284	2.426723425091176	2.426723425091176
1598	135.45	137.1	-0.013	-0.094	-0.6879999999999999	-0.368	1.65	0.729	0.442	-157.892	1.821246899375e-14	14.56138715015621	2.051275218143217	-2.051275218143217
1599	167.85	169.05	-0.678	-0.001	-0.112	-0.007	1.2	0.5659999999999999	0.472	-0.61	2.172003264561403e-14	14.44387411241185	1.792204187980329	1.792204187980329
1974	231.3	232.05	0.043	-0.043	0.315	-0.021	0.75	0.273	0.364	4.694	1.938111491780778e-14	14.52127846776893	1.956729138501843	1.956729138501843
2113	136.2	137.25	0.11	-0.186	-0.542	-0.292	1.05	0.661	0.63	-170.732	2.670313904359504e-14	14.28922378512496	1.521205626619241	-1.521205626619241
2113	137.4	138.15	-0.53	-0.442	-1.037	-0.337	0.75	0.518	0.6909999999999999	168.293	2.670313904359504e-14	14.28922378512496	1.521205626619241	-1.521205626619241
2186	124.2	124.95	-0.018	-0.008	-0.584	-0.047	0.75	0.5679999999999999	0.757	-176.013	2.917354249889972e-14	14.21667508582877	1.415297638891272	-1.415297638891272
2557	157.5	159.15	1.205	0.296	2.29	0.013	1.65	1.121	0.679	-14.614	1.585039980025596e-15	15.45293038798615	9.670866633898461	9.670866633898461
3338	112.65	113.85	0.152	-0.65	-0.416	0.247	1.2	1.061	0.884	122.361	4.384244995588668e-14	13.82342826430184	0.9992683491148999	-0.9992683491148999
3628	160.8	161.55	-0.845	-0.047	-1.686	-0.201	0.75	0.855	1.141	-169.665	1.295510273064206e-14	14.75750363573646	2.632540289046273	-2.632540289046273
3882	124.2	125.1	0.181	0.318	-0.317	-0.121	0.9	0.664	0.737	-138.577	2.10670702446281e-14	14.46512823365895	1.835200046492149	-1.835200046492149
5248	226.05	228.15	-0.042	-0.113	0.302	-0.145	2.1	0.346	0.165	-5.377	1.306633532530933e-14	14.75302194939332	2.616569825783364	2.616569825783364
