 	Area	Mean	StdDev	Mode	Min	Max	X	Y	XM	YM	Perim.	BX	BY	Width	Height	Major	Minor	Angle	Circ.	Feret	IntDen	Median	Skew	Kurt	%Area	RawIntDen	Slice	FeretX	FeretY	FeretAngle	MinFeret	AR	Round	Solidity	Length
1	22	51.853	18.635	40.303	38.714	112.667	150.500	447.500	0	0	21.024	140	447	21	1	0	0	-2.726	0.625	21.024	1140.762	0	0	0	0	1140.762	1	140	447	177.274	0.083	0	0	NaN	21.024
2	23	51.075	14.668	44.847	43.396	92.917	77.250	515.750	0	0	21.506	67	516	22	1	0	0	-2.603	0.625	21	1174.728	0	0	0	0	1174.728	1	67	516	0	0	0	0	NaN	21.506
3	20	61.266	31.432	41.947	40.737	164.667	130.500	578.750	0	0	19.059	121	578	19	2	0	0	3.013	0.692	19.105	1225.316	0	0	0	0	1225.316	1	121	580	6.009	0.003	0	0	NaN	19.059
4	22	45.788	14.294	39.044	38	86.583	244	517.500	0	0	21	234	518	21	0	0	0	0	0.627	21	1007.333	0	0	0	0	1007.333	1	234	518	0	0	0	0	NaN	21
5	23	56.691	33.282	43.395	41.124	170.333	519.750	491.250	0	0	21.506	509	491	22	1	0	0	0	0.625	22.023	1303.891	0	0	0	0	1303.891	1	509	492	2.603	0.039	0	0	NaN	21.506
6	23	48.955	12.859	42.438	41.818	87.167	525.750	596.500	0	0	21.500	515	597	22	0	0	0	0	0.625	22	1125.970	0	0	0	0	1125.970	1	515	597	0	0	0	0	NaN	21.500
7	21	59.881	29.282	41.441	41.200	164.667	130.250	579.250	0	0	19.660	121	578	20	3	0	0	5.711	0.683	19.235	1257.504	0	0	0	0	1257.504	1	121	581	8.973	0.009	0	0	NaN	19.660
8	22	46.584	10.950	40.843	40.524	73.250	135	811.750	0	0	21.006	125	812	21	1	0	0	-2.726	0.627	21	1024.837	0	0	0	0	1024.837	1	125	812	0	0	0	0	NaN	21.006
9	23	57.804	37.675	39.757	38.341	183.333	153.250	1056.750	0	0	21.506	143	1057	22	1	0	0	-2.603	0.625	21	1329.496	0	0	0	0	1329.496	1	143	1057	0	0	0	0	NaN	21.506
10	8	83.741	38.669	50.430	50.218	159.083	685.750	949.750	0	0	6.519	683	950	7	1	0	0	-8.130	1	6	669.932	0	0	0	0	669.932	1	683	950	0	0	0	0	NaN	6.519
11	24	56.188	17.451	46.272	45.522	100.362	750.250	967	0	0	22.500	739	967	23	0	0	0	0	0.596	23	1348.514	0	0	0	0	1348.514	1	739	967	0	0	0	0	NaN	22.500
12	22	53.138	15.304	45.999	45	101.833	764.250	1025	0	0	20.500	754	1025	21	0	0	0	0	0.658	21	1169.032	0	0	0	0	1169.032	1	754	1025	0	0	0	0	NaN	20.500
13	6	79.778	21.390	52.432	52.333	102.833	578	1521	0	0	5	576	1521	5	0	0	0	0	1	5	478.667	0	0	0	0	478.667	1	576	1521	0	0	0	0	NaN	5
14	23	51.855	22.163	41.980	39	111.667	634.500	1499	0	0	23	623	1499	23	0	0	0	0	0.546	23	1192.667	0	0	0	0	1192.667	1	623	1499	0	0	0	0	NaN	23
15	22	49.261	16.116	41.166	40	94.250	745	1637.500	0	0	21	735	1638	21	0	0	0	0	0.627	21	1083.750	0	0	0	0	1083.750	1	735	1638	0	0	0	0	NaN	21
16	22	49.727	21.427	41.062	38	112.667	733	1673	0	0	22	722	1673	22	0	0	0	0	0.571	22	1094	0	0	0	0	1094	1	722	1673	0	0	0	0	NaN	22
17	7	95.911	56.289	52.103	51.833	190.083	489.250	1614.500	0	0	5.500	487	1615	6	0	0	0	0	1	5	671.375	0	0	0	0	671.375	1	487	1615	0	0	0	0	NaN	5.500
18	23	56.680	31.115	39.279	38.682	140.542	316.500	1698.750	0	0	22.006	306	1699	22	1	0	0	-2.603	0.597	22	1303.636	0	0	0	0	1303.636	1	306	1699	0	0	0	0	NaN	22.006
19	21	49.992	18.446	40.584	40	99.833	628.500	1817	0	0	20	619	1817	20	0	0	0	0	0.660	20	1049.833	0	0	0	0	1049.833	1	619	1817	0	0	0	0	NaN	20
20	24	56.699	28.123	43.930	42.739	164.667	1322.500	183.250	0	0	23.005	1311	183	23	1	0	0	0	0.570	23.022	1360.783	0	0	0	0	1360.783	1	1311	183	177.510	0.004	0	0	NaN	23.005
21	23	54.908	20.659	43.965	43.826	114.667	1426.750	265.250	0	0	21.506	1416	265	22	1	0	0	0	0.625	22.023	1262.880	0	0	0	0	1262.880	1	1416	265	177.397	0.039	0	0	NaN	21.506
22	23	53.087	20.675	41.356	41.214	113.667	1361.750	363.750	0	0	21.506	1351	364	22	1	0	0	2.726	0.625	22	1221.007	0	0	0	0	1221.007	1	1351	364	0	0	0	0	NaN	21.506
23	23	53.338	20.909	43.679	41.841	114.250	1448	374.250	0	0	22.006	1437	374	22	1	0	0	0	0.597	22.023	1226.773	0	0	0	0	1226.773	1	1437	375	2.603	0.039	0	0	NaN	22.006
24	22	54.352	17.421	44.996	44	100.667	1076	451.500	0	0	21	1066	452	21	0	0	0	0	0.627	21	1195.750	0	0	0	0	1195.750	1	1066	452	0	0	0	0	NaN	21
25	23	53.707	16.860	45.079	44.511	102.667	937.750	539.500	0	0	21.500	927	540	22	0	0	0	0	0.625	22	1235.258	0	0	0	0	1235.258	1	927	540	0	0	0	0	NaN	21.500
26	24	64.642	34.459	46.228	45	170.764	978	679.250	0	0	23.005	967	679	23	1	0	0	0	0.570	23.022	1551.402	0	0	0	0	1551.402	1	967	680	2.490	0.004	0	0	NaN	23.005
27	21	52.643	14.425	44.952	44	98.167	1230	646.500	0	0	20	1220	647	20	0	0	0	0	0.660	20	1105.500	0	0	0	0	1105.500	1	1220	647	0	0	0	0	NaN	20
28	23	62.189	31.540	47.111	44.655	184.333	1490.750	639.750	0	0	21.506	1480	640	22	1	0	0	2.726	0.625	22	1430.352	0	0	0	0	1430.352	1	1480	640	0	0	0	0	NaN	21.506
29	23	58.431	29.441	43.870	43.659	151.750	1378.500	738.750	0	0	22.006	1368	739	22	1	0	0	2.603	0.597	22	1343.920	0	0	0	0	1343.920	1	1368	739	0	0	0	0	NaN	22.006
30	23	55.123	19.038	45.385	44.959	117.667	900.750	768.250	0	0	21.506	890	768	22	1	0	0	0	0.625	22.023	1267.819	0	0	0	0	1267.819	1	890	768	177.397	0.039	0	0	NaN	21.506
31	23	59.355	30.438	44.170	43.521	154.333	1268.250	762.500	0	0	21.523	1258	762	22	1	0	0	2.603	0.624	21.024	1365.169	0	0	0	0	1365.169	1	1258	763	2.726	0.083	0	0	NaN	21.523
32	6	94.000	50.654	54.257	54	185.333	839	799	0	0	6	836	799	6	0	0	0	0	1	6	564.000	0	0	0	0	564.000	1	836	799	0	0	0	0	NaN	6
33	23	57.654	21.155	46.249	44.727	115.561	924.250	798.500	0	0	21.500	914	799	22	0	0	0	0	0.625	21	1326.049	0	0	0	0	1326.049	1	914	799	0	0	0	0	NaN	21.500
34	19	63.057	33.696	45.990	45.750	168.417	1026.500	804.500	0	0	18	1018	805	18	0	0	0	0	0.737	18	1198.083	0	0	0	0	1198.083	1	1018	805	0	0	0	0	NaN	18
35	21	60.053	30.016	44.061	43	151.667	1356	1055.250	0	0	20.006	1346	1055	20	1	0	0	0	0.659	20.025	1261.108	0	0	0	0	1261.108	1	1346	1055	177.138	0.048	0	0	NaN	20.006
36	23	55.289	21.276	45.067	43.807	115.481	1366.250	1076.500	0	0	21.500	1356	1077	22	0	0	0	0	0.625	21	1271.640	0	0	0	0	1271.640	1	1356	1077	0	0	0	0	NaN	21.500
37	21	51.627	20.047	42.918	41.350	114.333	1000.750	1125.250	0	0	19.506	991	1125	20	1	0	0	0	0.694	20.025	1084.170	0	0	0	0	1084.170	1	991	1126	2.862	0.048	0	0	NaN	19.506
38	22	61.310	32.249	43.310	42.181	157.750	1239.250	1111.250	0	0	20.506	1229	1111	21	1	0	0	0	0.657	21.024	1348.824	0	0	0	0	1348.824	1	1229	1111	177.274	0.083	0	0	NaN	20.506
39	17	51.016	14.730	43.243	42.314	95.167	1482.750	1136	0	0	15.532	1475	1136	16	1	0	0	-3.814	0.886	16.031	867.280	0	0	0	0	867.280	1	1475	1136	176.424	0.021	0	0	NaN	15.532
40	22	58.479	34.683	43.523	41.571	184.333	1184.500	1184.250	0	0	21.006	1174	1184	21	1	0	0	0	0.627	21.024	1286.540	0	0	0	0	1286.540	1	1174	1185	2.726	0.083	0	0	NaN	21.006
41	21	51.785	21.088	42.094	41	121	1118	1284.750	0	0	20.006	1108	1285	20	1	0	0	-2.862	0.659	20	1087.475	0	0	0	0	1087.475	1	1108	1285	0	0	0	0	NaN	20.006
42	23	50.248	15.545	42.610	41.682	94.500	1516.750	1284.500	0	0	21.500	1506	1285	22	0	0	0	0	0.625	22	1155.705	0	0	0	0	1155.705	1	1506	1285	0	0	0	0	NaN	21.500
43	23	53.667	22.628	40.917	40.500	111.667	1189.500	1394	0	0	22	1179	1394	22	0	0	0	0	0.597	22	1234.333	0	0	0	0	1234.333	1	1179	1394	0	0	0	0	NaN	22
44	23	59.596	32.239	41.153	40.943	148.443	1114.500	1606.750	0	0	22.006	1104	1607	22	1	0	0	-2.603	0.597	22	1370.697	0	0	0	0	1370.697	1	1104	1607	0	0	0	0	NaN	22.006
45	23	53.617	22.480	41.917	40.636	113.515	1291	1624.250	0	0	22.006	1280	1624	22	1	0	0	0	0.597	22.023	1233.197	0	0	0	0	1233.197	1	1280	1625	2.603	0.039	0	0	NaN	22.006
46	24	57.241	32.480	39.969	39.287	155.667	812.250	1640	0	0	22.522	801	1640	23	1	0	0	2.603	0.595	23.022	1373.780	0	0	0	0	1373.780	1	801	1641	2.490	0.004	0	0	NaN	22.522
47	23	56.155	28.299	42.846	41.379	148.667	1233.750	1668.250	0	0	21.506	1223	1668	22	1	0	0	0	0.625	22.023	1291.561	0	0	0	0	1291.561	1	1223	1669	2.603	0.039	0	0	NaN	21.506
48	23	50.643	18.000	41.451	40.614	101.833	1026.250	1711.500	0	0	21.500	1016	1712	22	0	0	0	0	0.625	21	1164.795	0	0	0	0	1164.795	1	1016	1712	0	0	0	0	NaN	21.500
49	23	49.480	15.984	41.234	41.105	107	829.750	1751.750	0	0	21.506	819	1752	22	1	0	0	-2.726	0.625	22	1138.050	0	0	0	0	1138.050	1	819	1752	0	0	0	0	NaN	21.506
50	22	50.303	17.870	42.100	40	111.667	1028	1805	0	0	22	1017	1805	22	0	0	0	0	0.571	22	1106.667	0	0	0	0	1106.667	1	1017	1805	0	0	0	0	NaN	22
51	22	53.127	23.215	41.137	39.857	112.667	1293.500	1786.250	0	0	21.006	1283	1786	21	1	0	0	0	0.627	21.024	1168.802	0	0	0	0	1168.802	1	1283	1787	2.726	0.083	0	0	NaN	21.006
52	20	54.592	21.139	43.604	42.368	112.667	914.500	1917.500	0	0	19.026	905	1917	19	1	0	0	3.013	0.694	19.026	1091.842	0	0	0	0	1091.842	1	905	1918	3.013	0.004	0	0	NaN	19.026
53	7	85.857	51.382	47.268	47	184.333	1375.500	1833	0	0	7	1372	1833	7	0	0	0	0	1	7	601.000	0	0	0	0	601.000	1	1372	1833	0	0	0	0	NaN	7
54	22	56.707	20.351	44.030	43.333	114.667	1643.500	171.750	0	0	21.006	1633	172	21	1	0	0	-2.726	0.627	21	1247.548	0	0	0	0	1247.548	1	1633	172	0	0	0	0	NaN	21.006
55	22	59.572	34.024	44.402	43.571	185.333	1819.500	151.250	0	0	21.006	1809	151	21	1	0	0	0	0.627	21.024	1310.587	0	0	0	0	1310.587	1	1809	151	177.274	0.083	0	0	NaN	21.006
56	23	52.348	13.736	44.969	44.500	92.500	1688.500	467	0	0	22	1678	467	22	0	0	0	0	0.597	22	1204.000	0	0	0	0	1204.000	1	1678	467	0	0	0	0	NaN	22
57	23	56.181	17.591	48.027	45	107	2275	516.500	0	0	22	2264	517	22	0	0	0	0	0.597	22	1292.167	0	0	0	0	1292.167	1	2264	517	0	0	0	0	NaN	22
58	23	58.197	31.361	45.010	43.636	184.333	1656.750	532	0	0	21.500	1646	532	22	0	0	0	0	0.625	22	1338.523	0	0	0	0	1338.523	1	1646	532	0	0	0	0	NaN	21.500
59	22	54.677	19.555	47.959	47.127	132.333	1844.750	592	0	0	20.500	1835	592	21	0	0	0	0	0.658	20	1202.889	0	0	0	0	1202.889	1	1835	592	0	0	0	0	NaN	20.500
60	21	55.704	16.985	50.402	47	116.667	1914.750	616	0	0	19.500	1905	616	20	0	0	0	0	0.694	20	1169.775	0	0	0	0	1169.775	1	1905	616	0	0	0	0	NaN	19.500
61	23	61.688	21.876	51.116	47	119.667	1933.500	693	0	0	22	1923	693	22	0	0	0	0	0.597	22	1418.833	0	0	0	0	1418.833	1	1923	693	0	0	0	0	NaN	22
62	23	58.938	19.099	47.946	47.833	105.417	1679.500	906.500	0	0	22	1669	907	22	0	0	0	0	0.597	22	1355.583	0	0	0	0	1355.583	1	1669	907	0	0	0	0	NaN	22
63	23	58.645	18.450	49.537	48.364	115.129	1950.250	909	0	0	21.500	1940	909	22	0	0	0	0	0.625	21	1348.826	0	0	0	0	1348.826	1	1940	909	0	0	0	0	NaN	21.500
64	19	56.947	15.000	49.667	48.324	110.833	1990	899.250	0	0	18.007	1981	899	18	1	0	0	0	0.736	18.028	1082.000	0	0	0	0	1082.000	1	1981	899	176.820	0.057	0	0	NaN	18.007
65	27	54.100	11.134	48.416	47.269	100.667	2165.750	879.500	0	0	25.500	2153	880	26	0	0	0	0	0.522	26	1460.702	0	0	0	0	1460.702	1	2153	880	0	0	0	0	NaN	25.500
66	22	55.636	12.713	49.160	48	93.667	2145.500	983.500	0	0	21	2135	984	21	0	0	0	0	0.627	21	1224.000	0	0	0	0	1224.000	1	2135	984	0	0	0	0	NaN	21
67	19	60	12.233	57.624	53.333	109.667	2164.500	992	0	0	19	2155	992	19	0	0	0	0	0.661	19	1140	0	0	0	0	1140	1	2155	992	0	0	0	0	NaN	19
68	22	59.341	20.454	49.199	47.667	119	1897.500	1029.500	0	0	21	1887	1030	21	0	0	0	0	0.627	21	1305.500	0	0	0	0	1305.500	1	1887	1030	0	0	0	0	NaN	21
69	22	53.453	23.828	43.400	42.755	152.833	1595.250	1187.750	0	0	20.506	1585	1188	21	1	0	0	-2.862	0.657	21	1175.971	0	0	0	0	1175.971	1	1585	1188	0	0	0	0	NaN	20.506
70	22	54.307	12.966	45.082	45	87.083	1617	1244.500	0	0	21	1607	1245	21	0	0	0	0	0.627	21	1194.750	0	0	0	0	1194.750	1	1607	1245	0	0	0	0	NaN	21
71	22	55.386	19.544	45.313	44.619	115.667	1848.750	1202	0	0	20.500	1839	1202	21	0	0	0	0	0.658	20	1218.492	0	0	0	0	1218.492	1	1839	1202	0	0	0	0	NaN	20.500
72	6	91.111	44.344	58.228	58	174.667	2044.500	1210.500	0	0	5	2042	1211	5	0	0	0	0	1	5	546.667	0	0	0	0	546.667	1	2042	1211	0	0	0	0	NaN	5
73	12	71.681	33.558	50.715	50.500	160.667	2294.500	1160.500	0	0	11	2289	1161	11	0	0	0	0	1	11	860.167	0	0	0	0	860.167	1	2289	1161	0	0	0	0	NaN	11
74	24	57.730	13.300	50.608	48.935	94.014	2179.250	1214.500	0	0	22.500	2168	1215	23	0	0	0	0	0.596	23	1385.522	0	0	0	0	1385.522	1	2168	1215	0	0	0	0	NaN	22.500
75	22	57.202	13.179	52.130	50.314	105	2254.250	1243.250	0	0	20.506	2244	1243	21	1	0	0	0	0.657	21.024	1258.437	0	0	0	0	1258.437	1	2244	1243	177.274	0.083	0	0	NaN	20.506
76	23	54.493	9.895	49.767	48	87.333	2103.500	1255	0	0	22	2093	1255	22	0	0	0	0	0.597	22	1253.333	0	0	0	0	1253.333	1	2093	1255	0	0	0	0	NaN	22
77	21	52.774	11.056	45.082	45	87.083	1616.500	1244.500	0	0	20	1607	1245	20	0	0	0	0	0.660	20	1108.250	0	0	0	0	1108.250	1	1607	1245	0	0	0	0	NaN	20
78	22	47.279	7.352	43.139	42.278	71.667	1661.250	1420.750	0	0	20.506	1651	1421	21	1	0	0	2.862	0.657	21	1040.148	0	0	0	0	1040.148	1	1651	1421	0	0	0	0	NaN	20.506
79	21	51.283	18.420	42.498	41.525	112.667	1737.500	1552.750	0	0	20.056	1728	1552	20	2	0	0	-2.862	0.656	20.100	1076.938	0	0	0	0	1076.938	1	1728	1552	174.289	0.074	0	0	NaN	20.056
80	23	56.447	11.295	50.062	49.821	91	2131.250	1489.500	0	0	21.523	2121	1489	22	1	0	0	-2.603	0.624	21.024	1298.284	0	0	0	0	1298.284	1	2121	1489	177.274	0.083	0	0	NaN	21.523
81	22	60.321	15.546	52.720	51.214	110.500	2311	1468.250	0	0	21.006	2301	1468	21	1	0	0	0	0.627	21.024	1327.071	0	0	0	0	1327.071	1	2301	1468	177.274	0.083	0	0	NaN	21.006
82	9	67.132	14.913	52.193	52.104	97.333	2301	1495.750	0	0	8.016	2297	1496	8	1	0	0	-7.125	1	8	604.188	0	0	0	0	604.188	1	2297	1496	0	0	0	0	NaN	8.016
83	23	52.926	16.107	45.417	43.500	108.917	1814.750	1607.500	0	0	21.500	1804	1608	22	0	0	0	0	0.625	22	1217.303	0	0	0	0	1217.303	1	1804	1608	0	0	0	0	NaN	21.500
84	23	54.786	9.361	52.960	43.500	79.917	1677.500	1925.500	0	0	22	1667	1926	22	0	0	0	0	0.597	22	1260.083	0	0	0	0	1260.083	1	1667	1926	0	0	0	0	NaN	22
85	22	59.793	32.168	45.821	42.048	170.833	2034.250	1865	0	0	20.500	2024	1865	21	0	0	0	0	0.658	21	1315.437	0	0	0	0	1315.437	1	2024	1865	0	0	0	0	NaN	20.500
86	23	54.503	16.378	48.487	46.750	115.167	2255.500	1838.500	0	0	22.023	2245	1838	22	1	0	0	-2.603	0.596	22.023	1253.561	0	0	0	0	1253.561	1	2245	1838	177.397	0.039	0	0	NaN	22.023
87	7	68.095	25.896	47.134	47	115.667	2504.500	138	0	0	7	2501	138	7	0	0	0	0	1	7	476.667	0	0	0	0	476.667	1	2501	138	0	0	0	0	NaN	7
88	23	54.558	20.099	44.262	43.273	115.667	2435.250	358	0	0	21.500	2425	358	22	0	0	0	0	0.625	21	1254.833	0	0	0	0	1254.833	1	2425	358	0	0	0	0	NaN	21.500
89	21	52.052	12.858	43.612	43.500	100.667	2867.750	344.500	0	0	19.500	2858	345	20	0	0	0	0	0.694	20	1093.096	0	0	0	0	1093.096	1	2858	345	0	0	0	0	NaN	19.500
90	23	56.326	21.850	46.303	44.769	116.167	2389.250	469.750	0	0	21.506	2379	470	22	1	0	0	2.603	0.625	21	1295.488	0	0	0	0	1295.488	1	2379	470	0	0	0	0	NaN	21.506
91	9	75.306	33.878	47.268	47.083	141.833	2667.250	562	0	0	7.500	2664	562	8	0	0	0	0	1	7	677.750	0	0	0	0	677.750	1	2664	562	0	0	0	0	NaN	7.500
92	16	68.860	39.789	46.352	45.583	176.717	2929.750	548.500	0	0	14.500	2923	549	15	0	0	0	0	0.956	14	1101.767	0	0	0	0	1101.767	1	2923	549	0	0	0	0	NaN	14.500
93	21	54.873	21.304	46.021	43	116.667	2830.500	566	0	0	21	2820	566	21	0	0	0	0	0.598	21	1152.333	0	0	0	0	1152.333	1	2820	566	0	0	0	0	NaN	21
94	22	56.032	18.446	47.984	46.247	114.667	2580.250	615.250	0	0	20.506	2570	615	21	1	0	0	0	0.657	21.024	1232.703	0	0	0	0	1232.703	1	2570	616	2.726	0.083	0	0	NaN	20.506
95	22	58.119	22.318	50.560	48.150	143.083	2643.750	668.750	0	0	20.506	2634	669	21	1	0	0	-2.726	0.657	20	1278.614	0	0	0	0	1278.614	1	2634	669	0	0	0	0	NaN	20.506
96	7	74.980	24.578	53.968	53.833	122.833	2664.500	684.250	0	0	6.021	2662	684	6	1	0	0	0	1	6.083	524.861	0	0	0	0	524.861	1	2662	685	9.462	0.004	0	0	NaN	6.021
97	23	57.241	20.234	47.679	45.855	117.667	2888.250	688.750	0	0	21.506	2878	689	22	1	0	0	-2.603	0.625	21	1316.550	0	0	0	0	1316.550	1	2878	689	0	0	0	0	NaN	21.506
98	22	55.368	15.243	48.221	47	103.833	2475	743.250	0	0	21.006	2465	743	21	1	0	0	0	0.627	21.024	1218.103	0	0	0	0	1218.103	1	2465	743	177.274	0.083	0	0	NaN	21.006
99	22	55.360	12.683	49.908	47.371	99.333	3041.750	757.250	0	0	20.506	3032	757	21	1	0	0	0	0.657	20.025	1217.914	0	0	0	0	1217.914	1	3032	758	2.862	0.048	0	0	NaN	20.506
100	22	70.915	28.620	56.611	54.780	188.667	2837.250	788.500	0	0	20.524	2827	788	21	1	0	0	-2.862	0.656	21.024	1560.127	0	0	0	0	1560.127	1	2827	788	177.274	0.083	0	0	NaN	20.524
101	23	63.191	23.911	51.835	50.576	142.667	2382.750	823.750	0	0	21.506	2372	824	22	1	0	0	-2.726	0.625	22	1453.396	0	0	0	0	1453.396	1	2372	824	0	0	0	0	NaN	21.506
102	23	60.753	19.402	50.565	49.353	118.333	2482.250	857.250	0	0	21.506	2472	857	22	1	0	0	0	0.625	21.024	1397.326	0	0	0	0	1397.326	1	2472	857	177.274	0.083	0	0	NaN	21.506
103	20	61.112	25.094	51.278	48.333	148.833	2952	866.500	0	0	19	2943	867	19	0	0	0	0	0.696	19	1222.250	0	0	0	0	1222.250	1	2943	867	0	0	0	0	NaN	19
104	22	57.837	22.102	47.568	46.490	125.333	2621.250	1010.250	0	0	20.506	2611	1010	21	1	0	0	0	0.657	21.024	1272.404	0	0	0	0	1272.404	1	2611	1010	177.274	0.083	0	0	NaN	20.506
105	23	53.565	12.792	47.058	46	87.667	2599.500	1084	0	0	23	2588	1084	23	0	0	0	0	0.546	23	1232.000	0	0	0	0	1232.000	1	2588	1084	0	0	0	0	NaN	23
106	23	54.835	13.301	46.912	46.818	94.833	2465.250	1106.500	0	0	21.500	2455	1107	22	0	0	0	0	0.625	21	1261.208	0	0	0	0	1261.208	1	2455	1107	0	0	0	0	NaN	21.500
107	22	57.983	13.164	49.168	49.056	106.500	2916.250	1152.500	0	0	20.500	2906	1153	21	0	0	0	0	0.658	21	1275.619	0	0	0	0	1275.619	1	2906	1153	0	0	0	0	NaN	20.500
108	21	60.652	18.172	53.311	50.975	121.333	2437	1198.250	0	0	20.006	2427	1198	20	1	0	0	0	0.659	20.025	1273.700	0	0	0	0	1273.700	1	2427	1199	2.862	0.048	0	0	NaN	20.006
109	23	58.416	18.224	47.362	47.227	116.258	2704	1267.750	0	0	22.006	2693	1268	22	1	0	0	2.603	0.597	22	1343.576	0	0	0	0	1343.576	1	2693	1268	0	0	0	0	NaN	22.006
110	24	64.692	23.541	51.614	49.841	119.667	2518.250	1445	0	0	22.500	2507	1445	23	0	0	0	0	0.596	23	1552.601	0	0	0	0	1552.601	1	2507	1445	0	0	0	0	NaN	22.500
111	23	68.868	26.302	56.708	56.068	165.250	2609.750	1532.500	0	0	21.500	2599	1533	22	0	0	0	0	0.625	22	1583.970	0	0	0	0	1583.970	1	2599	1533	0	0	0	0	NaN	21.500
112	23	64.238	19.687	55.011	52.500	120.174	2653.250	1540	0	0	21.500	2643	1540	22	0	0	0	0	0.625	21	1477.485	0	0	0	0	1477.485	1	2643	1540	0	0	0	0	NaN	21.500
113	23	60.628	19.402	51.797	48.636	119	2977.250	1575	0	0	21.500	2967	1575	22	0	0	0	0	0.625	21	1394.439	0	0	0	0	1394.439	1	2967	1575	0	0	0	0	NaN	21.500
114	13	61.285	17.859	51.552	49.056	109.917	2953.750	1614.500	0	0	11.500	2948	1615	12	0	0	0	0	1	12	796.708	0	0	0	0	796.708	1	2948	1615	0	0	0	0	NaN	11.500
115	23	64.925	32.928	52.871	49.568	179.667	3011	1671.250	0	0	22.006	3000	1671	22	1	0	0	0	0.597	22.023	1493.280	0	0	0	0	1493.280	1	3000	1672	2.603	0.039	0	0	NaN	22.006
116	22	52.159	5.161	50.317	48.444	71.833	3091	1697.750	0	0	21.006	3081	1698	21	1	0	0	2.726	0.627	21	1147.508	0	0	0	0	1147.508	1	3081	1698	0	0	0	0	NaN	21.006
117	14	74.289	39.059	49.153	48.885	186.333	2769.250	1699.500	0	0	12.500	2763	1700	13	0	0	0	0	1	13	1040.051	0	0	0	0	1040.051	1	2763	1700	0	0	0	0	NaN	12.500
118	23	56.666	8.445	49.843	48.716	87.167	2774.250	1712.250	0	0	21.506	2764	1712	22	1	0	0	0	0.625	21.024	1303.307	0	0	0	0	1303.307	1	2764	1712	177.274	0.083	0	0	NaN	21.506
119	23	57.362	12.297	51.613	49.667	93	2516	1756.500	0	0	22	2505	1757	22	0	0	0	0	0.597	22	1319.333	0	0	0	0	1319.333	1	2505	1757	0	0	0	0	NaN	22
120	23	60.336	20.732	49.987	47.379	117.652	2876.250	1760	0	0	21.500	2866	1760	22	0	0	0	0	0.625	21	1387.727	0	0	0	0	1387.727	1	2866	1760	0	0	0	0	NaN	21.500
121	22	57.134	18.445	48.636	47.131	117.167	2617.750	1844.500	0	0	20.500	2608	1845	21	0	0	0	0	0.658	20	1256.956	0	0	0	0	1256.956	1	2608	1845	0	0	0	0	NaN	20.500
122	5	110.966	7.910	108.662	100.083	119.432	2803.250	1859.750	0	0	3.536	2802	1860	4	1	0	0	-14.036	1	3	554.828	0	0	0	0	554.828	1	2802	1860	0	0	0	0	NaN	3.536
123	24	60.917	17.876	50.950	50.616	107.641	2514.750	1905.500	0	0	22.500	2504	1906	23	0	0	0	0	0.596	22	1462.004	0	0	0	0	1462.004	1	2504	1906	0	0	0	0	NaN	22.500
124	14	77.782	37.473	48.262	48.051	156.083	2917.250	1905.500	0	0	12.500	2911	1906	13	0	0	0	0	1	13	1088.942	0	0	0	0	1088.942	1	2911	1906	0	0	0	0	NaN	12.500
125	23	53.936	14.471	46.612	46.488	110.167	3013.250	1939.750	0	0	21.506	3003	1940	22	1	0	0	2.603	0.625	21	1240.527	0	0	0	0	1240.527	1	3003	1940	0	0	0	0	NaN	21.506
126	22	58.212	18.113	49.066	48	108.667	3159.500	1717.250	0	0	21.006	3149	1717	21	1	0	0	0	0.627	21.024	1280.667	0	0	0	0	1280.667	1	3149	1717	177.274	0.083	0	0	NaN	21.006
127	21	56.317	17.192	49.289	47.810	116.667	3118.750	1544.500	0	0	19.526	3109	1544	20	1	0	0	-3.013	0.692	20.025	1182.656	0	0	0	0	1182.656	1	3109	1544	177.138	0.048	0	0	NaN	19.526
128	23	59.107	19.553	49.033	46.961	117.667	3145.250	1595.750	0	0	21.506	3135	1596	22	1	0	0	2.603	0.625	21	1359.472	0	0	0	0	1359.472	1	3135	1596	0	0	0	0	NaN	21.506
129	31	57.545	13.258	51.144	50.133	97.167	3238.750	1477.500	0	0	29.500	3224	1478	30	0	0	0	0	0.448	30	1783.900	0	0	0	0	1783.900	1	3224	1478	0	0	0	0	NaN	29.500
130	12	53.076	5.628	48.281	48.250	64	3227	930.500	0	0	11	3222	931	11	0	0	0	0	1	11	636.917	0	0	0	0	636.917	1	3222	931	0	0	0	0	NaN	11
131	23	54.723	9.289	51.052	48.576	87	3209.500	705.750	0	0	22.006	3199	706	22	1	0	0	2.603	0.597	22	1258.636	0	0	0	0	1258.636	1	3199	706	0	0	0	0	NaN	22.006
132	23	60.186	20.390	48.101	47.688	118.333	3204.750	393.750	0	0	21.506	3194	394	22	1	0	0	-2.726	0.625	22	1384.287	0	0	0	0	1384.287	1	3194	394	0	0	0	0	NaN	21.506
