 	slice	peaks
1	1	5223
2	2	5233
3	3	5224
4	4	5228
5	5	5221
6	6	5217
7	7	5222
8	8	5222
9	9	5219
10	10	5221
11	11	5219
12	12	5220
13	13	5218
14	14	5215
15	15	5214
16	16	5216
17	17	5223
18	18	5221
19	19	5227
20	20	5226
21	21	5219
22	22	5221
23	23	5214
24	24	5216
25	25	5218
26	26	5216
27	27	5216
28	28	5217
29	29	5213
30	30	5220
31	31	5216
32	32	5225
33	33	5209
34	34	5212
35	35	5217
36	36	5224
37	37	5219
38	38	5216
39	39	5218
40	40	5217
41	41	5206
42	42	5208
43	43	5212
44	44	5215
45	45	5206
46	46	5204
47	47	5198
48	48	5211
49	49	5214
50	50	5211
51	51	5216
52	52	5210
53	53	5215
54	54	5215
55	55	5207
56	56	5205
57	57	5210
58	58	5212
59	59	5209
60	60	5204
61	61	5205
62	62	5211
63	63	5212
64	64	5209
65	65	5206
66	66	5204
67	67	5214
68	68	5217
69	69	5209
70	70	5211
71	71	5212
72	72	5216
73	73	5205
74	74	5210
75	75	5212
76	76	5212
77	77	5210
78	78	5210
79	79	5206
80	80	5213
81	81	5204
82	82	5206
83	83	5211
84	84	5201
85	85	5204
86	86	5208
87	87	5208
88	88	5200
89	89	5205
90	90	5199
91	91	5204
92	92	5199
93	93	5195
94	94	5197
95	95	5195
96	96	5194
97	97	5194
98	98	5191
99	99	5197
100	100	5205
101	101	5202
102	102	5197
103	103	5191
104	104	5193
105	105	5197
106	106	5204
107	107	5198
108	108	5197
109	109	5199
110	110	5204
111	111	5205
112	112	5204
113	113	5197
114	114	5199
115	115	5202
116	116	5205
117	117	5204
118	118	5199
119	119	5194
120	120	5196
121	121	5201
122	122	5194
123	123	5193
124	124	5194
125	125	5191
126	126	5196
127	127	5189
128	128	5199
129	129	5199
130	130	5185
131	131	5191
132	132	5180
133	133	5194
134	134	5190
135	135	5194
136	136	5185
137	137	5180
138	138	5178
139	139	5184
140	140	5184
141	141	5186
142	142	5184
143	143	5176
144	144	5178
145	145	5177
146	146	5175
147	147	5179
148	148	5176
149	149	5185
150	150	5178
151	151	5168
152	152	5174
153	153	5173
154	154	5176
155	155	5185
156	156	5175
157	157	5182
158	158	5173
159	159	5187
160	160	5190
161	161	5182
162	162	5180
163	163	5181
164	164	5187
165	165	5180
166	166	5178
167	167	5178
168	168	5182
169	169	5177
170	170	5182
171	171	5179
172	172	5177
173	173	5179
174	174	5182
175	175	5173
176	176	5163
177	177	5181
178	178	5171
179	179	5175
180	180	5180
181	181	5168
182	182	5181
183	183	5176
184	184	5171
185	185	5172
186	186	5174
187	187	5176
188	188	5171
189	189	5170
190	190	5171
191	191	5167
192	192	5175
193	193	5174
194	194	5166
195	195	5169
196	196	5174
197	197	5172
198	198	5170
199	199	5169
200	200	5171
201	201	5174
202	202	5171
203	203	5173
204	204	5165
205	205	5173
206	206	5176
207	207	5170
208	208	5171
209	209	5166
210	210	5171
211	211	5174
212	212	5167
213	213	5167
214	214	5167
215	215	5167
216	216	5172
217	217	5166
218	218	5166
219	219	5162
220	220	5164
221	221	5149
222	222	5158
223	223	5160
224	224	5156
225	225	5156
226	226	5160
227	227	5155
228	228	5155
229	229	5164
230	230	5156
231	231	5157
232	232	5150
233	233	5149
234	234	5159
235	235	5159
236	236	5152
237	237	5156
238	238	5147
239	239	5154
240	240	5153
241	241	5147
242	242	5150
243	243	5155
244	244	5151
245	245	5150
246	246	5148
247	247	5151
248	248	5153
249	249	5160
250	250	5153
251	251	5151
252	252	5141
253	253	5151
254	254	5151
255	255	5147
256	256	5153
257	257	5152
258	258	5147
259	259	5147
260	260	5150
261	261	5147
262	262	5149
263	263	5147
264	264	5150
265	265	5150
266	266	5150
267	267	5144
268	268	5151
269	269	5151
270	270	5148
271	271	5145
272	272	5146
273	273	5150
274	274	5153
275	275	5145
276	276	5145
277	277	5148
278	278	5143
279	279	5140
280	280	5134
281	281	5138
282	282	5146
283	283	5140
284	284	5143
285	285	5136
286	286	5140
287	287	5144
288	288	5148
289	289	5139
290	290	5141
291	291	5142
292	292	5144
293	293	5147
294	294	5140
295	295	5142
296	296	5138
297	297	5141
298	298	5146
299	299	5144
300	300	5140
301	301	5141
302	302	5149
303	303	5145
304	304	5143
305	305	5141
306	306	5136
307	307	5147
308	308	5143
309	309	5136
310	310	5143
311	311	5145
312	312	5145
313	313	5141
314	314	5131
315	315	5129
316	316	5143
317	317	5136
318	318	5138
319	319	5138
320	320	5132
321	321	5135
322	322	5128
323	323	5134
324	324	5133
325	325	5132
326	326	5131
327	327	5136
328	328	5137
329	329	5138
330	330	5136
331	331	5137
332	332	5137
333	333	5129
334	334	5136
335	335	5138
336	336	5133
337	337	5134
338	338	5134
339	339	5134
340	340	5136
341	341	5129
342	342	5127
343	343	5134
344	344	5141
345	345	5131
346	346	5125
347	347	5132
348	348	5128
349	349	5130
350	350	5133
351	351	5130
352	352	5133
353	353	5134
354	354	5127
355	355	5128
356	356	5132
357	357	5131
358	358	5130
359	359	5137
360	360	5133
361	361	5128
362	362	5131
363	363	5133
364	364	5134
365	365	5129
366	366	5127
367	367	5124
368	368	5119
369	369	5136
370	370	5129
371	371	5129
372	372	5124
373	373	5134
374	374	5122
375	375	5121
376	376	5121
377	377	5130
378	378	5128
379	379	5132
380	380	5125
381	381	5121
382	382	5123
383	383	5126
384	384	5128
385	385	5126
386	386	5121
387	387	5122
388	388	5116
389	389	5123
390	390	5132
391	391	5122
392	392	5127
393	393	5120
394	394	5121
395	395	5117
396	396	5120
397	397	5120
398	398	5118
399	399	5124
400	400	5124
401	401	5127
402	402	5114
403	403	5122
404	404	5127
405	405	5115
406	406	5118
407	407	5113
408	408	5115
409	409	5112
410	410	5125
411	411	5121
412	412	5117
413	413	5118
414	414	5110
415	415	5113
416	416	5111
417	417	5115
418	418	5110
419	419	5107
420	420	5101
421	421	5106
422	422	5098
423	423	5104
424	424	5104
425	425	5104
426	426	5105
427	427	5105
428	428	5107
429	429	5111
430	430	5101
431	431	5107
432	432	5107
433	433	5100
434	434	5100
435	435	5099
436	436	5103
437	437	5107
438	438	5109
439	439	5104
440	440	5098
441	441	5107
442	442	5106
443	443	5099
444	444	5097
445	445	5099
446	446	5112
447	447	5101
448	448	5103
449	449	5103
450	450	5101
451	451	5103
452	452	5101
453	453	5099
454	454	5105
455	455	5095
456	456	5102
457	457	5102
458	458	5101
459	459	5100
460	460	5097
461	461	5100
462	462	5096
463	463	5097
464	464	5098
465	465	5094
466	466	5092
467	467	5089
468	468	5092
469	469	5098
470	470	5091
471	471	5096
472	472	5098
473	473	5097
474	474	5088
475	475	5095
476	476	5092
477	477	5094
478	478	5093
479	479	5086
480	480	5095
481	481	5086
482	482	5093
483	483	5096
484	484	5088
485	485	5096
486	486	5089
487	487	5089
488	488	5092
489	489	5089
490	490	5092
491	491	5095
492	492	5090
493	493	5089
494	494	5097
495	495	5093
496	496	5092
497	497	5094
498	498	5094
499	499	5094
500	500	5094
501	501	5086
502	502	5087
503	503	5092
504	504	5091
505	505	5092
506	506	5099
507	507	5102
508	508	5085
509	509	5088
510	510	5091
511	511	5094
512	512	5091
513	513	5079
514	514	5090
515	515	5087
516	516	5088
517	517	5085
518	518	5076
519	519	5083
520	520	5086
521	521	5079
522	522	5084
523	523	5079
524	524	5092
525	525	5090
526	526	5082
527	527	5081
528	528	5079
529	529	5085
530	530	5077
531	531	5081
532	532	5082
533	533	5080
534	534	5076
535	535	5083
536	536	5073
537	537	5081
538	538	5075
539	539	5074
540	540	5074
541	541	5076
542	542	5079
543	543	5077
544	544	5077
545	545	5074
546	546	5084
547	547	5085
548	548	5081
549	549	5083
550	550	5083
551	551	5076
552	552	5078
553	553	5076
554	554	5079
555	555	5074
556	556	5077
557	557	5068
558	558	5069
559	559	5070
560	560	5063
561	561	5070
562	562	5081
563	563	5079
564	564	5070
565	565	5070
566	566	5070
567	567	5070
568	568	5077
569	569	5072
570	570	5073
571	571	5079
572	572	5075
573	573	5073
574	574	5068
575	575	5079
576	576	5078
577	577	5077
578	578	5079
579	579	5076
580	580	5074
581	581	5078
582	582	5076
583	583	5073
584	584	5071
585	585	5067
586	586	5071
587	587	5070
588	588	5068
589	589	5069
590	590	5073
591	591	5071
592	592	5072
593	593	5065
594	594	5066
595	595	5075
596	596	5071
597	597	5066
598	598	5066
599	599	5070
600	600	5061
601	601	5060
602	602	5064
603	603	5060
604	604	5055
605	605	5060
606	606	5054
607	607	5065
608	608	5066
609	609	5066
610	610	5059
611	611	5062
612	612	5059
613	613	5060
614	614	5057
615	615	5055
616	616	5065
617	617	5059
618	618	5058
619	619	5051
620	620	5059
621	621	5056
622	622	5058
623	623	5056
624	624	5057
625	625	5048
626	626	5061
627	627	5055
628	628	5052
629	629	5053
630	630	5047
631	631	5047
632	632	5052
633	633	5058
634	634	5052
635	635	5052
636	636	5047
637	637	5041
638	638	5049
639	639	5054
640	640	5046
641	641	5050
642	642	5057
643	643	5044
644	644	5051
645	645	5047
646	646	5054
647	647	5051
648	648	5049
649	649	5051
650	650	5048
651	651	5049
652	652	5040
653	653	5045
654	654	5045
655	655	5049
656	656	5049
657	657	5042
658	658	5050
659	659	5043
660	660	5047
661	661	5049
662	662	5041
663	663	5041
664	664	5044
665	665	5046
666	666	5043
667	667	5047
668	668	5051
669	669	5039
670	670	5044
671	671	5044
672	672	5046
673	673	5042
674	674	5044
675	675	5042
676	676	5031
677	677	5035
678	678	5035
679	679	5034
680	680	5041
681	681	5044
682	682	5036
683	683	5029
684	684	5035
685	685	5038
686	686	5030
687	687	5028
688	688	5035
689	689	5036
690	690	5034
691	691	5031
692	692	5034
693	693	5035
694	694	5032
695	695	5026
696	696	5026
697	697	5034
698	698	5036
699	699	5028
700	700	5025
701	701	5029
702	702	5033
703	703	5029
704	704	5025
705	705	5029
706	706	5027
707	707	5025
708	708	5022
709	709	5024
710	710	5028
711	711	5030
712	712	5031
713	713	5030
714	714	5029
715	715	5042
716	716	5035
717	717	5032
718	718	5031
719	719	5022
720	720	5028
721	721	5023
722	722	5030
723	723	5029
724	724	5037
725	725	5030
726	726	5033
727	727	5028
728	728	5029
729	729	5030
730	730	5030
731	731	5021
732	732	5019
733	733	5029
734	734	5029
735	735	5023
736	736	5020
737	737	5024
738	738	5025
739	739	5017
740	740	5019
741	741	5016
742	742	5018
743	743	5015
744	744	5021
745	745	5022
746	746	5017
747	747	5020
748	748	5018
749	749	5020
750	750	5022
751	751	5022
752	752	5014
753	753	5018
754	754	5012
755	755	5019
756	756	5018
757	757	5024
758	758	5013
759	759	5014
760	760	5013
761	761	5007
762	762	5011
763	763	5015
764	764	5015
765	765	5021
766	766	5021
767	767	5010
768	768	5022
769	769	5021
770	770	5017
771	771	5021
772	772	5025
773	773	5026
774	774	5018
775	775	5016
776	776	5024
777	777	5022
778	778	5019
779	779	5018
780	780	5018
781	781	5023
782	782	5017
783	783	5018
784	784	5015
785	785	5016
786	786	5020
787	787	5017
788	788	5016
789	789	5015
790	790	5014
791	791	5020
792	792	5020
793	793	5009
794	794	5013
795	795	5019
796	796	5019
797	797	5021
798	798	5009
799	799	5019
800	800	5013
801	801	5022
802	802	5018
803	803	5021
804	804	5016
805	805	5017
806	806	5013
807	807	5013
808	808	5019
809	809	5019
810	810	5013
811	811	5015
812	812	5016
813	813	5022
814	814	5014
815	815	5021
816	816	5014
817	817	5014
818	818	5021
819	819	5011
820	820	5012
821	821	5008
822	822	5016
823	823	5014
824	824	5021
825	825	5020
826	826	5012
827	827	5012
828	828	5014
829	829	5019
830	830	5015
831	831	5015
832	832	5009
833	833	5004
834	834	5020
835	835	5016
836	836	5010
837	837	5011
838	838	5008
839	839	5007
840	840	5006
841	841	5009
842	842	5005
843	843	5006
844	844	5012
845	845	5005
846	846	5004
847	847	5010
848	848	5006
849	849	5001
850	850	5005
851	851	4998
852	852	4999
853	853	5003
854	854	5007
855	855	5005
856	856	5000
857	857	5004
858	858	5006
859	859	5012
860	860	5010
861	861	5003
862	862	5012
863	863	5016
864	864	5005
865	865	5000
866	866	4999
867	867	5005
868	868	5006
869	869	5006
870	870	5005
871	871	5007
872	872	5005
873	873	5000
874	874	5004
875	875	4999
876	876	5003
877	877	5002
878	878	4998
879	879	4999
880	880	4998
881	881	5003
882	882	4999
883	883	5001
884	884	5005
885	885	5000
886	886	4998
887	887	5002
888	888	5000
889	889	5000
890	890	5004
891	891	5001
892	892	5002
893	893	4991
894	894	4997
895	895	4997
896	896	5003
897	897	4993
898	898	4994
899	899	5000
900	900	4993
901	901	4994
902	902	4997
903	903	4996
904	904	4999
905	905	5001
906	906	4998
907	907	5003
908	908	4999
909	909	4993
910	910	4994
911	911	4993
912	912	4998
913	913	4994
914	914	4994
915	915	4999
916	916	5003
917	917	4996
918	918	4987
919	919	4992
920	920	4998
921	921	4997
922	922	4992
923	923	4990
924	924	4999
925	925	4994
926	926	4985
927	927	4994
928	928	4994
929	929	4995
930	930	4994
931	931	4985
932	932	4992
933	933	4989
934	934	4987
935	935	4994
936	936	4984
937	937	4993
938	938	4988
939	939	4988
940	940	4992
941	941	4987
942	942	4991
943	943	4995
944	944	4993
945	945	4983
946	946	4992
947	947	4984
948	948	4987
949	949	4991
950	950	4990
951	951	4993
952	952	4993
953	953	4988
954	954	4991
955	955	4987
956	956	4985
957	957	4988
958	958	4985
959	959	4981
960	960	4993
961	961	4990
962	962	4987
963	963	4989
964	964	4981
965	965	4983
966	966	4984
967	967	4988
968	968	4983
969	969	4980
970	970	4984
971	971	4979
972	972	4994
973	973	4985
974	974	4981
975	975	4980
976	976	4978
977	977	4980
978	978	4976
979	979	4970
980	980	4975
981	981	4974
982	982	4981
983	983	4978
984	984	4976
985	985	4975
986	986	4978
987	987	4977
988	988	4978
989	989	4972
990	990	4976
991	991	4975
992	992	4986
993	993	4989
994	994	4981
995	995	4975
996	996	4980
997	997	4975
998	998	4977
999	999	4977
1000	1000	4984
1001	1001	4977
1002	1002	4978
1003	1003	4975
1004	1004	4970
1005	1005	4977
1006	1006	4978
1007	1007	4977
1008	1008	4974
1009	1009	4979
1010	1010	4972
1011	1011	4971
1012	1012	4975
1013	1013	4973
1014	1014	4974
1015	1015	4976
1016	1016	4971
1017	1017	4971
1018	1018	4964
1019	1019	4971
1020	1020	4961
1021	1021	4965
1022	1022	4967
1023	1023	4971
1024	1024	4971
1025	1025	4969
1026	1026	4969
1027	1027	4969
1028	1028	4974
1029	1029	4968
1030	1030	4964
1031	1031	4970
1032	1032	4965
1033	1033	4959
1034	1034	4963
1035	1035	4963
1036	1036	4965
1037	1037	4967
1038	1038	4967
1039	1039	4966
1040	1040	4966
1041	1041	4972
1042	1042	4968
1043	1043	4963
1044	1044	4965
1045	1045	4964
1046	1046	4958
1047	1047	4956
1048	1048	4960
1049	1049	4965
1050	1050	4966
1051	1051	4958
1052	1052	4959
1053	1053	4957
1054	1054	4965
1055	1055	4962
1056	1056	4958
1057	1057	4960
1058	1058	4966
1059	1059	4965
1060	1060	4969
1061	1061	4966
1062	1062	4967
1063	1063	4957
1064	1064	4970
1065	1065	4969
1066	1066	4969
1067	1067	4963
1068	1068	4968
1069	1069	4960
1070	1070	4968
1071	1071	4959
1072	1072	4965
1073	1073	4960
1074	1074	4964
1075	1075	4954
1076	1076	4959
1077	1077	4956
1078	1078	4952
1079	1079	4960
1080	1080	4959
1081	1081	4954
1082	1082	4955
1083	1083	4961
1084	1084	4960
1085	1085	4959
1086	1086	4953
1087	1087	4959
1088	1088	4954
1089	1089	4955
1090	1090	4961
1091	1091	4959
1092	1092	4953
1093	1093	4957
1094	1094	4955
1095	1095	4959
1096	1096	4949
1097	1097	4952
1098	1098	4955
1099	1099	4956
1100	1100	4950
1101	1101	4948
1102	1102	4946
1103	1103	4948
1104	1104	4956
1105	1105	4952
1106	1106	4959
1107	1107	4948
1108	1108	4956
1109	1109	4955
1110	1110	4958
1111	1111	4952
1112	1112	4953
1113	1113	4957
1114	1114	4957
1115	1115	4954
1116	1116	4952
1117	1117	4959
1118	1118	4953
1119	1119	4949
1120	1120	4957
1121	1121	4952
1122	1122	4954
1123	1123	4950
1124	1124	4939
1125	1125	4952
1126	1126	4945
1127	1127	4950
1128	1128	4944
1129	1129	4948
1130	1130	4952
1131	1131	4946
1132	1132	4952
1133	1133	4946
1134	1134	4951
1135	1135	4950
1136	1136	4949
1137	1137	4943
1138	1138	4952
1139	1139	4954
1140	1140	4955
1141	1141	4943
1142	1142	4949
1143	1143	4948
1144	1144	4949
1145	1145	4945
1146	1146	4948
1147	1147	4943
1148	1148	4940
1149	1149	4941
1150	1150	4947
1151	1151	4946
1152	1152	4945
1153	1153	4944
1154	1154	4940
1155	1155	4949
1156	1156	4953
1157	1157	4950
1158	1158	4954
1159	1159	4953
1160	1160	4945
1161	1161	4942
1162	1162	4948
1163	1163	4947
1164	1164	4947
1165	1165	4951
1166	1166	4941
1167	1167	4945
1168	1168	4941
1169	1169	4947
1170	1170	4948
1171	1171	4949
1172	1172	4943
1173	1173	4942
1174	1174	4937
1175	1175	4939
1176	1176	4947
1177	1177	4943
1178	1178	4939
1179	1179	4939
1180	1180	4931
1181	1181	4933
1182	1182	4943
1183	1183	4942
1184	1184	4936
1185	1185	4936
1186	1186	4937
1187	1187	4943
1188	1188	4943
1189	1189	4937
1190	1190	4937
1191	1191	4943
1192	1192	4940
1193	1193	4941
1194	1194	4940
1195	1195	4941
1196	1196	4943
1197	1197	4948
1198	1198	4937
1199	1199	4939
1200	1200	4934
1201	1201	4933
1202	1202	4937
1203	1203	4939
1204	1204	4934
1205	1205	4932
1206	1206	4933
1207	1207	4931
1208	1208	4934
1209	1209	4929
1210	1210	4925
1211	1211	4934
1212	1212	4935
1213	1213	4937
1214	1214	4935
1215	1215	4939
1216	1216	4937
1217	1217	4936
1218	1218	4935
1219	1219	4936
1220	1220	4936
1221	1221	4936
1222	1222	4931
1223	1223	4931
1224	1224	4931
1225	1225	4937
1226	1226	4930
1227	1227	4928
1228	1228	4933
1229	1229	4931
1230	1230	4935
1231	1231	4934
1232	1232	4932
1233	1233	4932
1234	1234	4927
1235	1235	4929
1236	1236	4929
1237	1237	4933
1238	1238	4938
1239	1239	4931
1240	1240	4939
1241	1241	4931
1242	1242	4928
1243	1243	4931
1244	1244	4930
1245	1245	4932
1246	1246	4925
1247	1247	4921
1248	1248	4929
1249	1249	4927
1250	1250	4934
1251	1251	4929
1252	1252	4927
1253	1253	4925
1254	1254	4928
1255	1255	4926
1256	1256	4925
1257	1257	4930
1258	1258	4928
1259	1259	4925
1260	1260	4925
1261	1261	4920
1262	1262	4923
1263	1263	4925
1264	1264	4923
1265	1265	4917
1266	1266	4919
1267	1267	4920
1268	1268	4927
1269	1269	4920
1270	1270	4923
1271	1271	4925
1272	1272	4923
1273	1273	4919
1274	1274	4919
1275	1275	4913
1276	1276	4918
1277	1277	4921
1278	1278	4924
1279	1279	4923
1280	1280	4917
1281	1281	4921
1282	1282	4924
1283	1283	4913
1284	1284	4918
1285	1285	4919
1286	1286	4917
1287	1287	4912
1288	1288	4925
1289	1289	4921
1290	1290	4922
1291	1291	4914
1292	1292	4921
1293	1293	4916
1294	1294	4913
1295	1295	4917
1296	1296	4917
1297	1297	4921
1298	1298	4911
1299	1299	4912
1300	1300	4909
1301	1301	4916
1302	1302	4917
1303	1303	4911
1304	1304	4912
1305	1305	4914
1306	1306	4912
1307	1307	4911
1308	1308	4913
1309	1309	4911
1310	1310	4908
1311	1311	4910
1312	1312	4906
1313	1313	4910
1314	1314	4911
1315	1315	4906
1316	1316	4899
1317	1317	4902
1318	1318	4906
1319	1319	4903
1320	1320	4902
1321	1321	4908
1322	1322	4900
1323	1323	4901
1324	1324	4895
1325	1325	4900
1326	1326	4897
1327	1327	4904
1328	1328	4902
1329	1329	4908
1330	1330	4904
1331	1331	4904
1332	1332	4901
1333	1333	4901
1334	1334	4906
1335	1335	4901
1336	1336	4905
1337	1337	4896
1338	1338	4899
1339	1339	4902
1340	1340	4906
1341	1341	4899
1342	1342	4903
1343	1343	4906
1344	1344	4899
1345	1345	4899
1346	1346	4905
1347	1347	4897
1348	1348	4896
1349	1349	4898
1350	1350	4896
1351	1351	4892
1352	1352	4899
1353	1353	4901
1354	1354	4894
1355	1355	4894
1356	1356	4901
1357	1357	4888
1358	1358	4884
1359	1359	4890
1360	1360	4898
1361	1361	4901
1362	1362	4898
1363	1363	4901
1364	1364	4890
1365	1365	4896
1366	1366	4886
1367	1367	4892
1368	1368	4892
1369	1369	4898
1370	1370	4893
1371	1371	4897
1372	1372	4896
1373	1373	4900
1374	1374	4894
1375	1375	4894
1376	1376	4894
1377	1377	4891
1378	1378	4893
1379	1379	4898
1380	1380	4893
1381	1381	4894
1382	1382	4891
1383	1383	4894
1384	1384	4896
1385	1385	4888
1386	1386	4890
1387	1387	4893
1388	1388	4898
1389	1389	4890
1390	1390	4884
1391	1391	4891
1392	1392	4889
1393	1393	4888
1394	1394	4891
1395	1395	4885
1396	1396	4892
1397	1397	4887
1398	1398	4890
1399	1399	4887
1400	1400	4889
1401	1401	4889
1402	1402	4889
1403	1403	4890
1404	1404	4892
1405	1405	4888
1406	1406	4877
1407	1407	4885
1408	1408	4885
1409	1409	4885
1410	1410	4882
1411	1411	4885
1412	1412	4888
1413	1413	4884
1414	1414	4884
1415	1415	4880
1416	1416	4882
1417	1417	4881
1418	1418	4884
1419	1419	4882
1420	1420	4885
1421	1421	4880
1422	1422	4875
1423	1423	4875
1424	1424	4881
1425	1425	4878
1426	1426	4878
1427	1427	4921
1428	1428	4875
1429	1429	4877
1430	1430	4877
1431	1431	4875
1432	1432	4919
1433	1433	4880
1434	1434	4880
1435	1435	4877
1436	1436	4871
1437	1437	4872
1438	1438	4879
1439	1439	4879
1440	1440	4881
1441	1441	4874
1442	1442	4871
1443	1443	4883
1444	1444	4877
1445	1445	4883
1446	1446	4872
1447	1447	4883
1448	1448	4880
1449	1449	4882
1450	1450	4881
1451	1451	4883
1452	1452	4881
1453	1453	4879
1454	1454	4879
1455	1455	4879
1456	1456	4876
1457	1457	4881
1458	1458	4879
1459	1459	4874
1460	1460	4881
1461	1461	4881
1462	1462	4880
1463	1463	4874
1464	1464	4876
1465	1465	4875
1466	1466	4882
1467	1467	4879
1468	1468	4876
1469	1469	4871
1470	1470	4873
1471	1471	4875
1472	1472	4878
1473	1473	4883
1474	1474	4869
1475	1475	4873
1476	1476	4878
1477	1477	4878
1478	1478	4871
1479	1479	4867
1480	1480	4871
1481	1481	4872
1482	1482	4877
1483	1483	4868
1484	1484	4870
1485	1485	4862
1486	1486	4870
1487	1487	4871
1488	1488	4861
1489	1489	4861
1490	1490	4875
1491	1491	4873
1492	1492	4866
1493	1493	4859
1494	1494	4857
1495	1495	4857
1496	1496	4865
1497	1497	4872
1498	1498	4867
1499	1499	4866
1500	1500	4868
1501	1501	4862
1502	1502	4864
1503	1503	4870
1504	1504	4872
1505	1505	4862
1506	1506	4860
1507	1507	4871
1508	1508	4864
1509	1509	4867
1510	1510	4863
1511	1511	4871
1512	1512	4873
1513	1513	4861
1514	1514	4861
1515	1515	4863
1516	1516	4865
1517	1517	4863
1518	1518	4865
1519	1519	4866
1520	1520	4863
1521	1521	4864
1522	1522	4854
1523	1523	4854
1524	1524	4854
1525	1525	4859
1526	1526	4861
1527	1527	4861
1528	1528	4863
1529	1529	4861
1530	1530	4859
1531	1531	4860
1532	1532	4858
1533	1533	4859
1534	1534	4857
1535	1535	4858
1536	1536	4862
1537	1537	4861
1538	1538	4852
1539	1539	4862
1540	1540	4858
1541	1541	4855
1542	1542	4855
1543	1543	4859
1544	1544	4858
1545	1545	4858
1546	1546	4855
1547	1547	4852
1548	1548	4861
1549	1549	4860
1550	1550	4853
1551	1551	4860
1552	1552	4860
1553	1553	4847
1554	1554	4854
1555	1555	4853
1556	1556	4856
1557	1557	4856
1558	1558	4860
1559	1559	4859
1560	1560	4852
1561	1561	4850
1562	1562	4857
1563	1563	4853
1564	1564	4856
1565	1565	4857
1566	1566	4852
1567	1567	4853
1568	1568	4854
1569	1569	4851
1570	1570	4852
1571	1571	4846
1572	1572	4853
1573	1573	4852
1574	1574	4854
1575	1575	4851
1576	1576	4851
1577	1577	4850
1578	1578	4845
1579	1579	4846
1580	1580	4850
1581	1581	4837
1582	1582	4846
1583	1583	4842
1584	1584	4853
1585	1585	4844
1586	1586	4838
1587	1587	4852
1588	1588	4846
1589	1589	4845
1590	1590	4844
1591	1591	4839
1592	1592	4845
1593	1593	4849
1594	1594	4841
1595	1595	4840
1596	1596	4845
1597	1597	4848
1598	1598	4847
1599	1599	4842
1600	1600	4849
1601	1601	4847
1602	1602	4847
1603	1603	4841
1604	1604	4842
1605	1605	4846
1606	1606	4846
1607	1607	4842
1608	1608	4847
1609	1609	4844
1610	1610	4846
1611	1611	4842
1612	1612	4847
1613	1613	4839
1614	1614	4839
1615	1615	4843
1616	1616	4847
1617	1617	4839
1618	1618	4840
1619	1619	4833
1620	1620	4851
1621	1621	4849
1622	1622	4845
1623	1623	4834
1624	1624	4839
1625	1625	4828
1626	1626	4841
1627	1627	4835
1628	1628	4830
1629	1629	4834
1630	1630	4832
1631	1631	4848
1632	1632	4839
1633	1633	4830
1634	1634	4834
1635	1635	4837
1636	1636	4837
1637	1637	4839
1638	1638	4835
1639	1639	4823
1640	1640	4839
1641	1641	4850
1642	1642	4829
1643	1643	4827
1644	1644	4873
1645	1645	4874
1646	1646	4878
1647	1647	4826
1648	1648	4822
1649	1649	4828
1650	1650	4820
1651	1651	4824
1652	1652	4822
1653	1653	4821
1654	1654	4823
1655	1655	4827
1656	1656	4825
1657	1657	4826
1658	1658	4830
1659	1659	4824
1660	1660	4824
1661	1661	4831
1662	1662	4827
1663	1663	4828
1664	1664	4825
1665	1665	4831
1666	1666	4826
1667	1667	4816
1668	1668	4822
1669	1669	4821
1670	1670	4823
1671	1671	4820
1672	1672	4821
1673	1673	4826
1674	1674	4826
1675	1675	4827
1676	1676	4827
1677	1677	4828
1678	1678	4817
1679	1679	4819
1680	1680	4817
1681	1681	4822
1682	1682	4823
1683	1683	4816
1684	1684	4820
1685	1685	4869
1686	1686	4813
1687	1687	4820
1688	1688	4820
1689	1689	4815
1690	1690	4815
1691	1691	4815
1692	1692	4817
1693	1693	4815
1694	1694	4812
1695	1695	4823
1696	1696	4825
1697	1697	4813
1698	1698	4819
1699	1699	4820
1700	1700	4818
1701	1701	4823
1702	1702	4822
1703	1703	4825
1704	1704	4814
1705	1705	4808
1706	1706	4812
1707	1707	4812
1708	1708	4817
1709	1709	4812
1710	1710	4803
1711	1711	4814
1712	1712	4805
1713	1713	4809
1714	1714	4809
1715	1715	4813
1716	1716	4809
1717	1717	4811
1718	1718	4809
1719	1719	4808
1720	1720	4811
1721	1721	4812
1722	1722	4808
1723	1723	4806
1724	1724	4815
1725	1725	4803
1726	1726	4807
1727	1727	4806
1728	1728	4859
1729	1729	4816
1730	1730	4811
1731	1731	4816
1732	1732	4801
1733	1733	4849
1734	1734	4799
1735	1735	4813
1736	1736	4806
1737	1737	4843
1738	1738	4848
1739	1739	4805
1740	1740	4805
1741	1741	4802
1742	1742	4801
1743	1743	4806
1744	1744	4807
1745	1745	4801
1746	1746	4807
1747	1747	4805
1748	1748	4807
1749	1749	4808
1750	1750	4806
1751	1751	4806
1752	1752	4803
1753	1753	4804
1754	1754	4806
1755	1755	4805
1756	1756	4807
1757	1757	4802
1758	1758	4801
1759	1759	4808
1760	1760	4810
1761	1761	4802
1762	1762	4803
1763	1763	4803
1764	1764	4805
1765	1765	4801
1766	1766	4851
1767	1767	4797
1768	1768	4799
1769	1769	4808
1770	1770	4839
1771	1771	4794
1772	1772	4800
1773	1773	4803
1774	1774	4798
1775	1775	4797
1776	1776	4790
1777	1777	4800
1778	1778	4803
1779	1779	4794
1780	1780	4793
1781	1781	4797
1782	1782	4802
1783	1783	4794
1784	1784	4804
1785	1785	4796
1786	1786	4800
1787	1787	4800
1788	1788	4800
1789	1789	4802
1790	1790	4799
1791	1791	4799
1792	1792	4804
1793	1793	4797
1794	1794	4799
1795	1795	4795
1796	1796	4794
1797	1797	4797
1798	1798	4799
1799	1799	4798
1800	1800	4793
1801	1801	4798
1802	1802	4801
1803	1803	4790
1804	1804	4798
1805	1805	4795
1806	1806	4796
1807	1807	4799
1808	1808	4794
1809	1809	4794
1810	1810	4806
1811	1811	4794
1812	1812	4793
1813	1813	4795
1814	1814	4784
1815	1815	4800
1816	1816	4794
1817	1817	4787
1818	1818	4792
1819	1819	4790
1820	1820	4787
1821	1821	4799
1822	1822	4836
1823	1823	4786
1824	1824	4792
1825	1825	4787
1826	1826	4792
1827	1827	4788
1828	1828	4788
1829	1829	4791
1830	1830	4792
1831	1831	4791
1832	1832	4795
1833	1833	4794
1834	1834	4789
1835	1835	4793
1836	1836	4788
1837	1837	4792
1838	1838	4796
1839	1839	4786
1840	1840	4787
1841	1841	4787
1842	1842	4784
1843	1843	4789
1844	1844	4784
1845	1845	4790
1846	1846	4785
1847	1847	4785
1848	1848	4785
1849	1849	4783
1850	1850	4773
1851	1851	4781
1852	1852	4780
1853	1853	4780
1854	1854	4779
1855	1855	4831
1856	1856	4779
1857	1857	4783
1858	1858	4784
1859	1859	4785
1860	1860	4780
1861	1861	4775
1862	1862	4780
1863	1863	4785
1864	1864	4779
1865	1865	4813
1866	1866	4824
1867	1867	4827
1868	1868	4819
1869	1869	4816
1870	1870	4809
1871	1871	4822
1872	1872	4774
1873	1873	4818
1874	1874	4821
1875	1875	4817
1876	1876	4822
1877	1877	4776
1878	1878	4777
1879	1879	4780
1880	1880	4775
1881	1881	4772
1882	1882	4774
1883	1883	4774
1884	1884	4779
1885	1885	4780
1886	1886	4778
1887	1887	4773
1888	1888	4774
1889	1889	4776
1890	1890	4773
1891	1891	4783
1892	1892	4781
1893	1893	4777
1894	1894	4765
1895	1895	4773
1896	1896	4781
1897	1897	4777
1898	1898	4774
1899	1899	4774
1900	1900	4781
1901	1901	4771
1902	1902	4775
1903	1903	4774
1904	1904	4775
1905	1905	4771
1906	1906	4774
1907	1907	4772
1908	1908	4770
1909	1909	4768
1910	1910	4770
1911	1911	4772
1912	1912	4771
1913	1913	4771
1914	1914	4773
1915	1915	4773
1916	1916	4772
1917	1917	4771
1918	1918	4777
1919	1919	4774
1920	1920	4766
1921	1921	4760
1922	1922	4771
1923	1923	4774
1924	1924	4765
1925	1925	4776
1926	1926	4769
1927	1927	4770
1928	1928	4776
1929	1929	4775
1930	1930	4768
1931	1931	4774
1932	1932	4769
1933	1933	4767
1934	1934	4764
1935	1935	4762
1936	1936	4766
1937	1937	4755
1938	1938	4766
1939	1939	4764
1940	1940	4757
1941	1941	4756
1942	1942	4769
1943	1943	4766
1944	1944	4760
1945	1945	4762
1946	1946	4762
1947	1947	4764
1948	1948	4802
1949	1949	4752
1950	1950	4755
1951	1951	4765
1952	1952	4761
1953	1953	4800
1954	1954	4763
1955	1955	4757
1956	1956	4759
1957	1957	4757
1958	1958	4758
1959	1959	4754
1960	1960	4759
1961	1961	4761
1962	1962	4808
1963	1963	4762
1964	1964	4758
1965	1965	4760
1966	1966	4804
1967	1967	4801
1968	1968	4754
1969	1969	4758
1970	1970	4761
1971	1971	4764
1972	1972	4760
1973	1973	4758
1974	1974	4764
1975	1975	4759
1976	1976	4759
1977	1977	4763
1978	1978	4761
1979	1979	4763
1980	1980	4762
1981	1981	4761
1982	1982	4756
1983	1983	4751
1984	1984	4751
1985	1985	4758
1986	1986	4750
1987	1987	4751
1988	1988	4753
1989	1989	4754
1990	1990	4754
1991	1991	4754
1992	1992	4749
1993	1993	4745
1994	1994	4757
1995	1995	4791
1996	1996	4749
1997	1997	4755
1998	1998	4752
1999	1999	4790
2000	2000	4791
2001	2001	4747
2002	2002	4749
2003	2003	4750
2004	2004	4746
2005	2005	4792
2006	2006	4791
2007	2007	4747
2008	2008	4746
2009	2009	4744
2010	2010	4746
2011	2011	4748
2012	2012	4745
2013	2013	4740
2014	2014	4792
2015	2015	4743
2016	2016	4749
2017	2017	4749
2018	2018	4743
2019	2019	4745
2020	2020	4745
2021	2021	4744
2022	2022	4744
2023	2023	4747
2024	2024	4746
2025	2025	4748
2026	2026	4744
2027	2027	4738
2028	2028	4738
2029	2029	4742
2030	2030	4747
2031	2031	4741
2032	2032	4745
2033	2033	4748
2034	2034	4740
2035	2035	4740
2036	2036	4742
2037	2037	4739
2038	2038	4746
2039	2039	4742
2040	2040	4745
2041	2041	4746
2042	2042	4742
2043	2043	4789
2044	2044	4785
2045	2045	4788
2046	2046	4741
2047	2047	4736
2048	2048	4785
2049	2049	4785
2050	2050	4740
2051	2051	4741
2052	2052	4738
2053	2053	4782
2054	2054	4788
2055	2055	4748
2056	2056	4738
2057	2057	4741
2058	2058	4780
2059	2059	4786
2060	2060	4739
2061	2061	4739
2062	2062	4776
2063	2063	4782
2064	2064	4739
2065	2065	4733
2066	2066	4735
2067	2067	4737
2068	2068	4736
2069	2069	4740
2070	2070	4741
2071	2071	4740
2072	2072	4744
2073	2073	4736
2074	2074	4732
2075	2075	4732
2076	2076	4741
2077	2077	4734
2078	2078	4725
2079	2079	4738
2080	2080	4736
2081	2081	4731
2082	2082	4734
2083	2083	4738
2084	2084	4733
2085	2085	4777
2086	2086	4781
2087	2087	4771
2088	2088	4776
2089	2089	4776
2090	2090	4771
2091	2091	4774
2092	2092	4769
2093	2093	4774
2094	2094	4772
2095	2095	4767
2096	2096	4767
2097	2097	4774
2098	2098	4775
2099	2099	4727
2100	2100	4772
2101	2101	4778
2102	2102	4731
2103	2103	4727
2104	2104	4768
2105	2105	4778
2106	2106	4774
2107	2107	4728
2108	2108	4729
2109	2109	4767
2110	2110	4767
2111	2111	4765
2112	2112	4734
2113	2113	4729
2114	2114	4728
2115	2115	4731
2116	2116	4725
2117	2117	4723
2118	2118	4726
2119	2119	4726
2120	2120	4722
2121	2121	4726
2122	2122	4729
2123	2123	4730
2124	2124	4726
2125	2125	4730
2126	2126	4729
2127	2127	4730
2128	2128	4735
2129	2129	4725
2130	2130	4722
2131	2131	4729
2132	2132	4729
2133	2133	4729
2134	2134	4729
2135	2135	4725
2136	2136	4773
2137	2137	4767
2138	2138	4766
2139	2139	4722
2140	2140	4728
2141	2141	4768
2142	2142	4764
2143	2143	4769
2144	2144	4722
2145	2145	4765
2146	2146	4761
2147	2147	4762
2148	2148	4719
2149	2149	4719
2150	2150	4764
2151	2151	4766
2152	2152	4722
2153	2153	4724
2154	2154	4719
2155	2155	4756
2156	2156	4767
2157	2157	4715
2158	2158	4725
2159	2159	4720
2160	2160	4722
2161	2161	4724
2162	2162	4723
2163	2163	4719
2164	2164	4720
2165	2165	4713
2166	2166	4720
2167	2167	4720
2168	2168	4722
2169	2169	4724
2170	2170	4719
2171	2171	4716
2172	2172	4725
2173	2173	4721
2174	2174	4723
2175	2175	4721
2176	2176	4716
2177	2177	4721
2178	2178	4723
2179	2179	4721
2180	2180	4721
2181	2181	4714
2182	2182	4762
2183	2183	4763
2184	2184	4719
2185	2185	4708
2186	2186	4713
2187	2187	4758
2188	2188	4762
2189	2189	4714
2190	2190	4718
2191	2191	4715
2192	2192	4759
2193	2193	4757
2194	2194	4710
2195	2195	4712
2196	2196	4759
2197	2197	4764
2198	2198	4716
2199	2199	4707
2200	2200	4713
2201	2201	4760
2202	2202	4758
2203	2203	4708
2204	2204	4707
2205	2205	4711
2206	2206	4717
2207	2207	4709
2208	2208	4709
2209	2209	4713
2210	2210	4708
2211	2211	4713
2212	2212	4712
2213	2213	4711
2214	2214	4708
2215	2215	4708
2216	2216	4705
2217	2217	4712
2218	2218	4711
2219	2219	4705
2220	2220	4714
2221	2221	4707
2222	2222	4708
2223	2223	4703
2224	2224	4705
2225	2225	4708
2226	2226	4702
2227	2227	4706
2228	2228	4707
2229	2229	4748
2230	2230	4747
2231	2231	4746
2232	2232	4707
2233	2233	4698
2234	2234	4702
2235	2235	4743
2236	2236	4748
2237	2237	4705
2238	2238	4707
2239	2239	4751
2240	2240	4737
2241	2241	4751
2242	2242	4747
2243	2243	4752
2244	2244	4747
2245	2245	4754
2246	2246	4702
2247	2247	4705
2248	2248	4747
2249	2249	4742
2250	2250	4755
2251	2251	4697
2252	2252	4702
2253	2253	4707
2254	2254	4701
2255	2255	4749
2256	2256	4694
2257	2257	4702
2258	2258	4701
2259	2259	4701
2260	2260	4698
2261	2261	4742
2262	2262	4747
2263	2263	4700
2264	2264	4699
2265	2265	4702
2266	2266	4700
2267	2267	4698
2268	2268	4750
2269	2269	4700
2270	2270	4697
2271	2271	4698
2272	2272	4695
2273	2273	4700
2274	2274	4749
2275	2275	4742
2276	2276	4734
2277	2277	4741
2278	2278	4742
2279	2279	4702
2280	2280	4695
2281	2281	4740
2282	2282	4742
2283	2283	4744
2284	2284	4745
2285	2285	4748
2286	2286	4741
2287	2287	4743
2288	2288	4742
2289	2289	4743
2290	2290	4733
2291	2291	4741
2292	2292	4739
2293	2293	4693
2294	2294	4734
2295	2295	4736
2296	2296	4734
2297	2297	4691
2298	2298	4687
2299	2299	4686
2300	2300	4692
2301	2301	4691
2302	2302	4688
2303	2303	4692
2304	2304	4729
2305	2305	4735
2306	2306	4727
2307	2307	4727
2308	2308	4728
2309	2309	4736
2310	2310	4737
2311	2311	4730
2312	2312	4724
2313	2313	4729
2314	2314	4728
2315	2315	4734
2316	2316	4739
2317	2317	4736
2318	2318	4682
2319	2319	4689
2320	2320	4730
2321	2321	4737
2322	2322	4735
2323	2323	4736
2324	2324	4736
2325	2325	4690
2326	2326	4736
2327	2327	4723
2328	2328	4729
2329	2329	4735
2330	2330	4682
2331	2331	4728
2332	2332	4730
2333	2333	4726
2334	2334	4726
2335	2335	4731
2336	2336	4722
2337	2337	4727
2338	2338	4723
2339	2339	4730
2340	2340	4721
2341	2341	4724
2342	2342	4729
2343	2343	4734
2344	2344	4680
2345	2345	4689
2346	2346	4737
2347	2347	4726
2348	2348	4726
2349	2349	4730
2350	2350	4677
2351	2351	4680
2352	2352	4679
2353	2353	4715
2354	2354	4735
2355	2355	4677
2356	2356	4677
2357	2357	4683
2358	2358	4684
2359	2359	4721
2360	2360	4720
2361	2361	4724
2362	2362	4680
2363	2363	4679
2364	2364	4684
2365	2365	4679
2366	2366	4722
2367	2367	4727
2368	2368	4727
2369	2369	4721
2370	2370	4716
2371	2371	4728
2372	2372	4718
2373	2373	4722
2374	2374	4720
2375	2375	4718
2376	2376	4722
2377	2377	4724
2378	2378	4718
2379	2379	4717
2380	2380	4723
2381	2381	4726
2382	2382	4726
2383	2383	4716
2384	2384	4714
2385	2385	4715
2386	2386	4724
2387	2387	4721
2388	2388	4710
2389	2389	4715
2390	2390	4722
2391	2391	4721
2392	2392	4722
2393	2393	4717
2394	2394	4723
2395	2395	4717
2396	2396	4667
2397	2397	4720
2398	2398	4723
2399	2399	4719
2400	2400	4717
2401	2401	4715
2402	2402	4715
2403	2403	4723
2404	2404	4670
2405	2405	4721
2406	2406	4710
2407	2407	4717
2408	2408	4717
2409	2409	4714
2410	2410	4722
2411	2411	4719
2412	2412	4712
2413	2413	4716
2414	2414	4707
2415	2415	4715
2416	2416	4715
2417	2417	4707
2418	2418	4712
2419	2419	4712
2420	2420	4710
2421	2421	4713
2422	2422	4717
2423	2423	4714
2424	2424	4716
2425	2425	4715
2426	2426	4707
2427	2427	4713
2428	2428	4704
2429	2429	4708
2430	2430	4712
2431	2431	4709
2432	2432	4704
2433	2433	4710
2434	2434	4710
2435	2435	4714
2436	2436	4714
2437	2437	4713
2438	2438	4714
2439	2439	4717
2440	2440	4712
2441	2441	4708
2442	2442	4706
2443	2443	4709
2444	2444	4706
2445	2445	4715
2446	2446	4707
2447	2447	4710
2448	2448	4710
2449	2449	4713
2450	2450	4712
2451	2451	4717
2452	2452	4711
2453	2453	4714
2454	2454	4712
2455	2455	4711
2456	2456	4713
2457	2457	4710
2458	2458	4707
2459	2459	4708
2460	2460	4712
2461	2461	4705
2462	2462	4711
2463	2463	4713
2464	2464	4714
2465	2465	4710
2466	2466	4705
2467	2467	4711
2468	2468	4709
2469	2469	4706
2470	2470	4713
2471	2471	4705
2472	2472	4718
2473	2473	4713
2474	2474	4714
2475	2475	4717
2476	2476	4710
2477	2477	4711
2478	2478	4710
2479	2479	4703
2480	2480	4705
2481	2481	4707
2482	2482	4709
2483	2483	4707
2484	2484	4708
2485	2485	4706
2486	2486	4721
2487	2487	4709
2488	2488	4664
2489	2489	4662
2490	2490	4715
2491	2491	4711
2492	2492	4707
2493	2493	4720
2494	2494	4659
2495	2495	4663
2496	2496	4662
2497	2497	4714
2498	2498	4710
2499	2499	4714
2500	2500	4663
2501	2501	4665
2502	2502	4662
2503	2503	4654
2504	2504	4703
2505	2505	4708
2506	2506	4657
2507	2507	4661
2508	2508	4708
2509	2509	4704
2510	2510	4703
2511	2511	4656
2512	2512	4666
2513	2513	4716
2514	2514	4705
2515	2515	4702
2516	2516	4705
2517	2517	4664
2518	2518	4712
2519	2519	4704
2520	2520	4702
2521	2521	4702
2522	2522	4695
2523	2523	4707
2524	2524	4694
2525	2525	4704
2526	2526	4653
2527	2527	4708
2528	2528	4693
2529	2529	4702
2530	2530	4700
2531	2531	4694
2532	2532	4697
2533	2533	4705
2534	2534	4697
2535	2535	4702
2536	2536	4694
2537	2537	4693
2538	2538	4700
2539	2539	4700
2540	2540	4693
2541	2541	4696
2542	2542	4693
2543	2543	4690
2544	2544	4701
2545	2545	4654
2546	2546	4654
2547	2547	4651
2548	2548	4652
2549	2549	4704
2550	2550	4695
2551	2551	4650
2552	2552	4703
2553	2553	4699
2554	2554	4659
2555	2555	4653
2556	2556	4699
2557	2557	4695
2558	2558	4697
2559	2559	4652
2560	2560	4651
2561	2561	4689
2562	2562	4689
2563	2563	4695
2564	2564	4696
2565	2565	4653
2566	2566	4688
2567	2567	4692
2568	2568	4700
2569	2569	4695
2570	2570	4694
2571	2571	4693
2572	2572	4692
2573	2573	4695
2574	2574	4651
2575	2575	4693
2576	2576	4686
2577	2577	4698
2578	2578	4698
2579	2579	4652
2580	2580	4653
2581	2581	4648
2582	2582	4697
2583	2583	4698
2584	2584	4694
2585	2585	4646
2586	2586	4649
2587	2587	4647
2588	2588	4645
2589	2589	4690
2590	2590	4693
2591	2591	4688
2592	2592	4688
2593	2593	4687
2594	2594	4650
2595	2595	4693
2596	2596	4686
2597	2597	4695
2598	2598	4642
2599	2599	4690
2600	2600	4685
2601	2601	4697
2602	2602	4687
2603	2603	4688
2604	2604	4694
2605	2605	4693
2606	2606	4689
2607	2607	4680
2608	2608	4686
2609	2609	4681
2610	2610	4684
2611	2611	4688
2612	2612	4685
2613	2613	4695
2614	2614	4685
2615	2615	4673
2616	2616	4678
2617	2617	4688
2618	2618	4646
2619	2619	4687
2620	2620	4681
2621	2621	4688
2622	2622	4693
2623	2623	4682
2624	2624	4687
2625	2625	4682
2626	2626	4686
2627	2627	4698
2628	2628	4684
2629	2629	4682
2630	2630	4690
2631	2631	4687
2632	2632	4644
2633	2633	4641
2634	2634	4695
2635	2635	4689
2636	2636	4637
2637	2637	4640
2638	2638	4637
2639	2639	4640
2640	2640	4691
2641	2641	4681
2642	2642	4684
2643	2643	4688
2644	2644	4680
2645	2645	4686
2646	2646	4679
2647	2647	4685
2648	2648	4684
2649	2649	4686
2650	2650	4684
2651	2651	4680
2652	2652	4693
2653	2653	4687
2654	2654	4639
2655	2655	4634
2656	2656	4632
2657	2657	4629
2658	2658	4680
2659	2659	4681
2660	2660	4683
2661	2661	4687
2662	2662	4680
2663	2663	4689
2664	2664	4680
2665	2665	4675
2666	2666	4688
2667	2667	4695
2668	2668	4641
2669	2669	4680
2670	2670	4683
2671	2671	4682
2672	2672	4685
2673	2673	4680
2674	2674	4670
2675	2675	4684
2676	2676	4693
2677	2677	4635
2678	2678	4680
2679	2679	4677
2680	2680	4681
2681	2681	4676
2682	2682	4635
2683	2683	4682
2684	2684	4681
2685	2685	4678
2686	2686	4637
2687	2687	4686
2688	2688	4636
2689	2689	4638
2690	2690	4637
2691	2691	4635
2692	2692	4637
2693	2693	4687
2694	2694	4682
2695	2695	4682
2696	2696	4639
2697	2697	4639
2698	2698	4627
2699	2699	4634
2700	2700	4680
