 	slice	peaks
1	1	9881
2	2	9874
3	3	9871
4	4	9872
5	5	9874
6	6	9871
7	7	9873
8	8	9865
9	9	9863
10	10	9869
11	11	9864
12	12	9855
13	13	9859
14	14	9862
15	15	9850
16	16	9859
17	17	9844
18	18	9835
19	19	9837
20	20	9840
21	21	9841
22	22	9838
23	23	9837
24	24	9840
25	25	9834
26	26	9832
27	27	9826
28	28	9815
29	29	9822
30	30	9822
31	31	9817
32	32	9815
33	33	9810
34	34	9814
35	35	9819
36	36	9816
37	37	9815
38	38	9799
39	39	9808
40	40	9811
41	41	9811
42	42	9809
43	43	9804
44	44	9795
45	45	9793
46	46	9795
47	47	9799
48	48	9794
49	49	9789
50	50	9782
51	51	9786
52	52	9787
53	53	9785
54	54	9782
55	55	9775
56	56	9786
57	57	9780
58	58	9781
59	59	9779
60	60	9781
61	61	9782
62	62	9777
63	63	9772
64	64	9771
65	65	9773
66	66	9774
67	67	9759
68	68	9752
69	69	9753
70	70	9761
71	71	9766
72	72	9753
73	73	9755
74	74	9758
75	75	9761
76	76	9749
77	77	9744
78	78	9745
79	79	9755
80	80	9746
81	81	9745
82	82	9743
83	83	9740
84	84	9740
85	85	9743
86	86	9749
87	87	9742
88	88	9743
89	89	9746
90	90	9749
91	91	9745
92	92	9739
93	93	9736
94	94	9733
95	95	9734
96	96	9732
97	97	9727
98	98	9726
99	99	9731
100	100	9712
101	101	9717
102	102	9716
103	103	9715
104	104	9714
105	105	9713
106	106	9701
107	107	9702
108	108	9716
109	109	9714
110	110	9714
111	111	9705
112	112	9696
113	113	9703
114	114	9693
115	115	9695
116	116	9697
117	117	9692
118	118	9692
119	119	9689
120	120	9692
121	121	9685
122	122	9679
123	123	9693
124	124	9694
125	125	9687
126	126	9680
127	127	9683
128	128	9683
129	129	9682
130	130	9677
131	131	9676
132	132	9682
133	133	9674
134	134	9677
135	135	9677
136	136	9672
137	137	9675
138	138	9666
139	139	9665
140	140	9677
141	141	9670
142	142	9669
143	143	9668
144	144	9674
145	145	9660
146	146	9661
147	147	9666
148	148	9659
149	149	9659
150	150	9660
151	151	9651
152	152	9662
153	153	9659
154	154	9658
155	155	9660
156	156	9647
157	157	9649
158	158	9652
159	159	9653
160	160	9644
161	161	9642
162	162	9646
163	163	9651
164	164	9646
165	165	9634
166	166	9633
167	167	9639
168	168	9637
169	169	9634
170	170	9629
171	171	9632
172	172	9639
173	173	9631
174	174	9634
175	175	9631
176	176	9636
177	177	9626
178	178	9630
179	179	9632
180	180	9629
181	181	9623
182	182	9624
183	183	9619
184	184	9615
185	185	9621
186	186	9615
187	187	9619
188	188	9612
189	189	9612
190	190	9623
191	191	9615
192	192	9605
193	193	9606
194	194	9597
195	195	9600
196	196	9596
197	197	9602
198	198	9595
199	199	9593
200	200	9597
201	201	9590
202	202	9596
203	203	9592
204	204	9588
205	205	9583
206	206	9589
207	207	9582
208	208	9587
209	209	9584
210	210	9576
211	211	9589
212	212	9580
213	213	9577
214	214	9572
215	215	9568
216	216	9571
217	217	9570
218	218	9571
219	219	9564
220	220	9566
221	221	9573
222	222	9566
223	223	9566
224	224	9553
225	225	9556
226	226	9557
227	227	9561
228	228	9557
229	229	9560
230	230	9562
231	231	9554
232	232	9550
233	233	9546
234	234	9553
235	235	9542
236	236	9553
237	237	9557
238	238	9549
239	239	9547
240	240	9544
241	241	9552
242	242	9549
243	243	9542
244	244	9537
245	245	9527
246	246	9546
247	247	9540
248	248	9540
249	249	9530
250	250	9536
251	251	9532
252	252	9536
253	253	9532
254	254	9528
255	255	9528
256	256	9528
257	257	9526
258	258	9529
259	259	9525
260	260	9527
261	261	9525
262	262	9524
263	263	9519
264	264	9556
265	265	9513
266	266	9522
267	267	9515
268	268	9520
269	269	9518
270	270	9520
271	271	9518
272	272	9521
273	273	9516
274	274	9520
275	275	9514
276	276	9523
277	277	9512
278	278	9515
279	279	9512
280	280	9520
281	281	9511
282	282	9513
283	283	9509
284	284	9504
285	285	9504
286	286	9508
287	287	9503
288	288	9501
289	289	9493
290	290	9497
291	291	9507
292	292	9497
293	293	9498
294	294	9527
295	295	9493
296	296	9496
297	297	9489
298	298	9483
299	299	9527
300	300	9524
301	301	9489
302	302	9488
303	303	9483
304	304	9529
305	305	9482
306	306	9477
307	307	9481
308	308	9472
309	309	9523
310	310	9476
311	311	9486
312	312	9482
313	313	9483
314	314	9486
315	315	9480
316	316	9475
317	317	9478
318	318	9473
319	319	9466
320	320	9467
321	321	9473
322	322	9467
323	323	9451
324	324	9458
325	325	9463
326	326	9461
327	327	9455
328	328	9453
329	329	9452
330	330	9448
331	331	9442
332	332	9455
333	333	9488
334	334	9478
335	335	9484
336	336	9441
337	337	9438
338	338	9481
339	339	9476
340	340	9439
341	341	9437
342	342	9427
343	343	9423
344	344	9467
345	345	9473
346	346	9426
347	347	9425
348	348	9463
349	349	9466
350	350	9466
351	351	9426
352	352	9456
353	353	9459
354	354	9456
355	355	9426
356	356	9420
357	357	9418
358	358	9410
359	359	9418
360	360	9416
361	361	9421
362	362	9413
363	363	9414
364	364	9416
365	365	9417
366	366	9410
367	367	9415
368	368	9419
369	369	9407
370	370	9417
371	371	9398
372	372	9401
373	373	9399
374	374	9401
375	375	9410
376	376	9412
377	377	9403
378	378	9450
379	379	9448
380	380	9400
381	381	9394
382	382	9439
383	383	9441
384	384	9441
385	385	9390
386	386	9395
387	387	9429
388	388	9431
389	389	9435
390	390	9398
391	391	9394
392	392	9424
393	393	9426
394	394	9426
395	395	9426
396	396	9418
397	397	9416
398	398	9421
399	399	9418
400	400	9420
401	401	9418
402	402	9422
403	403	9412
404	404	9408
405	405	9418
406	406	9411
407	407	9413
408	408	9405
409	409	9418
410	410	9365
411	411	9365
412	412	9416
413	413	9409
414	414	9402
415	415	9407
416	416	9409
417	417	9411
418	418	9410
419	419	9400
420	420	9395
421	421	9384
422	422	9395
423	423	9395
424	424	9390
425	425	9385
426	426	9381
427	427	9382
428	428	9387
429	429	9386
430	430	9380
431	431	9378
432	432	9377
433	433	9391
434	434	9386
435	435	9375
436	436	9373
437	437	9381
438	438	9380
439	439	9379
440	440	9375
441	441	9374
442	442	9388
443	443	9374
444	444	9378
445	445	9376
446	446	9378
447	447	9380
448	448	9376
449	449	9371
450	450	9367
451	451	9371
452	452	9366
453	453	9362
454	454	9365
455	455	9367
456	456	9363
457	457	9353
458	458	9364
459	459	9363
460	460	9367
461	461	9365
462	462	9362
463	463	9353
464	464	9358
465	465	9349
466	466	9352
467	467	9350
468	468	9360
469	469	9356
470	470	9346
471	471	9347
472	472	9354
473	473	9347
474	474	9346
475	475	9345
476	476	9336
477	477	9343
478	478	9343
479	479	9336
480	480	9337
481	481	9335
482	482	9336
483	483	9333
484	484	9344
485	485	9334
486	486	9331
487	487	9330
488	488	9330
489	489	9333
490	490	9337
491	491	9325
492	492	9331
493	493	9326
494	494	9327
495	495	9329
496	496	9330
497	497	9329
498	498	9321
499	499	9325
500	500	9324
501	501	9326
502	502	9321
503	503	9319
504	504	9312
505	505	9313
506	506	9316
507	507	9315
508	508	9313
509	509	9314
510	510	9314
511	511	9312
512	512	9309
513	513	9309
514	514	9309
515	515	9305
516	516	9299
517	517	9302
518	518	9303
519	519	9300
520	520	9298
521	521	9290
522	522	9289
523	523	9283
524	524	9289
525	525	9287
526	526	9282
527	527	9276
528	528	9283
529	529	9278
530	530	9281
531	531	9276
532	532	9268
533	533	9269
534	534	9267
535	535	9269
536	536	9264
537	537	9253
538	538	9264
539	539	9265
540	540	9260
541	541	9263
542	542	9255
543	543	9253
544	544	9258
545	545	9248
546	546	9246
547	547	9246
548	548	9252
549	549	9241
550	550	9243
551	551	9240
552	552	9236
553	553	9233
554	554	9239
555	555	9235
556	556	9226
557	557	9219
558	558	9219
559	559	9205
560	560	9212
561	561	9208
562	562	9192
563	563	9195
564	564	9196
565	565	9184
566	566	9183
567	567	9186
568	568	9174
569	569	9173
570	570	9174
571	571	9166
572	572	9156
573	573	9141
574	574	9140
575	575	9148
576	576	9138
577	577	9129
578	578	9122
579	579	9119
580	580	9118
581	581	9120
582	582	9101
583	583	9091
584	584	9090
585	585	9088
586	586	9083
587	587	9087
588	588	9074
589	589	9072
590	590	9064
591	591	9061
592	592	9045
593	593	9042
594	594	9029
595	595	9014
596	596	9018
597	597	9004
598	598	8994
599	599	8985
600	600	8966
601	601	8962
602	602	8966
603	603	8953
604	604	8951
605	605	8935
606	606	8923
607	607	8912
608	608	8908
609	609	8896
610	610	8891
611	611	8869
612	612	8857
613	613	8849
614	614	8831
615	615	8837
616	616	8820
617	617	8805
618	618	8800
619	619	8790
620	620	8785
621	621	8777
622	622	8766
623	623	8760
624	624	8747
625	625	8731
626	626	8714
627	627	8708
628	628	8701
629	629	8684
630	630	8676
631	631	8653
632	632	8654
633	633	8635
634	634	8626
635	635	8607
636	636	8597
637	637	8585
638	638	8574
639	639	8562
640	640	8549
641	641	8530
642	642	8522
643	643	8505
644	644	8498
645	645	8496
646	646	8472
647	647	8460
648	648	8442
649	649	8419
650	650	8412
651	651	8405
652	652	8401
653	653	8387
654	654	8398
655	655	8392
656	656	8347
657	657	8335
658	658	8341
659	659	8332
660	660	8325
661	661	8276
662	662	8267
663	663	8276
664	664	8262
665	665	8254
666	666	8236
667	667	8212
668	668	8196
669	669	8180
670	670	8159
671	671	8153
672	672	8138
673	673	8126
674	674	8115
675	675	8094
676	676	8083
677	677	8064
678	678	8060
679	679	8033
680	680	8028
681	681	8012
682	682	7989
683	683	7971
684	684	7946
685	685	7935
686	686	7922
687	687	7912
688	688	7900
689	689	7877
690	690	7864
691	691	7846
692	692	7838
693	693	7817
694	694	7799
695	695	7785
696	696	7768
697	697	7753
698	698	7739
699	699	7728
700	700	7718
701	701	7706
702	702	7690
703	703	7679
704	704	7669
705	705	7648
706	706	7631
707	707	7619
708	708	7598
709	709	7582
710	710	7569
711	711	7552
712	712	7534
713	713	7519
714	714	7497
715	715	7486
716	716	7468
717	717	7455
718	718	7437
719	719	7417
720	720	7409
721	721	7390
722	722	7372
723	723	7359
724	724	7342
725	725	7334
726	726	7310
727	727	7288
728	728	7271
729	729	7252
730	730	7234
731	731	7224
732	732	7206
733	733	7189
734	734	7175
735	735	7177
736	736	7152
737	737	7143
738	738	7125
739	739	7120
740	740	7091
741	741	7072
742	742	7059
743	743	7047
744	744	7036
745	745	7016
746	746	7010
747	747	6993
748	748	6981
749	749	6965
750	750	6953
751	751	6927
752	752	6910
753	753	6884
754	754	6872
755	755	6860
756	756	6836
757	757	6829
758	758	6813
759	759	6799
760	760	6769
761	761	6752
762	762	6728
763	763	6710
764	764	6698
765	765	6687
766	766	6673
767	767	6663
768	768	6649
769	769	6645
770	770	6629
771	771	6611
772	772	6597
773	773	6583
774	774	6572
775	775	6552
776	776	6538
777	777	6511
778	778	6497
779	779	6480
780	780	6458
781	781	6451
782	782	6430
783	783	6412
784	784	6399
785	785	6381
786	786	6365
787	787	6348
788	788	6340
789	789	6330
790	790	6319
791	791	6305
792	792	6286
793	793	6269
794	794	6266
795	795	6248
796	796	6218
797	797	6203
798	798	6178
799	799	6174
800	800	6163
801	801	6143
802	802	6124
803	803	6101
804	804	6086
805	805	6057
806	806	6056
807	807	6037
808	808	6021
809	809	6013
810	810	5991
811	811	5981
812	812	5963
813	813	5949
814	814	5927
815	815	5918
816	816	5908
817	817	5895
818	818	5887
819	819	5869
820	820	5855
821	821	5836
822	822	5833
823	823	5817
824	824	5814
825	825	5799
826	826	5784
827	827	5766
828	828	5745
829	829	5729
830	830	5715
831	831	5711
832	832	5690
833	833	5676
834	834	5658
835	835	5645
836	836	5630
837	837	5620
838	838	5610
839	839	5587
840	840	5574
841	841	5559
842	842	5544
843	843	5531
844	844	5518
845	845	5504
846	846	5485
847	847	5472
848	848	5454
849	849	5439
850	850	5426
851	851	5418
852	852	5400
853	853	5393
854	854	5375
855	855	5362
856	856	5353
857	857	5348
858	858	5329
859	859	5319
860	860	5314
861	861	5293
862	862	5273
863	863	5266
864	864	5263
865	865	5248
866	866	5237
867	867	5214
868	868	5212
869	869	5194
870	870	5178
871	871	5162
872	872	5146
873	873	5136
874	874	5119
875	875	5108
876	876	5095
877	877	5089
878	878	5077
879	879	5052
880	880	5036
881	881	5034
882	882	5012
883	883	4997
884	884	4982
885	885	4973
886	886	4961
887	887	4948
888	888	4939
889	889	4916
890	890	4907
891	891	4895
892	892	4884
893	893	4875
894	894	4869
895	895	4862
896	896	4836
897	897	4828
898	898	4813
899	899	4798
900	900	4790
901	901	4781
902	902	4770
903	903	4751
904	904	4745
905	905	4737
906	906	4722
907	907	4719
908	908	4708
909	909	4696
910	910	4691
911	911	4684
912	912	4671
913	913	4664
914	914	4654
915	915	4643
916	916	4640
917	917	4632
918	918	4621
919	919	4616
920	920	4603
921	921	4583
922	922	4569
923	923	4562
924	924	4547
925	925	4534
926	926	4529
927	927	4516
928	928	4501
929	929	4496
930	930	4490
931	931	4475
932	932	4454
933	933	4447
934	934	4438
935	935	4425
936	936	4426
937	937	4418
938	938	4408
939	939	4401
940	940	4388
941	941	4377
942	942	4366
943	943	4346
944	944	4347
945	945	4332
946	946	4324
947	947	4325
948	948	4312
949	949	4307
950	950	4296
951	951	4287
952	952	4279
953	953	4266
954	954	4259
955	955	4251
956	956	4247
957	957	4243
958	958	4237
959	959	4226
960	960	4223
961	961	4214
962	962	4211
963	963	4206
964	964	4195
965	965	4193
966	966	4183
967	967	4178
968	968	4165
969	969	4161
970	970	4149
971	971	4144
972	972	4141
973	973	4132
974	974	4127
975	975	4121
976	976	4115
977	977	4105
978	978	4102
979	979	4099
980	980	4081
981	981	4068
982	982	4063
983	983	4057
984	984	4047
985	985	4051
986	986	4035
987	987	4025
988	988	4017
989	989	4010
990	990	4004
991	991	3992
992	992	3993
993	993	3980
994	994	3973
995	995	3957
996	996	3950
997	997	3948
998	998	3940
999	999	3931
1000	1000	3921
1001	1001	3907
1002	1002	3904
1003	1003	3894
1004	1004	3891
1005	1005	3890
1006	1006	3880
1007	1007	3872
1008	1008	3864
1009	1009	3858
1010	1010	3850
1011	1011	3836
1012	1012	3827
1013	1013	3826
1014	1014	3813
1015	1015	3811
1016	1016	3811
1017	1017	3793
1018	1018	3787
1019	1019	3777
1020	1020	3768
1021	1021	3759
1022	1022	3756
1023	1023	3754
1024	1024	3749
1025	1025	3734
1026	1026	3723
1027	1027	3713
1028	1028	3703
1029	1029	3700
1030	1030	3695
1031	1031	3683
1032	1032	3686
1033	1033	3672
1034	1034	3668
1035	1035	3659
1036	1036	3660
1037	1037	3645
1038	1038	3641
1039	1039	3631
1040	1040	3625
1041	1041	3618
1042	1042	3616
1043	1043	3609
1044	1044	3623
1045	1045	3613
1046	1046	3587
1047	1047	3579
1048	1048	3593
1049	1049	3586
1050	1050	3582
1051	1051	3563
1052	1052	3557
1053	1053	3560
1054	1054	3552
1055	1055	3553
1056	1056	3543
1057	1057	3544
1058	1058	3538
1059	1059	3525
1060	1060	3519
1061	1061	3518
1062	1062	3514
1063	1063	3505
1064	1064	3504
1065	1065	3495
1066	1066	3487
1067	1067	3479
1068	1068	3482
1069	1069	3472
1070	1070	3460
1071	1071	3455
1072	1072	3448
1073	1073	3445
1074	1074	3438
1075	1075	3431
1076	1076	3431
1077	1077	3426
1078	1078	3420
1079	1079	3417
1080	1080	3412
1081	1081	3399
1082	1082	3387
1083	1083	3376
1084	1084	3377
1085	1085	3371
1086	1086	3360
1087	1087	3357
1088	1088	3355
1089	1089	3349
1090	1090	3342
1091	1091	3337
1092	1092	3328
1093	1093	3321
1094	1094	3320
1095	1095	3316
1096	1096	3306
1097	1097	3308
1098	1098	3300
1099	1099	3293
1100	1100	3289
1101	1101	3285
1102	1102	3280
1103	1103	3270
1104	1104	3267
1105	1105	3262
1106	1106	3256
1107	1107	3255
1108	1108	3256
1109	1109	3241
1110	1110	3239
1111	1111	3236
1112	1112	3226
1113	1113	3226
1114	1114	3219
1115	1115	3211
1116	1116	3205
1117	1117	3197
1118	1118	3197
1119	1119	3198
1120	1120	3189
1121	1121	3183
1122	1122	3179
1123	1123	3171
1124	1124	3167
1125	1125	3155
1126	1126	3152
1127	1127	3143
1128	1128	3139
1129	1129	3130
1130	1130	3126
1131	1131	3126
1132	1132	3125
1133	1133	3126
1134	1134	3111
1135	1135	3104
1136	1136	3102
1137	1137	3100
1138	1138	3089
1139	1139	3084
1140	1140	3073
1141	1141	3069
1142	1142	3066
1143	1143	3068
1144	1144	3069
1145	1145	3059
1146	1146	3051
1147	1147	3049
1148	1148	3044
1149	1149	3043
1150	1150	3041
1151	1151	3041
1152	1152	3041
1153	1153	3030
1154	1154	3021
1155	1155	3006
1156	1156	3000
1157	1157	3000
1158	1158	2997
1159	1159	2994
1160	1160	2988
1161	1161	2980
1162	1162	2976
1163	1163	2970
1164	1164	2967
1165	1165	2964
1166	1166	2954
1167	1167	2956
1168	1168	2948
1169	1169	2944
1170	1170	2936
1171	1171	2928
1172	1172	2927
1173	1173	2930
1174	1174	2925
1175	1175	2921
1176	1176	2911
1177	1177	2913
1178	1178	2908
1179	1179	2917
1180	1180	2905
1181	1181	2902
1182	1182	2896
1183	1183	2897
1184	1184	2905
1185	1185	2887
1186	1186	2894
1187	1187	2883
1188	1188	2890
1189	1189	2889
1190	1190	2887
1191	1191	2867
1192	1192	2878
1193	1193	2872
1194	1194	2865
1195	1195	2859
1196	1196	2850
1197	1197	2841
1198	1198	2853
1199	1199	2847
1200	1200	2850
1201	1201	2847
1202	1202	2843
1203	1203	2836
1204	1204	2834
1205	1205	2825
1206	1206	2818
1207	1207	2818
1208	1208	2811
1209	1209	2808
1210	1210	2803
1211	1211	2808
1212	1212	2802
1213	1213	2792
1214	1214	2793
1215	1215	2788
1216	1216	2784
1217	1217	2779
1218	1218	2773
1219	1219	2766
1220	1220	2764
1221	1221	2761
1222	1222	2759
1223	1223	2750
1224	1224	2753
1225	1225	2742
1226	1226	2747
1227	1227	2738
1228	1228	2732
1229	1229	2730
1230	1230	2720
1231	1231	2721
1232	1232	2720
1233	1233	2718
1234	1234	2722
1235	1235	2722
1236	1236	2716
1237	1237	2710
1238	1238	2715
1239	1239	2708
1240	1240	2700
1241	1241	2706
1242	1242	2704
1243	1243	2691
1244	1244	2687
1245	1245	2684
1246	1246	2687
1247	1247	2683
1248	1248	2682
1249	1249	2673
1250	1250	2678
1251	1251	2671
1252	1252	2666
1253	1253	2659
1254	1254	2654
1255	1255	2656
1256	1256	2651
1257	1257	2647
1258	1258	2652
1259	1259	2651
1260	1260	2644
1261	1261	2638
1262	1262	2630
1263	1263	2640
1264	1264	2625
1265	1265	2630
1266	1266	2620
1267	1267	2623
1268	1268	2615
1269	1269	2620
1270	1270	2612
1271	1271	2607
1272	1272	2600
1273	1273	2597
1274	1274	2591
1275	1275	2590
1276	1276	2582
1277	1277	2575
1278	1278	2579
1279	1279	2577
1280	1280	2577
1281	1281	2575
1282	1282	2580
1283	1283	2575
1284	1284	2575
1285	1285	2569
1286	1286	2565
1287	1287	2563
1288	1288	2559
1289	1289	2561
1290	1290	2554
1291	1291	2550
1292	1292	2547
1293	1293	2545
1294	1294	2545
1295	1295	2538
1296	1296	2534
1297	1297	2531
1298	1298	2533
1299	1299	2527
1300	1300	2528
1301	1301	2530
1302	1302	2523
1303	1303	2523
1304	1304	2518
1305	1305	2513
1306	1306	2517
1307	1307	2510
1308	1308	2507
1309	1309	2506
1310	1310	2501
1311	1311	2503
1312	1312	2495
1313	1313	2490
1314	1314	2482
1315	1315	2483
1316	1316	2486
1317	1317	2479
1318	1318	2474
1319	1319	2472
1320	1320	2466
1321	1321	2468
1322	1322	2462
1323	1323	2464
1324	1324	2460
1325	1325	2463
1326	1326	2467
1327	1327	2461
1328	1328	2457
1329	1329	2446
1330	1330	2445
1331	1331	2444
1332	1332	2439
1333	1333	2437
1334	1334	2429
1335	1335	2427
1336	1336	2424
1337	1337	2427
1338	1338	2420
1339	1339	2415
1340	1340	2413
1341	1341	2409
1342	1342	2399
1343	1343	2402
1344	1344	2400
1345	1345	2402
1346	1346	2401
1347	1347	2399
1348	1348	2395
1349	1349	2394
1350	1350	2399
1351	1351	2391
1352	1352	2386
1353	1353	2385
1354	1354	2381
1355	1355	2375
1356	1356	2376
1357	1357	2375
1358	1358	2370
1359	1359	2373
1360	1360	2370
1361	1361	2365
1362	1362	2366
1363	1363	2368
1364	1364	2361
1365	1365	2359
1366	1366	2357
1367	1367	2355
1368	1368	2349
1369	1369	2342
1370	1370	2338
1371	1371	2339
1372	1372	2334
1373	1373	2336
1374	1374	2332
1375	1375	2333
1376	1376	2325
1377	1377	2316
1378	1378	2318
1379	1379	2311
1380	1380	2313
1381	1381	2311
1382	1382	2308
1383	1383	2308
1384	1384	2306
1385	1385	2302
1386	1386	2298
1387	1387	2296
1388	1388	2287
1389	1389	2292
1390	1390	2292
1391	1391	2293
1392	1392	2283
1393	1393	2273
1394	1394	2276
1395	1395	2278
1396	1396	2272
1397	1397	2274
1398	1398	2268
1399	1399	2266
1400	1400	2264
1401	1401	2262
1402	1402	2259
1403	1403	2254
1404	1404	2255
1405	1405	2253
1406	1406	2247
1407	1407	2255
1408	1408	2247
1409	1409	2249
1410	1410	2239
1411	1411	2240
1412	1412	2240
1413	1413	2235
1414	1414	2231
1415	1415	2253
1416	1416	2251
1417	1417	2228
1418	1418	2224
1419	1419	2224
1420	1420	2248
1421	1421	2223
1422	1422	2214
1423	1423	2212
1424	1424	2212
1425	1425	2209
1426	1426	2207
1427	1427	2209
1428	1428	2197
1429	1429	2195
1430	1430	2192
1431	1431	2194
1432	1432	2187
1433	1433	2193
1434	1434	2183
1435	1435	2212
1436	1436	2210
1437	1437	2208
1438	1438	2215
1439	1439	2210
1440	1440	2208
1441	1441	2204
1442	1442	2205
1443	1443	2193
1444	1444	2191
1445	1445	2186
1446	1446	2185
1447	1447	2184
1448	1448	2171
1449	1449	2180
1450	1450	2174
1451	1451	2185
1452	1452	2178
1453	1453	2169
1454	1454	2169
1455	1455	2167
1456	1456	2167
1457	1457	2172
1458	1458	2167
1459	1459	2164
1460	1460	2161
1461	1461	2154
1462	1462	2146
1463	1463	2149
1464	1464	2149
1465	1465	2154
1466	1466	2144
1467	1467	2144
1468	1468	2150
1469	1469	2143
1470	1470	2142
1471	1471	2145
1472	1472	2143
1473	1473	2136
1474	1474	2140
1475	1475	2133
1476	1476	2130
1477	1477	2127
1478	1478	2128
1479	1479	2125
1480	1480	2122
1481	1481	2123
1482	1482	2117
1483	1483	2131
1484	1484	2123
1485	1485	2115
1486	1486	2110
1487	1487	2108
1488	1488	2106
1489	1489	2104
1490	1490	2101
1491	1491	2102
1492	1492	2093
1493	1493	2092
1494	1494	2096
1495	1495	2094
1496	1496	2087
1497	1497	2087
1498	1498	2089
1499	1499	2089
1500	1500	2087
1501	1501	2083
1502	1502	2080
1503	1503	2078
1504	1504	2084
1505	1505	2077
1506	1506	2082
1507	1507	2086
1508	1508	2075
1509	1509	2077
1510	1510	2073
1511	1511	2077
1512	1512	2065
1513	1513	2064
1514	1514	2068
1515	1515	2066
1516	1516	2060
1517	1517	2056
1518	1518	2060
1519	1519	2053
1520	1520	2057
1521	1521	2055
1522	1522	2053
1523	1523	2048
1524	1524	2045
1525	1525	2053
1526	1526	2041
1527	1527	2041
1528	1528	2042
1529	1529	2038
1530	1530	2040
1531	1531	2038
1532	1532	2036
1533	1533	2037
1534	1534	2025
1535	1535	2028
1536	1536	2027
1537	1537	2030
1538	1538	2025
1539	1539	2038
1540	1540	2029
1541	1541	2033
1542	1542	2023
1543	1543	2028
1544	1544	2012
1545	1545	2023
1546	1546	2016
1547	1547	2013
1548	1548	2009
1549	1549	2007
1550	1550	2001
1551	1551	2001
1552	1552	1999
1553	1553	1999
1554	1554	1998
1555	1555	1988
1556	1556	1992
1557	1557	1985
1558	1558	1978
1559	1559	1978
1560	1560	1972
1561	1561	1968
1562	1562	1970
1563	1563	1970
1564	1564	1959
1565	1565	1954
1566	1566	1955
1567	1567	1962
1568	1568	1958
1569	1569	1959
1570	1570	1956
1571	1571	1961
1572	1572	1953
1573	1573	1946
1574	1574	1949
1575	1575	1944
1576	1576	1946
1577	1577	1941
1578	1578	1938
1579	1579	1931
1580	1580	1938
1581	1581	1935
1582	1582	1936
1583	1583	1938
1584	1584	1934
1585	1585	1931
1586	1586	1926
1587	1587	1928
1588	1588	1924
1589	1589	1913
1590	1590	1926
1591	1591	1918
1592	1592	1915
1593	1593	1918
1594	1594	1908
1595	1595	1916
1596	1596	1917
1597	1597	1912
1598	1598	1915
1599	1599	1908
1600	1600	1907
1601	1601	1913
1602	1602	1918
1603	1603	1902
1604	1604	1899
1605	1605	1906
1606	1606	1892
1607	1607	1892
1608	1608	1900
1609	1609	1897
1610	1610	1891
1611	1611	1886
1612	1612	1887
1613	1613	1883
1614	1614	1882
1615	1615	1879
1616	1616	1878
1617	1617	1886
1618	1618	1883
1619	1619	1888
1620	1620	1883
1621	1621	1897
1622	1622	1877
1623	1623	1887
1624	1624	1882
1625	1625	1876
1626	1626	1877
1627	1627	1883
1628	1628	1876
1629	1629	1865
1630	1630	1864
1631	1631	1869
1632	1632	1868
1633	1633	1863
1634	1634	1868
1635	1635	1861
1636	1636	1854
1637	1637	1844
1638	1638	1845
1639	1639	1835
1640	1640	1846
1641	1641	1844
1642	1642	1834
1643	1643	1839
1644	1644	1831
1645	1645	1833
1646	1646	1832
1647	1647	1842
1648	1648	1845
1649	1649	1845
1650	1650	1836
1651	1651	1834
1652	1652	1835
1653	1653	1838
1654	1654	1842
1655	1655	1832
1656	1656	1836
1657	1657	1832
1658	1658	1827
1659	1659	1823
1660	1660	1824
1661	1661	1824
1662	1662	1830
1663	1663	1813
1664	1664	1809
1665	1665	1808
1666	1666	1830
1667	1667	1828
1668	1668	1806
1669	1669	1802
1670	1670	1809
1671	1671	1809
1672	1672	1811
1673	1673	1809
1674	1674	1805
1675	1675	1794
1676	1676	1801
1677	1677	1796
1678	1678	1792
1679	1679	1789
1680	1680	1785
1681	1681	1788
1682	1682	1786
1683	1683	1778
1684	1684	1782
1685	1685	1785
1686	1686	1790
1687	1687	1784
1688	1688	1781
1689	1689	1791
1690	1690	1785
1691	1691	1789
1692	1692	1793
1693	1693	1790
1694	1694	1784
1695	1695	1783
1696	1696	1781
1697	1697	1776
1698	1698	1781
1699	1699	1779
1700	1700	1779
1701	1701	1780
1702	1702	1781
1703	1703	1783
1704	1704	1778
1705	1705	1782
1706	1706	1772
1707	1707	1774
1708	1708	1769
1709	1709	1765
1710	1710	1770
1711	1711	1768
1712	1712	1766
1713	1713	1768
1714	1714	1762
1715	1715	1762
1716	1716	1757
1717	1717	1756
1718	1718	1756
1719	1719	1753
1720	1720	1750
1721	1721	1754
1722	1722	1758
1723	1723	1751
1724	1724	1748
1725	1725	1751
1726	1726	1738
1727	1727	1746
1728	1728	1752
1729	1729	1755
1730	1730	1753
1731	1731	1742
1732	1732	1738
1733	1733	1743
1734	1734	1746
1735	1735	1741
1736	1736	1735
1737	1737	1742
1738	1738	1740
1739	1739	1738
1740	1740	1737
1741	1741	1723
1742	1742	1725
1743	1743	1727
1744	1744	1731
1745	1745	1723
1746	1746	1718
1747	1747	1718
1748	1748	1719
1749	1749	1727
1750	1750	1714
1751	1751	1711
1752	1752	1711
1753	1753	1718
1754	1754	1716
1755	1755	1708
1756	1756	1705
1757	1757	1699
1758	1758	1700
1759	1759	1695
1760	1760	1702
1761	1761	1693
1762	1762	1703
1763	1763	1701
1764	1764	1694
1765	1765	1694
1766	1766	1696
1767	1767	1690
1768	1768	1684
1769	1769	1691
1770	1770	1689
1771	1771	1688
1772	1772	1685
1773	1773	1685
1774	1774	1686
1775	1775	1686
1776	1776	1691
1777	1777	1684
1778	1778	1683
1779	1779	1682
1780	1780	1687
1781	1781	1684
1782	1782	1672
1783	1783	1685
1784	1784	1681
1785	1785	1685
1786	1786	1683
1787	1787	1676
1788	1788	1670
1789	1789	1671
1790	1790	1676
1791	1791	1669
1792	1792	1670
1793	1793	1665
1794	1794	1666
1795	1795	1663
1796	1796	1657
1797	1797	1663
1798	1798	1656
1799	1799	1659
1800	1800	1660
1801	1801	1654
1802	1802	1653
1803	1803	1695
1804	1804	1705
1805	1805	1693
1806	1806	1644
1807	1807	1647
1808	1808	1684
1809	1809	1685
1810	1810	1685
1811	1811	1687
1812	1812	1686
1813	1813	1693
1814	1814	1687
1815	1815	1683
1816	1816	1687
1817	1817	1674
1818	1818	1683
1819	1819	1668
1820	1820	1673
1821	1821	1676
1822	1822	1672
1823	1823	1672
1824	1824	1669
1825	1825	1675
1826	1826	1661
1827	1827	1676
1828	1828	1666
1829	1829	1666
1830	1830	1658
1831	1831	1669
1832	1832	1662
1833	1833	1659
1834	1834	1652
1835	1835	1653
1836	1836	1660
1837	1837	1656
1838	1838	1637
1839	1839	1650
1840	1840	1646
1841	1841	1648
1842	1842	1636
1843	1843	1641
1844	1844	1643
1845	1845	1645
1846	1846	1630
1847	1847	1638
1848	1848	1638
1849	1849	1632
1850	1850	1633
1851	1851	1628
1852	1852	1624
1853	1853	1622
1854	1854	1629
1855	1855	1625
1856	1856	1636
1857	1857	1625
1858	1858	1614
1859	1859	1612
1860	1860	1623
1861	1861	1613
1862	1862	1616
1863	1863	1611
1864	1864	1608
1865	1865	1606
1866	1866	1607
1867	1867	1606
1868	1868	1599
1869	1869	1593
1870	1870	1594
1871	1871	1601
1872	1872	1601
1873	1873	1605
1874	1874	1600
1875	1875	1613
1876	1876	1593
1877	1877	1603
1878	1878	1602
1879	1879	1601
1880	1880	1594
1881	1881	1586
1882	1882	1581
1883	1883	1591
1884	1884	1591
1885	1885	1598
1886	1886	1590
1887	1887	1590
1888	1888	1592
1889	1889	1584
1890	1890	1576
1891	1891	1586
1892	1892	1576
1893	1893	1569
1894	1894	1568
1895	1895	1579
1896	1896	1576
1897	1897	1565
1898	1898	1576
1899	1899	1571
1900	1900	1568
1901	1901	1564
1902	1902	1564
1903	1903	1564
1904	1904	1566
1905	1905	1562
1906	1906	1567
1907	1907	1556
1908	1908	1552
1909	1909	1545
1910	1910	1555
1911	1911	1553
1912	1912	1550
1913	1913	1555
1914	1914	1556
1915	1915	1557
1916	1916	1551
1917	1917	1554
1918	1918	1549
1919	1919	1553
1920	1920	1547
1921	1921	1546
1922	1922	1543
1923	1923	1538
1924	1924	1542
1925	1925	1541
1926	1926	1542
1927	1927	1547
1928	1928	1554
1929	1929	1544
1930	1930	1540
1931	1931	1541
1932	1932	1544
1933	1933	1531
1934	1934	1525
1935	1935	1539
1936	1936	1534
1937	1937	1533
1938	1938	1526
1939	1939	1528
1940	1940	1527
1941	1941	1533
1942	1942	1538
1943	1943	1527
1944	1944	1531
1945	1945	1530
1946	1946	1530
1947	1947	1532
1948	1948	1533
1949	1949	1529
1950	1950	1526
1951	1951	1540
1952	1952	1532
1953	1953	1525
1954	1954	1518
1955	1955	1512
1956	1956	1512
1957	1957	1519
1958	1958	1511
1959	1959	1521
1960	1960	1530
1961	1961	1522
1962	1962	1517
1963	1963	1518
1964	1964	1521
1965	1965	1520
1966	1966	1519
1967	1967	1513
1968	1968	1518
1969	1969	1524
1970	1970	1522
1971	1971	1510
1972	1972	1512
1973	1973	1507
1974	1974	1505
1975	1975	1514
1976	1976	1506
1977	1977	1514
1978	1978	1508
1979	1979	1511
1980	1980	1496
1981	1981	1503
1982	1982	1498
1983	1983	1504
1984	1984	1501
1985	1985	1498
1986	1986	1499
1987	1987	1500
1988	1988	1494
1989	1989	1483
1990	1990	1491
1991	1991	1484
1992	1992	1490
1993	1993	1493
1994	1994	1486
1995	1995	1495
1996	1996	1493
1997	1997	1500
1998	1998	1496
1999	1999	1495
2000	2000	1490
2001	2001	1493
2002	2002	1482
2003	2003	1487
2004	2004	1478
2005	2005	1479
2006	2006	1486
2007	2007	1485
2008	2008	1497
2009	2009	1491
2010	2010	1503
2011	2011	1483
2012	2012	1476
2013	2013	1479
2014	2014	1491
2015	2015	1487
2016	2016	1485
2017	2017	1482
2018	2018	1478
2019	2019	1480
2020	2020	1484
2021	2021	1474
2022	2022	1474
2023	2023	1474
2024	2024	1468
2025	2025	1473
2026	2026	1471
2027	2027	1479
2028	2028	1476
2029	2029	1479
2030	2030	1467
2031	2031	1475
2032	2032	1469
2033	2033	1471
2034	2034	1463
2035	2035	1460
2036	2036	1464
2037	2037	1472
2038	2038	1466
2039	2039	1468
2040	2040	1457
2041	2041	1471
2042	2042	1461
2043	2043	1461
2044	2044	1466
2045	2045	1457
2046	2046	1459
2047	2047	1452
2048	2048	1461
2049	2049	1460
2050	2050	1456
2051	2051	1449
2052	2052	1455
2053	2053	1447
2054	2054	1445
2055	2055	1444
2056	2056	1449
2057	2057	1445
2058	2058	1444
2059	2059	1438
2060	2060	1435
2061	2061	1436
2062	2062	1436
2063	2063	1442
2064	2064	1439
2065	2065	1446
2066	2066	1439
2067	2067	1437
2068	2068	1446
2069	2069	1443
2070	2070	1438
2071	2071	1442
2072	2072	1437
2073	2073	1441
2074	2074	1436
2075	2075	1432
2076	2076	1439
2077	2077	1436
2078	2078	1440
2079	2079	1440
2080	2080	1432
2081	2081	1438
2082	2082	1442
2083	2083	1439
2084	2084	1432
2085	2085	1426
2086	2086	1428
2087	2087	1432
2088	2088	1437
2089	2089	1428
2090	2090	1436
2091	2091	1438
2092	2092	1432
2093	2093	1429
2094	2094	1424
2095	2095	1431
2096	2096	1428
2097	2097	1437
2098	2098	1422
2099	2099	1427
2100	2100	1429
2101	2101	1423
2102	2102	1431
2103	2103	1422
2104	2104	1418
2105	2105	1430
2106	2106	1432
2107	2107	1423
2108	2108	1427
2109	2109	1418
2110	2110	1425
2111	2111	1418
2112	2112	1418
2113	2113	1416
2114	2114	1416
2115	2115	1408
2116	2116	1407
2117	2117	1413
2118	2118	1414
2119	2119	1409
2120	2120	1406
2121	2121	1403
2122	2122	1400
2123	2123	1407
2124	2124	1409
2125	2125	1399
2126	2126	1395
2127	2127	1406
2128	2128	1416
2129	2129	1402
2130	2130	1397
2131	2131	1403
2132	2132	1396
2133	2133	1407
2134	2134	1402
2135	2135	1394
2136	2136	1393
2137	2137	1398
2138	2138	1399
2139	2139	1395
2140	2140	1394
2141	2141	1386
2142	2142	1386
2143	2143	1400
2144	2144	1392
2145	2145	1383
2146	2146	1388
2147	2147	1386
2148	2148	1390
2149	2149	1386
2150	2150	1383
2151	2151	1379
2152	2152	1380
2153	2153	1386
2154	2154	1380
2155	2155	1381
2156	2156	1384
2157	2157	1384
2158	2158	1385
2159	2159	1373
2160	2160	1369
2161	2161	1368
2162	2162	1368
2163	2163	1376
2164	2164	1372
2165	2165	1373
2166	2166	1377
2167	2167	1372
2168	2168	1360
2169	2169	1367
2170	2170	1365
2171	2171	1365
2172	2172	1363
2173	2173	1367
2174	2174	1363
2175	2175	1360
2176	2176	1362
2177	2177	1358
2178	2178	1350
2179	2179	1363
2180	2180	1359
2181	2181	1358
2182	2182	1356
2183	2183	1356
2184	2184	1362
2185	2185	1358
2186	2186	1354
2187	2187	1355
2188	2188	1351
2189	2189	1356
2190	2190	1355
2191	2191	1355
2192	2192	1352
2193	2193	1360
2194	2194	1355
2195	2195	1349
2196	2196	1357
2197	2197	1358
2198	2198	1347
2199	2199	1343
2200	2200	1343
2201	2201	1342
2202	2202	1344
2203	2203	1338
2204	2204	1330
2205	2205	1329
2206	2206	1325
2207	2207	1330
2208	2208	1326
2209	2209	1321
2210	2210	1326
2211	2211	1325
2212	2212	1322
2213	2213	1318
2214	2214	1329
2215	2215	1329
2216	2216	1322
2217	2217	1318
2218	2218	1322
2219	2219	1320
2220	2220	1316
2221	2221	1318
2222	2222	1316
2223	2223	1308
2224	2224	1317
2225	2225	1321
2226	2226	1315
2227	2227	1314
2228	2228	1320
2229	2229	1322
2230	2230	1310
2231	2231	1305
2232	2232	1310
2233	2233	1315
2234	2234	1321
2235	2235	1323
2236	2236	1314
2237	2237	1312
2238	2238	1309
2239	2239	1308
2240	2240	1311
2241	2241	1299
2242	2242	1308
2243	2243	1304
2244	2244	1307
2245	2245	1295
2246	2246	1303
2247	2247	1303
2248	2248	1303
2249	2249	1297
2250	2250	1301
2251	2251	1305
2252	2252	1298
2253	2253	1300
2254	2254	1302
2255	2255	1293
2256	2256	1293
2257	2257	1289
2258	2258	1301
2259	2259	1293
2260	2260	1300
2261	2261	1291
2262	2262	1290
2263	2263	1282
2264	2264	1290
2265	2265	1288
2266	2266	1284
2267	2267	1284
2268	2268	1289
2269	2269	1287
2270	2270	1290
2271	2271	1287
2272	2272	1278
2273	2273	1282
2274	2274	1282
2275	2275	1296
2276	2276	1288
2277	2277	1276
2278	2278	1278
2279	2279	1281
2280	2280	1276
2281	2281	1296
2282	2282	1293
2283	2283	1286
2284	2284	1286
2285	2285	1283
2286	2286	1275
2287	2287	1277
2288	2288	1283
2289	2289	1284
2290	2290	1284
2291	2291	1283
2292	2292	1282
2293	2293	1280
2294	2294	1283
2295	2295	1275
2296	2296	1276
2297	2297	1269
2298	2298	1266
2299	2299	1271
2300	2300	1273
2301	2301	1274
2302	2302	1260
2303	2303	1268
2304	2304	1267
2305	2305	1261
2306	2306	1266
2307	2307	1264
2308	2308	1257
2309	2309	1261
2310	2310	1260
2311	2311	1254
2312	2312	1257
2313	2313	1264
2314	2314	1260
2315	2315	1260
2316	2316	1260
2317	2317	1255
2318	2318	1256
2319	2319	1253
2320	2320	1248
2321	2321	1250
2322	2322	1251
2323	2323	1249
2324	2324	1255
2325	2325	1248
2326	2326	1252
2327	2327	1250
2328	2328	1248
2329	2329	1257
2330	2330	1259
2331	2331	1252
2332	2332	1257
2333	2333	1250
2334	2334	1254
2335	2335	1244
2336	2336	1254
2337	2337	1259
2338	2338	1254
2339	2339	1255
2340	2340	1252
2341	2341	1253
2342	2342	1250
2343	2343	1246
2344	2344	1240
2345	2345	1254
2346	2346	1243
2347	2347	1245
2348	2348	1252
2349	2349	1245
2350	2350	1258
2351	2351	1249
2352	2352	1248
2353	2353	1240
2354	2354	1259
2355	2355	1233
2356	2356	1231
2357	2357	1251
2358	2358	1246
2359	2359	1244
2360	2360	1241
2361	2361	1321
2362	2362	1242
2363	2363	1241
2364	2364	1232
2365	2365	1233
2366	2366	1320
2367	2367	1236
2368	2368	1233
2369	2369	1221
2370	2370	1228
2371	2371	1230
2372	2372	1224
2373	2373	1223
2374	2374	1224
2375	2375	1225
2376	2376	1227
2377	2377	1214
2378	2378	1215
2379	2379	1224
2380	2380	1226
2381	2381	1214
2382	2382	1226
2383	2383	1220
2384	2384	1220
2385	2385	1221
2386	2386	1229
2387	2387	1224
2388	2388	1214
2389	2389	1305
2390	2390	1298
2391	2391	1218
2392	2392	1221
2393	2393	1212
2394	2394	1296
2395	2395	1296
2396	2396	1291
2397	2397	1300
2398	2398	1306
2399	2399	1294
2400	2400	1302
2401	2401	1293
2402	2402	1305
2403	2403	1293
2404	2404	1284
2405	2405	1287
2406	2406	1304
2407	2407	1305
2408	2408	1293
2409	2409	1307
2410	2410	1305
2411	2411	1304
2412	2412	1294
2413	2413	1290
2414	2414	1311
2415	2415	1297
2416	2416	1295
2417	2417	1296
2418	2418	1297
2419	2419	1295
2420	2420	1306
2421	2421	1285
2422	2422	1296
2423	2423	1303
2424	2424	1300
2425	2425	1298
2426	2426	1210
2427	2427	1300
2428	2428	1302
2429	2429	1305
2430	2430	1294
2431	2431	1285
2432	2432	1285
2433	2433	1287
2434	2434	1278
2435	2435	1292
2436	2436	1293
2437	2437	1294
2438	2438	1287
2439	2439	1291
2440	2440	1293
2441	2441	1306
2442	2442	1290
2443	2443	1290
2444	2444	1295
2445	2445	1288
2446	2446	1296
2447	2447	1304
2448	2448	1283
2449	2449	1296
2450	2450	1306
2451	2451	1302
2452	2452	1290
2453	2453	1295
2454	2454	1293
2455	2455	1302
2456	2456	1300
2457	2457	1299
2458	2458	1291
2459	2459	1306
2460	2460	1307
2461	2461	1303
2462	2462	1296
2463	2463	1301
2464	2464	1295
2465	2465	1301
2466	2466	1284
2467	2467	1269
2468	2468	1281
2469	2469	1266
2470	2470	1281
2471	2471	1267
2472	2472	1292
2473	2473	1288
2474	2474	1282
2475	2475	1278
2476	2476	1277
2477	2477	1276
2478	2478	1268
2479	2479	1288
2480	2480	1266
2481	2481	1280
2482	2482	1280
2483	2483	1274
2484	2484	1278
2485	2485	1261
2486	2486	1273
2487	2487	1266
2488	2488	1264
2489	2489	1274
2490	2490	1266
2491	2491	1254
2492	2492	1270
2493	2493	1267
2494	2494	1266
2495	2495	1257
2496	2496	1271
2497	2497	1272
2498	2498	1266
2499	2499	1262
2500	2500	1263
2501	2501	1277
2502	2502	1275
2503	2503	1265
2504	2504	1278
2505	2505	1254
2506	2506	1271
2507	2507	1258
2508	2508	1259
2509	2509	1276
2510	2510	1260
2511	2511	1262
2512	2512	1253
2513	2513	1247
2514	2514	1263
2515	2515	1269
2516	2516	1263
2517	2517	1260
2518	2518	1258
2519	2519	1252
2520	2520	1259
2521	2521	1268
2522	2522	1256
2523	2523	1261
2524	2524	1261
2525	2525	1254
2526	2526	1251
2527	2527	1249
2528	2528	1245
2529	2529	1228
2530	2530	1249
2531	2531	1242
2532	2532	1234
2533	2533	1230
2534	2534	1246
2535	2535	1237
2536	2536	1232
2537	2537	1238
2538	2538	1236
2539	2539	1226
2540	2540	1216
2541	2541	1228
2542	2542	1232
2543	2543	1229
2544	2544	1233
2545	2545	1226
2546	2546	1235
2547	2547	1231
2548	2548	1237
2549	2549	1245
2550	2550	1237
2551	2551	1239
2552	2552	1247
2553	2553	1243
2554	2554	1244
2555	2555	1244
2556	2556	1248
2557	2557	1231
2558	2558	1228
2559	2559	1239
2560	2560	1233
2561	2561	1224
2562	2562	1232
2563	2563	1226
2564	2564	1222
2565	2565	1232
2566	2566	1233
2567	2567	1234
2568	2568	1227
2569	2569	1227
2570	2570	1222
2571	2571	1225
2572	2572	1220
2573	2573	1215
2574	2574	1213
2575	2575	1215
2576	2576	1209
2577	2577	1210
2578	2578	1213
2579	2579	1226
2580	2580	1233
2581	2581	1222
2582	2582	1222
2583	2583	1211
2584	2584	1217
2585	2585	1221
2586	2586	1212
2587	2587	1216
2588	2588	1221
2589	2589	1212
2590	2590	1206
2591	2591	1224
2592	2592	1217
2593	2593	1206
2594	2594	1217
2595	2595	1211
2596	2596	1210
2597	2597	1210
2598	2598	1218
2599	2599	1225
2600	2600	1219
2601	2601	1208
2602	2602	1217
2603	2603	1216
2604	2604	1212
2605	2605	1221
2606	2606	1210
2607	2607	1211
2608	2608	1209
2609	2609	1215
2610	2610	1211
2611	2611	1213
2612	2612	1213
2613	2613	1211
2614	2614	1213
2615	2615	1217
2616	2616	1214
2617	2617	1205
2618	2618	1217
2619	2619	1216
2620	2620	1214
2621	2621	1207
2622	2622	1205
2623	2623	1203
2624	2624	1204
2625	2625	1197
2626	2626	1196
2627	2627	1205
2628	2628	1196
2629	2629	1194
2630	2630	1185
2631	2631	1194
2632	2632	1186
2633	2633	1186
2634	2634	1189
2635	2635	1197
2636	2636	1192
2637	2637	1183
2638	2638	1187
2639	2639	1192
2640	2640	1205
2641	2641	1188
2642	2642	1197
2643	2643	1191
2644	2644	1181
2645	2645	1194
2646	2646	1198
2647	2647	1202
2648	2648	1189
2649	2649	1180
2650	2650	1191
2651	2651	1184
2652	2652	1177
2653	2653	1195
2654	2654	1181
2655	2655	1186
2656	2656	1181
2657	2657	1171
2658	2658	1175
2659	2659	1178
2660	2660	1170
2661	2661	1183
2662	2662	1182
2663	2663	1183
2664	2664	1177
2665	2665	1180
2666	2666	1178
2667	2667	1181
2668	2668	1180
2669	2669	1173
2670	2670	1181
2671	2671	1169
2672	2672	1182
2673	2673	1176
2674	2674	1176
2675	2675	1174
2676	2676	1173
2677	2677	1181
2678	2678	1176
2679	2679	1180
2680	2680	1173
2681	2681	1166
2682	2682	1163
2683	2683	1174
2684	2684	1168
2685	2685	1178
2686	2686	1181
2687	2687	1169
2688	2688	1175
2689	2689	1173
2690	2690	1177
2691	2691	1182
2692	2692	1174
2693	2693	1176
2694	2694	1182
2695	2695	1168
2696	2696	1185
2697	2697	1170
2698	2698	1177
2699	2699	1182
2700	2700	1180
2701	2701	1176
2702	2702	1167
2703	2703	1171
2704	2704	1174
2705	2705	1172
2706	2706	1169
2707	2707	1167
2708	2708	1166
2709	2709	1162
2710	2710	1169
2711	2711	1169
2712	2712	1170
2713	2713	1164
2714	2714	1172
2715	2715	1168
2716	2716	1170
2717	2717	1163
2718	2718	1170
2719	2719	1158
2720	2720	1166
2721	2721	1164
2722	2722	1158
2723	2723	1152
2724	2724	1164
2725	2725	1161
2726	2726	1153
2727	2727	1156
2728	2728	1157
2729	2729	1164
2730	2730	1154
2731	2731	1160
2732	2732	1163
2733	2733	1153
2734	2734	1156
2735	2735	1171
2736	2736	1157
2737	2737	1160
2738	2738	1154
2739	2739	1151
2740	2740	1152
2741	2741	1153
2742	2742	1153
2743	2743	1149
2744	2744	1152
2745	2745	1153
2746	2746	1151
2747	2747	1151
2748	2748	1161
2749	2749	1150
2750	2750	1139
2751	2751	1147
2752	2752	1153
2753	2753	1156
2754	2754	1143
2755	2755	1141
2756	2756	1138
2757	2757	1145
2758	2758	1140
2759	2759	1143
2760	2760	1127
2761	2761	1128
2762	2762	1148
2763	2763	1143
2764	2764	1139
2765	2765	1133
2766	2766	1135
2767	2767	1145
2768	2768	1143
2769	2769	1130
2770	2770	1133
2771	2771	1133
2772	2772	1136
2773	2773	1148
2774	2774	1150
2775	2775	1137
2776	2776	1143
2777	2777	1147
2778	2778	1144
2779	2779	1135
2780	2780	1135
2781	2781	1147
2782	2782	1147
2783	2783	1150
2784	2784	1140
2785	2785	1129
2786	2786	1140
2787	2787	1136
2788	2788	1135
2789	2789	1143
2790	2790	1142
2791	2791	1143
2792	2792	1140
2793	2793	1145
2794	2794	1149
2795	2795	1148
2796	2796	1136
2797	2797	1142
2798	2798	1142
2799	2799	1150
2800	2800	1149
2801	2801	1129
2802	2802	1139
2803	2803	1140
2804	2804	1143
2805	2805	1139
2806	2806	1143
2807	2807	1134
2808	2808	1143
2809	2809	1142
2810	2810	1139
2811	2811	1131
2812	2812	1133
2813	2813	1138
2814	2814	1138
2815	2815	1141
2816	2816	1131
2817	2817	1133
2818	2818	1126
2819	2819	1134
2820	2820	1120
2821	2821	1115
2822	2822	1121
2823	2823	1122
2824	2824	1133
2825	2825	1127
2826	2826	1119
2827	2827	1120
2828	2828	1119
2829	2829	1121
2830	2830	1129
2831	2831	1124
2832	2832	1114
2833	2833	1117
2834	2834	1126
2835	2835	1120
2836	2836	1141
2837	2837	1123
2838	2838	1123
2839	2839	1124
2840	2840	1129
2841	2841	1119
2842	2842	1122
2843	2843	1120
2844	2844	1134
2845	2845	1127
2846	2846	1120
2847	2847	1118
2848	2848	1125
2849	2849	1126
2850	2850	1130
2851	2851	1130
2852	2852	1125
2853	2853	1122
2854	2854	1124
2855	2855	1123
2856	2856	1127
2857	2857	1123
2858	2858	1118
2859	2859	1122
2860	2860	1126
2861	2861	1113
2862	2862	1126
2863	2863	1112
2864	2864	1119
2865	2865	1124
2866	2866	1126
2867	2867	1120
2868	2868	1115
2869	2869	1135
2870	2870	1126
2871	2871	1123
2872	2872	1123
2873	2873	1119
2874	2874	1122
2875	2875	1123
2876	2876	1123
2877	2877	1122
2878	2878	1122
2879	2879	1119
2880	2880	1115
2881	2881	1121
2882	2882	1120
2883	2883	1113
2884	2884	1123
2885	2885	1118
2886	2886	1111
2887	2887	1114
2888	2888	1111
2889	2889	1116
2890	2890	1110
2891	2891	1117
2892	2892	1121
2893	2893	1121
2894	2894	1125
2895	2895	1112
2896	2896	1117
2897	2897	1116
2898	2898	1115
2899	2899	1117
2900	2900	1114
2901	2901	1117
2902	2902	1106
2903	2903	1116
2904	2904	1129
2905	2905	1129
2906	2906	1115
2907	2907	1122
2908	2908	1125
2909	2909	1110
2910	2910	1113
2911	2911	1116
2912	2912	1109
2913	2913	1110
2914	2914	1107
2915	2915	1113
2916	2916	1108
2917	2917	1108
2918	2918	1115
2919	2919	1106
2920	2920	1112
2921	2921	1106
2922	2922	1109
2923	2923	1109
2924	2924	1109
2925	2925	1105
2926	2926	1108
2927	2927	1112
2928	2928	1112
2929	2929	1114
2930	2930	1101
2931	2931	1099
2932	2932	1109
2933	2933	1109
2934	2934	1102
2935	2935	1095
2936	2936	1090
2937	2937	1103
2938	2938	1101
2939	2939	1098
2940	2940	1103
2941	2941	1095
2942	2942	1100
2943	2943	1102
2944	2944	1103
2945	2945	1097
2946	2946	1089
2947	2947	1100
2948	2948	1101
2949	2949	1103
2950	2950	1089
2951	2951	1099
2952	2952	1111
2953	2953	1111
2954	2954	1103
2955	2955	1093
2956	2956	1093
2957	2957	1099
2958	2958	1091
2959	2959	1094
2960	2960	1104
2961	2961	1100
2962	2962	1101
2963	2963	1097
2964	2964	1099
2965	2965	1102
2966	2966	1101
2967	2967	1101
2968	2968	1105
2969	2969	1105
2970	2970	1102
2971	2971	1113
2972	2972	1113
2973	2973	1099
2974	2974	1098
2975	2975	1100
2976	2976	1101
2977	2977	1096
2978	2978	1103
2979	2979	1099
2980	2980	1096
2981	2981	1101
2982	2982	1094
2983	2983	1085
2984	2984	1086
2985	2985	1088
2986	2986	1093
2987	2987	1088
2988	2988	1083
2989	2989	1093
2990	2990	1099
2991	2991	1088
2992	2992	1090
2993	2993	1087
2994	2994	1085
2995	2995	1091
2996	2996	1094
2997	2997	1087
2998	2998	1087
2999	2999	1097
3000	3000	1089
3001	3001	1090
3002	3002	1089
3003	3003	1092
3004	3004	1093
3005	3005	1085
3006	3006	1089
3007	3007	1084
3008	3008	1083
3009	3009	1089
3010	3010	1091
3011	3011	1085
3012	3012	1086
3013	3013	1092
3014	3014	1083
3015	3015	1087
3016	3016	1081
3017	3017	1078
3018	3018	1073
3019	3019	1073
3020	3020	1091
3021	3021	1086
3022	3022	1075
3023	3023	1067
3024	3024	1071
3025	3025	1074
3026	3026	1074
3027	3027	1076
3028	3028	1073
3029	3029	1076
3030	3030	1065
3031	3031	1078
3032	3032	1072
3033	3033	1080
3034	3034	1070
3035	3035	1063
3036	3036	1069
3037	3037	1070
3038	3038	1068
3039	3039	1064
3040	3040	1073
3041	3041	1068
3042	3042	1065
3043	3043	1066
3044	3044	1070
3045	3045	1073
3046	3046	1079
3047	3047	1070
3048	3048	1066
3049	3049	1069
3050	3050	1069
3051	3051	1070
3052	3052	1085
3053	3053	1070
3054	3054	1073
3055	3055	1070
3056	3056	1074
3057	3057	1077
3058	3058	1072
3059	3059	1069
3060	3060	1078
3061	3061	1075
3062	3062	1066
3063	3063	1068
3064	3064	1078
3065	3065	1068
3066	3066	1074
3067	3067	1063
3068	3068	1068
3069	3069	1069
3070	3070	1070
3071	3071	1058
3072	3072	1062
3073	3073	1064
3074	3074	1068
3075	3075	1063
3076	3076	1059
3077	3077	1061
3078	3078	1059
3079	3079	1063
3080	3080	1065
3081	3081	1060
3082	3082	1069
3083	3083	1052
3084	3084	1051
3085	3085	1057
3086	3086	1051
3087	3087	1066
3088	3088	1053
3089	3089	1051
3090	3090	1060
3091	3091	1061
3092	3092	1060
3093	3093	1064
3094	3094	1056
3095	3095	1059
3096	3096	1053
3097	3097	1056
3098	3098	1061
3099	3099	1065
3100	3100	1069
3101	3101	1069
3102	3102	1066
3103	3103	1067
3104	3104	1069
3105	3105	1066
3106	3106	1059
3107	3107	1067
3108	3108	1065
3109	3109	1060
3110	3110	1061
3111	3111	1068
3112	3112	1058
3113	3113	1057
3114	3114	1057
3115	3115	1065
3116	3116	1057
3117	3117	1069
3118	3118	1073
3119	3119	1062
3120	3120	1062
3121	3121	1068
3122	3122	1059
3123	3123	1067
3124	3124	1072
3125	3125	1068
3126	3126	1062
3127	3127	1078
3128	3128	1058
3129	3129	1063
3130	3130	1071
3131	3131	1069
3132	3132	1064
3133	3133	1049
3134	3134	1066
3135	3135	1063
3136	3136	1042
3137	3137	1058
3138	3138	1062
3139	3139	1044
3140	3140	1059
3141	3141	1057
3142	3142	1048
3143	3143	1055
3144	3144	1054
3145	3145	1051
3146	3146	1055
3147	3147	1060
3148	3148	1057
3149	3149	1048
3150	3150	1063
3151	3151	1058
3152	3152	1055
3153	3153	1052
3154	3154	1042
3155	3155	1032
3156	3156	1038
3157	3157	1044
3158	3158	1044
3159	3159	1055
3160	3160	1041
3161	3161	1041
3162	3162	1054
3163	3163	1058
3164	3164	1055
3165	3165	1057
3166	3166	1049
3167	3167	1047
3168	3168	1062
3169	3169	1041
3170	3170	1047
3171	3171	1045
3172	3172	1043
3173	3173	1054
3174	3174	1049
3175	3175	1046
3176	3176	1045
3177	3177	1053
3178	3178	1052
3179	3179	1045
3180	3180	1053
3181	3181	1049
3182	3182	1046
3183	3183	1044
3184	3184	1048
3185	3185	1053
3186	3186	1043
3187	3187	1050
3188	3188	1042
3189	3189	1056
3190	3190	1058
3191	3191	1059
3192	3192	1054
3193	3193	1049
3194	3194	1052
3195	3195	1057
3196	3196	1051
3197	3197	1056
3198	3198	1049
3199	3199	1050
3200	3200	1050
3201	3201	1047
3202	3202	1048
3203	3203	1044
3204	3204	1056
3205	3205	1052
3206	3206	1038
3207	3207	1032
3208	3208	1035
3209	3209	1024
3210	3210	1024
3211	3211	1028
3212	3212	1028
3213	3213	1029
3214	3214	1021
3215	3215	1023
3216	3216	1023
3217	3217	1031
3218	3218	1030
3219	3219	1026
3220	3220	1023
3221	3221	1025
3222	3222	1024
3223	3223	1035
3224	3224	1030
3225	3225	1029
3226	3226	1034
3227	3227	1031
3228	3228	1035
3229	3229	1044
3230	3230	1027
3231	3231	1031
3232	3232	1031
3233	3233	1024
3234	3234	1029
3235	3235	1030
3236	3236	1037
3237	3237	1032
3238	3238	1032
3239	3239	1036
3240	3240	1036
3241	3241	1035
3242	3242	1036
3243	3243	1030
3244	3244	1033
3245	3245	1029
3246	3246	1025
3247	3247	1023
3248	3248	1028
3249	3249	1030
3250	3250	1028
3251	3251	1028
3252	3252	1036
3253	3253	1031
3254	3254	1033
3255	3255	1044
3256	3256	1024
3257	3257	1026
3258	3258	1024
3259	3259	1033
3260	3260	1023
3261	3261	1033
3262	3262	1025
3263	3263	1022
3264	3264	1026
3265	3265	1029
3266	3266	1026
3267	3267	1031
3268	3268	1024
3269	3269	1022
3270	3270	1032
3271	3271	1028
3272	3272	1030
3273	3273	1022
3274	3274	1017
3275	3275	1027
3276	3276	1036
3277	3277	1023
3278	3278	1035
3279	3279	1027
3280	3280	1026
3281	3281	1036
3282	3282	1026
3283	3283	1030
3284	3284	1033
3285	3285	1030
3286	3286	1023
3287	3287	1036
3288	3288	1044
3289	3289	1020
3290	3290	1022
3291	3291	1025
3292	3292	1031
3293	3293	1020
3294	3294	1020
3295	3295	1024
3296	3296	1024
3297	3297	1028
3298	3298	1019
3299	3299	1037
3300	3300	1015
3301	3301	1031
3302	3302	1023
3303	3303	1022
3304	3304	1033
3305	3305	1024
3306	3306	1018
3307	3307	1024
3308	3308	1026
3309	3309	1032
3310	3310	1033
3311	3311	1033
3312	3312	1029
3313	3313	1032
3314	3314	1025
3315	3315	1039
3316	3316	1038
3317	3317	1020
3318	3318	1023
3319	3319	1022
3320	3320	1017
3321	3321	1023
3322	3322	1017
3323	3323	1033
3324	3324	1016
3325	3325	1019
3326	3326	1035
3327	3327	1027
3328	3328	1032
3329	3329	1032
3330	3330	1024
3331	3331	1037
3332	3332	1024
3333	3333	1021
3334	3334	1025
3335	3335	1028
3336	3336	1020
3337	3337	1025
3338	3338	1032
3339	3339	1019
3340	3340	1033
3341	3341	1019
3342	3342	1018
3343	3343	1025
3344	3344	1023
3345	3345	1016
3346	3346	1022
3347	3347	1016
3348	3348	1010
3349	3349	1028
3350	3350	1007
3351	3351	1031
3352	3352	1018
3353	3353	1013
3354	3354	1026
3355	3355	1012
3356	3356	1011
3357	3357	1015
3358	3358	1023
3359	3359	1018
3360	3360	1022
3361	3361	1026
3362	3362	1013
3363	3363	1011
3364	3364	1014
3365	3365	1018
3366	3366	1022
3367	3367	1015
3368	3368	1017
3369	3369	1014
3370	3370	1016
3371	3371	1002
3372	3372	1011
3373	3373	1009
3374	3374	1010
3375	3375	1010
3376	3376	1014
3377	3377	1008
3378	3378	997
3379	3379	1014
3380	3380	1011
3381	3381	1006
3382	3382	1007
3383	3383	1010
3384	3384	1008
3385	3385	1009
3386	3386	996
3387	3387	1000
3388	3388	1007
3389	3389	1006
3390	3390	1009
3391	3391	1000
3392	3392	996
3393	3393	999
3394	3394	1002
3395	3395	1005
3396	3396	1002
3397	3397	996
3398	3398	1007
3399	3399	1007
3400	3400	1005
3401	3401	999
3402	3402	988
3403	3403	999
3404	3404	999
3405	3405	999
3406	3406	1008
3407	3407	1003
3408	3408	999
3409	3409	1002
3410	3410	991
3411	3411	998
3412	3412	990
3413	3413	995
3414	3414	1007
3415	3415	998
3416	3416	1000
3417	3417	1007
3418	3418	994
3419	3419	1000
3420	3420	999
3421	3421	1004
3422	3422	1005
3423	3423	996
3424	3424	1000
3425	3425	1011
3426	3426	994
3427	3427	997
3428	3428	989
3429	3429	1004
3430	3430	992
3431	3431	990
3432	3432	993
3433	3433	1000
3434	3434	995
3435	3435	1001
3436	3436	985
3437	3437	989
3438	3438	1004
3439	3439	1000
3440	3440	1006
3441	3441	991
3442	3442	995
3443	3443	997
3444	3444	996
3445	3445	986
3446	3446	980
3447	3447	995
3448	3448	998
3449	3449	987
3450	3450	991
3451	3451	995
3452	3452	992
3453	3453	988
3454	3454	988
3455	3455	998
3456	3456	994
3457	3457	993
3458	3458	995
3459	3459	992
3460	3460	986
3461	3461	985
3462	3462	984
3463	3463	987
3464	3464	986
3465	3465	989
3466	3466	988
3467	3467	981
3468	3468	983
3469	3469	995
3470	3470	986
3471	3471	997
3472	3472	980
3473	3473	997
3474	3474	978
3475	3475	982
3476	3476	986
3477	3477	991
3478	3478	991
3479	3479	989
3480	3480	978
3481	3481	979
3482	3482	978
3483	3483	984
3484	3484	991
3485	3485	970
3486	3486	988
3487	3487	990
3488	3488	988
3489	3489	985
3490	3490	979
3491	3491	996
3492	3492	972
3493	3493	981
3494	3494	980
3495	3495	981
3496	3496	978
3497	3497	977
3498	3498	982
3499	3499	979
3500	3500	985
3501	3501	992
3502	3502	979
3503	3503	986
3504	3504	983
3505	3505	990
3506	3506	973
3507	3507	988
3508	3508	984
3509	3509	984
3510	3510	973
3511	3511	994
3512	3512	982
3513	3513	975
3514	3514	983
3515	3515	978
3516	3516	984
3517	3517	978
3518	3518	980
3519	3519	971
3520	3520	967
3521	3521	975
3522	3522	974
3523	3523	959
3524	3524	968
3525	3525	976
3526	3526	977
3527	3527	964
3528	3528	972
3529	3529	970
3530	3530	979
3531	3531	981
3532	3532	963
3533	3533	975
3534	3534	965
3535	3535	974
3536	3536	966
3537	3537	980
3538	3538	970
3539	3539	961
3540	3540	965
3541	3541	976
3542	3542	972
3543	3543	962
3544	3544	987
3545	3545	982
3546	3546	975
3547	3547	970
3548	3548	966
3549	3549	973
3550	3550	977
3551	3551	973
3552	3552	973
3553	3553	971
3554	3554	982
3555	3555	975
3556	3556	975
3557	3557	967
3558	3558	960
3559	3559	949
3560	3560	969
3561	3561	972
3562	3562	969
3563	3563	966
3564	3564	962
3565	3565	964
3566	3566	967
3567	3567	965
3568	3568	964
3569	3569	966
3570	3570	971
3571	3571	953
3572	3572	964
3573	3573	955
3574	3574	965
3575	3575	977
3576	3576	967
3577	3577	962
3578	3578	970
3579	3579	965
3580	3580	964
3581	3581	962
3582	3582	964
3583	3583	968
3584	3584	964
3585	3585	964
3586	3586	953
3587	3587	967
3588	3588	959
3589	3589	975
3590	3590	958
3591	3591	956
3592	3592	972
3593	3593	961
3594	3594	963
3595	3595	960
3596	3596	972
3597	3597	961
3598	3598	959
3599	3599	966
3600	3600	960
3601	3601	969
3602	3602	956
3603	3603	957
3604	3604	956
3605	3605	954
3606	3606	966
3607	3607	960
3608	3608	962
3609	3609	960
3610	3610	961
3611	3611	961
3612	3612	960
3613	3613	966
3614	3614	965
3615	3615	969
3616	3616	970
3617	3617	962
3618	3618	972
3619	3619	964
3620	3620	961
3621	3621	952
3622	3622	960
3623	3623	954
3624	3624	960
3625	3625	964
3626	3626	955
3627	3627	959
3628	3628	966
3629	3629	958
3630	3630	961
3631	3631	949
3632	3632	962
3633	3633	958
3634	3634	957
3635	3635	965
3636	3636	960
3637	3637	958
3638	3638	968
3639	3639	956
3640	3640	959
3641	3641	951
3642	3642	953
3643	3643	963
3644	3644	957
3645	3645	946
3646	3646	968
3647	3647	972
3648	3648	961
3649	3649	957
3650	3650	956
3651	3651	964
3652	3652	961
3653	3653	971
3654	3654	974
3655	3655	959
3656	3656	971
3657	3657	958
3658	3658	957
3659	3659	955
3660	3660	967
3661	3661	950
3662	3662	960
3663	3663	969
3664	3664	958
3665	3665	953
3666	3666	956
3667	3667	957
3668	3668	960
3669	3669	971
3670	3670	947
3671	3671	949
3672	3672	955
3673	3673	952
3674	3674	965
3675	3675	947
3676	3676	947
3677	3677	956
3678	3678	979
3679	3679	975
3680	3680	965
3681	3681	965
3682	3682	965
3683	3683	963
3684	3684	962
3685	3685	966
3686	3686	982
3687	3687	958
3688	3688	972
3689	3689	967
3690	3690	965
3691	3691	976
3692	3692	980
3693	3693	985
3694	3694	986
3695	3695	977
3696	3696	989
3697	3697	995
3698	3698	998
3699	3699	995
3700	3700	984
3701	3701	990
3702	3702	986
3703	3703	981
3704	3704	974
3705	3705	974
3706	3706	983
3707	3707	969
3708	3708	978
3709	3709	975
3710	3710	958
3711	3711	961
3712	3712	962
3713	3713	969
3714	3714	959
3715	3715	977
3716	3716	972
3717	3717	962
3718	3718	941
3719	3719	947
3720	3720	943
3721	3721	939
3722	3722	946
3723	3723	946
3724	3724	951
3725	3725	950
3726	3726	942
3727	3727	947
3728	3728	954
3729	3729	945
3730	3730	947
3731	3731	942
3732	3732	950
3733	3733	951
3734	3734	949
3735	3735	956
3736	3736	960
3737	3737	955
3738	3738	943
3739	3739	956
3740	3740	940
3741	3741	946
3742	3742	949
3743	3743	944
3744	3744	944
3745	3745	950
3746	3746	948
3747	3747	950
3748	3748	939
3749	3749	942
3750	3750	943
3751	3751	940
3752	3752	943
3753	3753	948
3754	3754	944
3755	3755	943
3756	3756	940
3757	3757	936
3758	3758	940
3759	3759	945
3760	3760	931
3761	3761	951
3762	3762	945
3763	3763	939
3764	3764	1065
3765	3765	939
3766	3766	941
3767	3767	935
3768	3768	935
3769	3769	1061
3770	3770	943
3771	3771	936
3772	3772	927
3773	3773	933
3774	3774	1054
3775	3775	929
3776	3776	930
3777	3777	936
3778	3778	1046
3779	3779	1056
3780	3780	930
3781	3781	930
3782	3782	939
3783	3783	928
3784	3784	935
3785	3785	941
3786	3786	936
3787	3787	933
3788	3788	929
3789	3789	933
3790	3790	930
3791	3791	936
3792	3792	934
3793	3793	942
3794	3794	930
3795	3795	930
3796	3796	931
3797	3797	935
3798	3798	933
3799	3799	943
3800	3800	938
3801	3801	942
3802	3802	928
3803	3803	932
3804	3804	1069
3805	3805	1037
3806	3806	1053
3807	3807	1046
3808	3808	1057
3809	3809	1047
3810	3810	1062
3811	3811	1048
3812	3812	1036
3813	3813	1047
3814	3814	1057
3815	3815	1057
3816	3816	1053
3817	3817	1048
3818	3818	1049
3819	3819	922
3820	3820	1050
3821	3821	1047
3822	3822	1044
3823	3823	934
3824	3824	945
3825	3825	1063
3826	3826	1053
3827	3827	920
3828	3828	944
3829	3829	934
3830	3830	930
3831	3831	927
3832	3832	939
3833	3833	920
3834	3834	937
3835	3835	935
3836	3836	933
3837	3837	934
3838	3838	920
3839	3839	923
3840	3840	925
3841	3841	927
3842	3842	929
3843	3843	939
3844	3844	930
3845	3845	924
3846	3846	934
3847	3847	922
3848	3848	942
3849	3849	929
3850	3850	923
3851	3851	927
3852	3852	924
3853	3853	930
3854	3854	1061
3855	3855	1054
3856	3856	1053
3857	3857	929
3858	3858	926
3859	3859	1063
3860	3860	950
3861	3861	943
3862	3862	930
3863	3863	1057
3864	3864	1065
3865	3865	1061
3866	3866	1055
3867	3867	941
3868	3868	1081
3869	3869	1067
3870	3870	1054
3871	3871	929
3872	3872	920
3873	3873	1062
3874	3874	1067
3875	3875	1044
3876	3876	939
3877	3877	936
3878	3878	927
3879	3879	936
3880	3880	937
3881	3881	922
3882	3882	928
3883	3883	926
3884	3884	931
3885	3885	929
3886	3886	940
3887	3887	924
3888	3888	940
3889	3889	937
3890	3890	922
3891	3891	925
3892	3892	931
3893	3893	927
3894	3894	919
3895	3895	1047
3896	3896	926
3897	3897	929
3898	3898	1043
3899	3899	1039
3900	3900	919
3901	3901	923
3902	3902	1051
3903	3903	1049
3904	3904	1023
3905	3905	1028
3906	3906	924
3907	3907	924
3908	3908	1043
3909	3909	1033
3910	3910	919
3911	3911	916
3912	3912	1053
3913	3913	1026
3914	3914	1033
3915	3915	1036
3916	3916	926
3917	3917	1044
3918	3918	1019
3919	3919	1045
3920	3920	919
3921	3921	914
3922	3922	1046
3923	3923	1029
3924	3924	917
3925	3925	915
3926	3926	919
3927	3927	1052
3928	3928	1050
3929	3929	917
3930	3930	1047
3931	3931	1044
3932	3932	915
3933	3933	1047
3934	3934	923
3935	3935	924
3936	3936	928
3937	3937	917
3938	3938	917
3939	3939	923
3940	3940	921
3941	3941	910
3942	3942	1050
3943	3943	914
3944	3944	921
3945	3945	918
3946	3946	919
3947	3947	1047
3948	3948	1046
3949	3949	1053
3950	3950	927
3951	3951	921
3952	3952	1022
3953	3953	1024
3954	3954	1042
3955	3955	1070
3956	3956	922
3957	3957	1049
3958	3958	1037
3959	3959	1026
3960	3960	1031
3961	3961	916
3962	3962	1036
3963	3963	1036
3964	3964	1046
3965	3965	1045
3966	3966	1041
3967	3967	1028
3968	3968	1027
3969	3969	1050
3970	3970	1042
3971	3971	1043
3972	3972	1023
3973	3973	1031
3974	3974	1036
3975	3975	1034
3976	3976	1055
3977	3977	1054
3978	3978	1038
3979	3979	1048
3980	3980	1048
3981	3981	1038
3982	3982	1041
3983	3983	1044
3984	3984	1044
3985	3985	1048
3986	3986	917
3987	3987	916
3988	3988	1041
3989	3989	1068
3990	3990	912
3991	3991	922
3992	3992	915
3993	3993	1049
3994	3994	912
3995	3995	1035
3996	3996	1030
3997	3997	1040
3998	3998	1037
3999	3999	1044
4000	4000	1035
4001	4001	1030
4002	4002	1044
4003	4003	1033
4004	4004	1032
4005	4005	1026
4006	4006	1019
4007	4007	1018
4008	4008	1027
4009	4009	1046
4010	4010	1035
4011	4011	1027
4012	4012	1020
4013	4013	1029
4014	4014	1023
4015	4015	1026
4016	4016	1021
4017	4017	1025
4018	4018	1036
4019	4019	1023
4020	4020	1025
4021	4021	1035
4022	4022	1031
4023	4023	1031
4024	4024	1025
4025	4025	1049
4026	4026	1040
4027	4027	1027
4028	4028	1035
4029	4029	1034
4030	4030	1026
4031	4031	1028
4032	4032	1019
4033	4033	1024
4034	4034	1030
4035	4035	1022
4036	4036	1027
4037	4037	1032
4038	4038	1028
4039	4039	1030
4040	4040	1025
4041	4041	1024
4042	4042	1026
4043	4043	1029
4044	4044	1032
4045	4045	1014
4046	4046	1032
4047	4047	1036
4048	4048	1051
4049	4049	1027
4050	4050	1028
4051	4051	1031
4052	4052	1032
4053	4053	1019
4054	4054	1017
4055	4055	1014
4056	4056	1048
4057	4057	1040
4058	4058	1038
4059	4059	1018
4060	4060	1038
4061	4061	1020
4062	4062	1028
4063	4063	1026
4064	4064	1037
4065	4065	1031
4066	4066	1027
4067	4067	1029
4068	4068	1010
4069	4069	1026
4070	4070	1023
4071	4071	1033
4072	4072	1014
4073	4073	1026
4074	4074	1052
4075	4075	1046
4076	4076	1035
4077	4077	1022
4078	4078	1027
4079	4079	1025
4080	4080	1040
4081	4081	1040
4082	4082	1027
4083	4083	1031
4084	4084	1029
4085	4085	1031
4086	4086	1027
4087	4087	1036
4088	4088	1025
4089	4089	1005
4090	4090	1027
4091	4091	1014
4092	4092	1019
4093	4093	1013
4094	4094	1016
4095	4095	1010
4096	4096	1019
4097	4097	1024
4098	4098	1013
4099	4099	1006
4100	4100	1014
4101	4101	1016
4102	4102	1027
4103	4103	1016
4104	4104	1002
4105	4105	1016
4106	4106	1026
4107	4107	1017
4108	4108	1017
4109	4109	1015
4110	4110	1017
4111	4111	1013
4112	4112	1010
4113	4113	1023
4114	4114	1016
4115	4115	1023
4116	4116	1025
4117	4117	1026
4118	4118	1015
4119	4119	1010
4120	4120	1019
4121	4121	1006
4122	4122	1019
4123	4123	1021
4124	4124	1029
4125	4125	1014
4126	4126	1021
4127	4127	1026
4128	4128	1016
4129	4129	1009
4130	4130	1007
4131	4131	1014
4132	4132	1006
4133	4133	1024
4134	4134	1008
4135	4135	992
4136	4136	1007
4137	4137	1014
4138	4138	1020
4139	4139	1013
4140	4140	1012
4141	4141	1010
4142	4142	1003
4143	4143	1004
4144	4144	1000
4145	4145	996
4146	4146	995
4147	4147	1014
4148	4148	1007
4149	4149	1004
4150	4150	1009
4151	4151	1015
4152	4152	1007
4153	4153	1006
4154	4154	1017
4155	4155	1023
4156	4156	1007
4157	4157	1009
4158	4158	1014
4159	4159	1011
4160	4160	998
4161	4161	1021
4162	4162	1021
4163	4163	1023
4164	4164	1015
4165	4165	1027
4166	4166	1008
4167	4167	1016
4168	4168	1007
4169	4169	1006
4170	4170	1008
4171	4171	1021
4172	4172	1016
4173	4173	1012
4174	4174	1003
4175	4175	1018
4176	4176	1001
4177	4177	996
4178	4178	998
4179	4179	1011
4180	4180	1005
4181	4181	1007
4182	4182	1000
4183	4183	1001
4184	4184	1006
4185	4185	1014
4186	4186	1005
4187	4187	1000
4188	4188	1003
4189	4189	1007
4190	4190	1026
4191	4191	1010
4192	4192	1005
4193	4193	1005
4194	4194	1009
4195	4195	1019
4196	4196	1021
4197	4197	1021
4198	4198	1005
4199	4199	1000
4200	4200	1005
4201	4201	1010
4202	4202	997
4203	4203	1003
4204	4204	1027
4205	4205	1005
4206	4206	1000
4207	4207	1006
4208	4208	1010
4209	4209	1005
4210	4210	1004
4211	4211	1009
4212	4212	1005
4213	4213	1010
4214	4214	1011
4215	4215	1005
4216	4216	1013
4217	4217	996
4218	4218	1010
4219	4219	1023
4220	4220	1006
4221	4221	1003
4222	4222	1006
4223	4223	1008
4224	4224	1004
4225	4225	1032
4226	4226	1002
4227	4227	1002
4228	4228	1003
4229	4229	1017
4230	4230	1039
4231	4231	1027
4232	4232	1005
4233	4233	1009
4234	4234	1014
4235	4235	1023
4236	4236	1028
4237	4237	1025
4238	4238	1011
4239	4239	1018
4240	4240	1014
4241	4241	1012
4242	4242	1004
4243	4243	1005
4244	4244	1010
4245	4245	1008
4246	4246	1000
4247	4247	1024
4248	4248	1021
4249	4249	1021
4250	4250	1003
4251	4251	1000
4252	4252	1019
4253	4253	1010
4254	4254	1012
4255	4255	1002
4256	4256	1014
4257	4257	1014
4258	4258	1010
4259	4259	1014
4260	4260	1025
4261	4261	1011
4262	4262	1024
4263	4263	1021
4264	4264	1002
4265	4265	1004
4266	4266	1010
4267	4267	1009
4268	4268	1010
4269	4269	1010
4270	4270	1008
4271	4271	1001
4272	4272	1013
4273	4273	1006
4274	4274	998
4275	4275	999
4276	4276	999
4277	4277	1002
4278	4278	999
4279	4279	1006
4280	4280	1011
4281	4281	994
4282	4282	1001
4283	4283	1001
4284	4284	1009
4285	4285	1003
4286	4286	1014
4287	4287	1005
4288	4288	1004
4289	4289	1015
4290	4290	1000
4291	4291	989
4292	4292	993
4293	4293	1008
4294	4294	1003
4295	4295	1011
4296	4296	998
4297	4297	998
4298	4298	1004
4299	4299	997
4300	4300	1002
4301	4301	1011
4302	4302	1007
4303	4303	1003
4304	4304	993
4305	4305	1010
4306	4306	1000
4307	4307	1009
4308	4308	1007
4309	4309	1012
4310	4310	1009
4311	4311	1010
4312	4312	1005
4313	4313	991
4314	4314	999
4315	4315	995
4316	4316	1007
4317	4317	1010
4318	4318	1000
4319	4319	1002
4320	4320	992
4321	4321	997
4322	4322	994
4323	4323	985
4324	4324	985
4325	4325	994
4326	4326	986
4327	4327	989
4328	4328	997
4329	4329	989
4330	4330	971
4331	4331	989
4332	4332	992
4333	4333	989
4334	4334	976
4335	4335	994
4336	4336	992
4337	4337	996
4338	4338	993
4339	4339	993
4340	4340	1001
4341	4341	999
4342	4342	1003
4343	4343	1001
4344	4344	992
4345	4345	1011
4346	4346	1015
4347	4347	1005
4348	4348	996
4349	4349	1007
4350	4350	1014
4351	4351	999
4352	4352	998
4353	4353	1019
4354	4354	1001
4355	4355	1006
4356	4356	992
4357	4357	1003
4358	4358	987
4359	4359	1006
4360	4360	1001
4361	4361	991
4362	4362	994
4363	4363	987
4364	4364	979
4365	4365	1001
4366	4366	1000
4367	4367	1000
4368	4368	1007
4369	4369	990
4370	4370	990
4371	4371	1009
4372	4372	993
4373	4373	988
4374	4374	997
4375	4375	989
4376	4376	993
4377	4377	977
4378	4378	986
4379	4379	979
4380	4380	987
4381	4381	993
4382	4382	968
4383	4383	980
4384	4384	984
4385	4385	985
4386	4386	974
4387	4387	973
4388	4388	977
4389	4389	981
4390	4390	988
4391	4391	974
4392	4392	991
4393	4393	979
4394	4394	998
4395	4395	993
4396	4396	977
4397	4397	990
4398	4398	974
4399	4399	989
4400	4400	986
4401	4401	980
4402	4402	991
4403	4403	981
4404	4404	993
4405	4405	972
4406	4406	975
4407	4407	981
4408	4408	974
4409	4409	976
4410	4410	986
4411	4411	980
4412	4412	977
4413	4413	973
4414	4414	984
4415	4415	978
4416	4416	979
4417	4417	980
4418	4418	988
4419	4419	980
4420	4420	990
4421	4421	974
4422	4422	979
4423	4423	1000
4424	4424	994
4425	4425	981
4426	4426	984
4427	4427	983
4428	4428	982
4429	4429	997
4430	4430	976
4431	4431	977
4432	4432	972
4433	4433	989
4434	4434	985
4435	4435	979
4436	4436	975
4437	4437	986
4438	4438	985
4439	4439	967
4440	4440	979
4441	4441	996
4442	4442	978
4443	4443	982
4444	4444	988
4445	4445	984
4446	4446	988
4447	4447	990
4448	4448	981
4449	4449	986
4450	4450	979
4451	4451	986
4452	4452	997
4453	4453	977
4454	4454	989
4455	4455	987
4456	4456	982
4457	4457	977
4458	4458	990
4459	4459	980
4460	4460	982
4461	4461	975
4462	4462	985
4463	4463	986
4464	4464	985
4465	4465	966
4466	4466	977
4467	4467	981
4468	4468	975
4469	4469	978
4470	4470	982
4471	4471	970
4472	4472	979
4473	4473	983
4474	4474	980
4475	4475	979
4476	4476	967
4477	4477	975
4478	4478	992
4479	4479	981
4480	4480	975
4481	4481	979
4482	4482	986
4483	4483	992
4484	4484	986
4485	4485	973
4486	4486	984
4487	4487	981
4488	4488	983
4489	4489	980
4490	4490	986
4491	4491	989
4492	4492	991
4493	4493	975
4494	4494	994
4495	4495	979
4496	4496	976
4497	4497	980
4498	4498	989
4499	4499	984
4500	4500	971
4501	4501	983
4502	4502	973
4503	4503	985
4504	4504	992
4505	4505	979
4506	4506	988
4507	4507	987
4508	4508	978
4509	4509	986
4510	4510	980
4511	4511	976
4512	4512	974
4513	4513	986
4514	4514	986
4515	4515	975
4516	4516	979
4517	4517	986
4518	4518	989
4519	4519	984
4520	4520	990
4521	4521	994
4522	4522	975
4523	4523	970
4524	4524	971
4525	4525	968
4526	4526	997
4527	4527	984
4528	4528	992
4529	4529	981
4530	4530	975
4531	4531	969
4532	4532	977
4533	4533	980
4534	4534	974
4535	4535	980
4536	4536	995
4537	4537	985
4538	4538	968
4539	4539	970
4540	4540	975
4541	4541	973
4542	4542	985
4543	4543	985
