 	slice	peaks
1	200	8516
2	201	8538
3	202	8529
4	203	8532
5	204	8519
6	205	8514
7	206	8507
8	207	8510
9	208	8509
10	209	8506
11	210	8501
12	211	8490
13	212	8484
14	213	8480
15	214	8471
16	215	8470
17	216	8468
18	217	8450
19	218	8450
20	219	8448
21	220	8439
22	221	8433
23	222	8432
24	223	8419
25	224	8423
26	225	8415
27	226	8412
28	227	8406
29	228	8401
30	229	8395
31	230	8397
32	231	8388
33	232	8392
34	233	8389
35	234	8384
36	235	8380
37	236	8377
38	237	8378
39	238	8368
40	239	8363
41	240	8364
42	241	8351
43	242	8351
44	243	8336
45	244	8330
46	245	8333
47	246	8338
48	247	8325
49	248	8324
50	249	8317
51	250	8312
52	251	8314
53	252	8306
54	253	8300
55	254	8296
56	255	8294
57	256	8307
58	257	8288
59	258	8285
60	259	8278
61	260	8277
62	261	8274
63	262	8269
64	263	8269
65	264	8266
66	265	8266
67	266	8259
68	267	8254
69	268	8251
70	269	8241
71	270	8245
72	271	8237
73	272	8236
74	273	8223
75	274	8227
76	275	8224
77	276	8222
78	277	8218
79	278	8213
80	279	8208
81	280	8211
82	281	8209
83	282	8208
84	283	8206
85	284	8205
86	285	8205
87	286	8211
88	287	8199
89	288	8204
90	289	8201
91	290	8191
92	291	8197
93	292	8197
94	293	8197
95	294	8192
96	295	8184
97	296	8185
98	297	8189
99	298	8187
100	299	8172
101	300	8170
102	301	8171
103	302	8162
104	303	8175
105	304	8167
106	305	8165
107	306	8164
108	307	8158
109	308	8157
110	309	8148
111	310	8152
112	311	8153
113	312	8153
114	313	8145
115	314	8142
116	315	8136
117	316	8137
118	317	8140
119	318	8131
120	319	8133
121	320	8133
122	321	8127
123	322	8125
124	323	8122
125	324	8108
126	325	8111
127	326	8113
128	327	8117
129	328	8113
130	329	8101
131	330	8096
132	331	8097
133	332	8097
134	333	8099
135	334	8097
136	335	8095
137	336	8093
138	337	8099
139	338	8081
140	339	8086
141	340	8069
142	341	8071
143	342	8064
144	343	8061
145	344	8060
146	345	8065
147	346	8057
148	347	8056
149	348	8052
150	349	8047
151	350	8047
152	351	8045
153	352	8047
154	353	8049
155	354	8051
156	355	8046
157	356	8049
158	357	8037
159	358	8033
160	359	8039
161	360	8041
162	361	8030
163	362	8028
164	363	8029
165	364	8028
166	365	8029
167	366	8032
168	367	8023
169	368	8018
170	369	8006
171	370	8013
172	371	8007
173	372	8011
174	373	8011
175	374	8007
176	375	8005
177	376	7997
178	377	7998
179	378	8000
180	379	7998
181	380	7988
182	381	7988
183	382	7986
184	383	7995
185	384	7980
186	385	7984
187	386	7985
188	387	7980
189	388	7981
190	389	7971
191	390	7961
192	391	7970
193	392	7965
194	393	7969
195	394	7970
196	395	7969
197	396	7958
198	397	7958
199	398	7957
200	399	7949
201	400	7946
202	401	7944
203	402	7947
204	403	7947
205	404	7943
206	405	7941
207	406	7937
208	407	7929
209	408	7934
210	409	7931
211	410	7934
212	411	7927
213	412	7931
214	413	7928
215	414	7928
216	415	7929
217	416	7930
218	417	7924
219	418	7918
220	419	7919
221	420	7918
222	421	7922
223	422	7911
224	423	7913
225	424	7910
226	425	7906
227	426	7906
228	427	7907
229	428	7906
230	429	7907
231	430	7905
232	431	7904
233	432	7899
234	433	7902
235	434	7899
236	435	7905
237	436	7900
238	437	7887
239	438	7883
240	439	7885
241	440	7884
242	441	7878
243	442	7882
244	443	7882
245	444	7871
246	445	7873
247	446	7874
248	447	7866
249	448	7867
250	449	7876
251	450	7871
252	451	7867
253	452	7863
254	453	7862
255	454	7858
256	455	7863
257	456	7857
258	457	7853
259	458	7851
260	459	7850
261	460	7852
262	461	7851
263	462	7849
264	463	7844
265	464	7840
266	465	7841
267	466	7844
268	467	7832
269	468	7842
270	469	7847
271	470	7842
272	471	7837
273	472	7823
274	473	7825
275	474	7820
276	475	7818
277	476	7825
278	477	7816
279	478	7815
280	479	7819
281	480	7814
282	481	7812
283	482	7807
284	483	7806
285	484	7815
286	485	7807
287	486	7804
288	487	7803
289	488	7799
290	489	7803
291	490	7795
292	491	7791
293	492	7790
294	493	7783
295	494	7787
296	495	7787
297	496	7791
298	497	7785
299	498	7786
300	499	7783
301	500	7790
302	501	7784
303	502	7776
304	503	7780
305	504	7786
306	505	7768
307	506	7767
308	507	7768
309	508	7762
310	509	7763
311	510	7760
312	511	7765
313	512	7764
314	513	7762
315	514	7758
316	515	7763
317	516	7765
318	517	7745
319	518	7752
320	519	7742
321	520	7743
322	521	7744
323	522	7741
324	523	7739
325	524	7738
326	525	7742
327	526	7743
328	527	7734
329	528	7728
330	529	7735
331	530	7740
332	531	7732
333	532	7732
334	533	7735
335	534	7726
336	535	7719
337	536	7728
338	537	7718
339	538	7713
340	539	7716
341	540	7724
342	541	7720
343	542	7721
344	543	7721
345	544	7719
346	545	7719
347	546	7712
348	547	7714
349	548	7719
350	549	7715
351	550	7721
352	551	7708
353	552	7703
354	553	7699
355	554	7704
356	555	7697
357	556	7686
358	557	7703
359	558	7696
360	559	7683
361	560	7683
362	561	7685
363	562	7676
364	563	7681
365	564	7678
366	565	7663
367	566	7666
368	567	7668
369	568	7669
370	569	7670
371	570	7662
372	571	7663
373	572	7660
374	573	7656
375	574	7666
376	575	7664
377	576	7657
378	577	7651
379	578	7654
380	579	7660
381	580	7652
382	581	7659
383	582	7650
384	583	7648
385	584	7648
386	585	7642
387	586	7647
388	587	7642
389	588	7640
390	589	7639
391	590	7628
392	591	7635
393	592	7630
394	593	7633
395	594	7629
396	595	7630
397	596	7624
398	597	7633
399	598	7628
400	599	7627
401	600	7626
402	601	7616
403	602	7608
404	603	7618
405	604	7611
406	605	7610
407	606	7610
408	607	7597
409	608	7603
410	609	7604
411	610	7604
412	611	7601
413	612	7606
414	613	7594
415	614	7602
416	615	7597
417	616	7596
418	617	7589
419	618	7592
420	619	7593
421	620	7587
422	621	7586
423	622	7586
424	623	7583
425	624	7588
426	625	7589
427	626	7588
428	627	7576
429	628	7577
430	629	7582
431	630	7573
432	631	7568
433	632	7566
434	633	7574
435	634	7577
436	635	7579
437	636	7569
438	637	7573
439	638	7572
440	639	7569
441	640	7570
442	641	7569
443	642	7570
444	643	7572
445	644	7559
446	645	7557
447	646	7562
448	647	7562
449	648	7560
450	649	7558
451	650	7552
452	651	7546
453	652	7546
454	653	7551
455	654	7542
456	655	7541
457	656	7540
458	657	7542
459	658	7545
460	659	7538
461	660	7542
462	661	7537
463	662	7526
464	663	7535
465	664	7527
466	665	7519
467	666	7518
468	667	7527
469	668	7522
470	669	7531
471	670	7522
472	671	7524
473	672	7520
474	673	7518
475	674	7519
476	675	7512
477	676	7514
478	677	7513
479	678	7513
480	679	7517
481	680	7513
482	681	7502
483	682	7511
484	683	7505
485	684	7505
486	685	7507
487	686	7504
488	687	7503
489	688	7505
490	689	7493
491	690	7498
492	691	7498
493	692	7499
494	693	7490
495	694	7489
496	695	7490
497	696	7490
498	697	7484
499	698	7476
500	699	7472
501	700	7473
502	701	7473
503	702	7476
504	703	7471
505	704	7470
506	705	7468
507	706	7470
508	707	7463
509	708	7463
510	709	7459
511	710	7460
512	711	7467
513	712	7461
514	713	7466
515	714	7458
516	715	7461
517	716	7457
518	717	7461
519	718	7450
520	719	7457
521	720	7450
522	721	7453
523	722	7450
524	723	7443
525	724	7440
526	725	7435
527	726	7433
528	727	7442
529	728	7432
530	729	7436
531	730	7435
532	731	7435
533	732	7423
534	733	7420
535	734	7424
536	735	7430
537	736	7435
538	737	7428
539	738	7417
540	739	7426
541	740	7426
542	741	7423
543	742	7419
544	743	7413
545	744	7413
546	745	7409
547	746	7409
548	747	7408
549	748	7409
550	749	7410
551	750	7407
552	751	7402
553	752	7404
554	753	7402
555	754	7404
556	755	7406
557	756	7399
558	757	7400
559	758	7405
560	759	7399
561	760	7392
562	761	7395
563	762	7395
564	763	7393
565	764	7402
566	765	7393
567	766	7396
568	767	7392
569	768	7390
570	769	7394
571	770	7389
572	771	7385
573	772	7383
574	773	7376
575	774	7376
576	775	7377
577	776	7372
578	777	7368
579	778	7375
580	779	7373
581	780	7362
582	781	7364
583	782	7362
584	783	7360
585	784	7361
586	785	7352
587	786	7356
588	787	7354
589	788	7369
590	789	7360
591	790	7361
592	791	7354
593	792	7352
594	793	7357
595	794	7357
596	795	7349
597	796	7341
598	797	7347
599	798	7352
600	799	7350
601	800	7347
602	801	7344
603	802	7344
604	803	7342
605	804	7343
606	805	7343
607	806	7348
608	807	7341
609	808	7340
610	809	7333
611	810	7335
612	811	7326
613	812	7332
614	813	7329
615	814	7336
616	815	7334
617	816	7331
618	817	7324
619	818	7324
620	819	7328
621	820	7331
622	821	7325
623	822	7325
624	823	7321
625	824	7318
626	825	7321
627	826	7323
628	827	7327
629	828	7331
630	829	7321
631	830	7314
632	831	7313
633	832	7317
634	833	7314
635	834	7318
636	835	7313
637	836	7306
638	837	7307
639	838	7312
640	839	7306
641	840	7309
642	841	7301
643	842	7299
644	843	7296
645	844	7308
646	845	7304
647	846	7293
648	847	7289
649	848	7293
650	849	7298
651	850	7297
652	851	7293
653	852	7289
654	853	7296
655	854	7290
656	855	7282
657	856	7290
658	857	7294
659	858	7284
660	859	7283
661	860	7284
662	861	7297
663	862	7292
664	863	7286
665	864	7283
666	865	7286
667	866	7282
668	867	7279
669	868	7280
670	869	7278
671	870	7275
672	871	7275
673	872	7279
674	873	7278
675	874	7278
676	875	7276
677	876	7269
678	877	7268
679	878	7269
680	879	7275
681	880	7278
682	881	7269
683	882	7308
684	883	7270
685	884	7270
686	885	7269
687	886	7260
688	887	7308
689	888	7262
690	889	7262
691	890	7262
692	891	7265
693	892	7258
694	893	7259
695	894	7255
696	895	7256
697	896	7248
698	897	7299
699	898	7248
700	899	7247
701	900	7251
702	901	7247
703	902	7252
704	903	7249
705	904	7245
706	905	7246
707	906	7239
708	907	7246
709	908	7245
710	909	7244
711	910	7240
712	911	7232
713	912	7242
714	913	7228
715	914	7242
716	915	7228
717	916	7226
718	917	7226
719	918	7221
720	919	7230
721	920	7227
722	921	7222
723	922	7259
724	923	7255
725	924	7213
726	925	7214
727	926	7220
728	927	7214
729	928	7251
730	929	7216
731	930	7217
732	931	7217
733	932	7252
734	933	7253
735	934	7204
736	935	7204
737	936	7205
738	937	7261
739	938	7248
740	939	7208
741	940	7201
742	941	7197
743	942	7235
744	943	7232
745	944	7188
746	945	7193
747	946	7190
748	947	7182
749	948	7185
750	949	7182
751	950	7184
752	951	7188
753	952	7177
754	953	7181
755	954	7180
756	955	7171
757	956	7172
758	957	7181
759	958	7177
760	959	7174
761	960	7164
762	961	7165
763	962	7162
764	963	7163
765	964	7166
766	965	7167
767	966	7166
768	967	7204
769	968	7207
770	969	7212
771	970	7205
772	971	7212
773	972	7206
774	973	7195
775	974	7200
776	975	7206
777	976	7200
778	977	7190
779	978	7186
780	979	7186
781	980	7193
782	981	7194
783	982	7188
784	983	7186
785	984	7189
786	985	7187
787	986	7187
788	987	7182
789	988	7190
790	989	7187
791	990	7180
792	991	7179
793	992	7179
794	993	7184
795	994	7187
796	995	7183
797	996	7186
798	997	7175
799	998	7180
800	999	7166
801	1000	7168
802	1001	7172
803	1002	7173
804	1003	7168
805	1004	7170
806	1005	7178
807	1006	7171
808	1007	7128
809	1008	7128
810	1009	7170
811	1010	7174
812	1011	7163
813	1012	7168
814	1013	7166
815	1014	7158
816	1015	7167
817	1016	7164
818	1017	7157
819	1018	7158
820	1019	7151
821	1020	7149
822	1021	7152
823	1022	7151
824	1023	7142
825	1024	7142
826	1025	7139
827	1026	7144
828	1027	7138
829	1028	7140
830	1029	7126
831	1030	7127
832	1031	7131
833	1032	7125
834	1033	7134
835	1034	7117
836	1035	7122
837	1036	7115
838	1037	7117
839	1038	7119
840	1039	7120
841	1040	7122
842	1041	7108
843	1042	7111
844	1043	7110
845	1044	7115
846	1045	7112
847	1046	7104
848	1047	7104
849	1048	7113
850	1049	7100
851	1050	7108
852	1051	7113
853	1052	7109
854	1053	7107
855	1054	7100
856	1055	7111
857	1056	7103
858	1057	7108
859	1058	7106
860	1059	7104
861	1060	7107
862	1061	7108
863	1062	7104
864	1063	7101
865	1064	7099
866	1065	7098
867	1066	7092
868	1067	7100
869	1068	7103
870	1069	7102
871	1070	7093
872	1071	7089
873	1072	7087
874	1073	7088
875	1074	7086
876	1075	7083
877	1076	7081
878	1077	7079
879	1078	7088
880	1079	7089
881	1080	7085
882	1081	7091
883	1082	7087
884	1083	7089
885	1084	7088
886	1085	7091
887	1086	7086
888	1087	7091
889	1088	7092
890	1089	7095
891	1090	7092
892	1091	7082
893	1092	7087
894	1093	7079
895	1094	7086
896	1095	7090
897	1096	7079
898	1097	7080
899	1098	7086
900	1099	7084
901	1100	7075
902	1101	7079
903	1102	7067
904	1103	7080
905	1104	7077
906	1105	7074
907	1106	7067
908	1107	7066
909	1108	7065
910	1109	7068
911	1110	7060
912	1111	7056
913	1112	7059
914	1113	7055
915	1114	7060
916	1115	7056
917	1116	7049
918	1117	7053
919	1118	7059
920	1119	7055
921	1120	7055
922	1121	7047
923	1122	7048
924	1123	7052
925	1124	7049
926	1125	7038
927	1126	7043
928	1127	7042
929	1128	7043
930	1129	7049
931	1130	7046
932	1131	7049
933	1132	7052
934	1133	7051
935	1134	7042
936	1135	7042
937	1136	7037
938	1137	7040
939	1138	7036
940	1139	7032
941	1140	7032
942	1141	7042
943	1142	7029
944	1143	7026
945	1144	7033
946	1145	7030
947	1146	7026
948	1147	7035
949	1148	7029
950	1149	7025
951	1150	7019
952	1151	7024
953	1152	7029
954	1153	7025
955	1154	7025
956	1155	7017
957	1156	7015
958	1157	7022
959	1158	7026
960	1159	7023
961	1160	7010
962	1161	7011
963	1162	7013
964	1163	7015
965	1164	7022
966	1165	7011
967	1166	7007
968	1167	7007
969	1168	7022
970	1169	7010
971	1170	7008
972	1171	7009
973	1172	7014
974	1173	7015
975	1174	7005
976	1175	7000
977	1176	7008
978	1177	6999
979	1178	7006
980	1179	7001
981	1180	7001
982	1181	6999
983	1182	6998
984	1183	7000
985	1184	6992
986	1185	6994
987	1186	6996
988	1187	6996
989	1188	6988
990	1189	6984
991	1190	6988
992	1191	6977
993	1192	6977
994	1193	6974
995	1194	6986
996	1195	6982
997	1196	6979
998	1197	6976
999	1198	6975
1000	1199	6970
1001	1200	6969
1002	1201	6962
1003	1202	6962
1004	1203	6963
1005	1204	6969
1006	1205	6973
1007	1206	6968
1008	1207	6961
1009	1208	6964
1010	1209	6971
1011	1210	6963
1012	1211	6959
1013	1212	6955
1014	1213	6957
1015	1214	6954
1016	1215	6957
1017	1216	6957
1018	1217	6944
1019	1218	6951
1020	1219	6947
1021	1220	6957
1022	1221	6954
1023	1222	6955
1024	1223	6955
1025	1224	6953
1026	1225	6956
1027	1226	6954
1028	1227	6952
1029	1228	6946
1030	1229	6954
1031	1230	6947
1032	1231	6946
1033	1232	6949
1034	1233	6943
1035	1234	6950
1036	1235	6942
1037	1236	6939
1038	1237	6933
1039	1238	6937
1040	1239	6940
1041	1240	6936
1042	1241	6934
1043	1242	6930
1044	1243	6932
1045	1244	6928
1046	1245	6923
1047	1246	6923
1048	1247	6921
1049	1248	6929
1050	1249	6912
1051	1250	6923
1052	1251	6924
1053	1252	6919
1054	1253	6926
1055	1254	6931
1056	1255	6914
1057	1256	6913
1058	1257	6914
1059	1258	6899
1060	1259	6909
1061	1260	6909
1062	1261	6900
1063	1262	6900
1064	1263	6903
1065	1264	6904
1066	1265	6898
1067	1266	6890
1068	1267	6888
1069	1268	6886
1070	1269	6883
1071	1270	6885
1072	1271	6880
1073	1272	6868
1074	1273	6871
1075	1274	6868
1076	1275	6870
1077	1276	6865
1078	1277	6870
1079	1278	6871
1080	1279	6868
1081	1280	6875
1082	1281	6868
1083	1282	6857
1084	1283	6852
1085	1284	6857
1086	1285	6852
1087	1286	6856
1088	1287	6846
1089	1288	6847
1090	1289	6842
1091	1290	6848
1092	1291	6841
1093	1292	6835
1094	1293	6840
1095	1294	6839
1096	1295	6841
1097	1296	6837
1098	1297	6831
1099	1298	6831
1100	1299	6836
1101	1300	6824
1102	1301	6824
1103	1302	6817
1104	1303	6814
1105	1304	6817
1106	1305	6823
1107	1306	6813
1108	1307	6810
1109	1308	6801
1110	1309	6811
1111	1310	6802
1112	1311	6796
1113	1312	6799
1114	1313	6796
1115	1314	6788
1116	1315	6794
1117	1316	6794
1118	1317	6801
1119	1318	6807
1120	1319	6799
1121	1320	6795
1122	1321	6786
1123	1322	6783
1124	1323	6774
1125	1324	6779
1126	1325	6783
1127	1326	6777
1128	1327	6771
1129	1328	6786
1130	1329	6772
1131	1330	6764
1132	1331	6769
1133	1332	6764
1134	1333	6759
1135	1334	6749
1136	1335	6753
1137	1336	6745
1138	1337	6747
1139	1338	6739
1140	1339	6739
1141	1340	6742
1142	1341	6738
1143	1342	6733
1144	1343	6731
1145	1344	6736
1146	1345	6732
1147	1346	6721
1148	1347	6721
1149	1348	6721
1150	1349	6716
1151	1350	6718
1152	1351	6721
1153	1352	6708
1154	1353	6710
1155	1354	6700
1156	1355	6702
1157	1356	6704
1158	1357	6699
1159	1358	6696
1160	1359	6697
1161	1360	6694
1162	1361	6684
1163	1362	6681
1164	1363	6669
1165	1364	6670
1166	1365	6667
1167	1366	6665
1168	1367	6656
1169	1368	6659
1170	1369	6658
1171	1370	6655
1172	1371	6649
1173	1372	6641
1174	1373	6638
1175	1374	6635
1176	1375	6631
1177	1376	6624
1178	1377	6633
1179	1378	6627
1180	1379	6623
1181	1380	6616
1182	1381	6618
1183	1382	6616
1184	1383	6610
1185	1384	6618
1186	1385	6616
1187	1386	6613
1188	1387	6593
1189	1388	6595
1190	1389	6590
1191	1390	6586
1192	1391	6580
1193	1392	6575
1194	1393	6579
1195	1394	6578
1196	1395	6584
1197	1396	6571
1198	1397	6565
1199	1398	6554
1200	1399	6562
1201	1400	6552
1202	1401	6556
1203	1402	6549
1204	1403	6545
1205	1404	6541
1206	1405	6536
1207	1406	6532
1208	1407	6528
1209	1408	6527
1210	1409	6525
1211	1410	6528
1212	1411	6534
1213	1412	6532
1214	1413	6535
1215	1414	6521
1216	1415	6513
1217	1416	6507
1218	1417	6496
1219	1418	6499
1220	1419	6494
1221	1420	6487
1222	1421	6483
1223	1422	6483
1224	1423	6479
1225	1424	6477
1226	1425	6470
1227	1426	6459
1228	1427	6458
1229	1428	6466
1230	1429	6448
1231	1430	6451
1232	1431	6450
1233	1432	6435
1234	1433	6440
1235	1434	6439
1236	1435	6425
1237	1436	6428
1238	1437	6427
1239	1438	6423
1240	1439	6421
1241	1440	6427
1242	1441	6417
1243	1442	6393
1244	1443	6397
1245	1444	6413
1246	1445	6390
1247	1446	6411
1248	1447	6397
1249	1448	6380
1250	1449	6399
1251	1450	6380
1252	1451	6382
1253	1452	6378
1254	1453	6368
1255	1454	6367
1256	1455	6364
1257	1456	6359
1258	1457	6357
1259	1458	6333
1260	1459	6350
1261	1460	6337
1262	1461	6331
1263	1462	6346
1264	1463	6308
1265	1464	6319
1266	1465	6318
1267	1466	6302
1268	1467	6303
1269	1468	6292
1270	1469	6290
1271	1470	6285
1272	1471	6278
1273	1472	6295
1274	1473	6267
1275	1474	6271
1276	1475	6267
1277	1476	6246
1278	1477	6242
1279	1478	6239
1280	1479	6232
1281	1480	6228
1282	1481	6229
1283	1482	6218
1284	1483	6215
1285	1484	6203
1286	1485	6210
1287	1486	6206
1288	1487	6189
1289	1488	6186
1290	1489	6186
1291	1490	6182
1292	1491	6163
1293	1492	6157
1294	1493	6150
1295	1494	6147
1296	1495	6140
1297	1496	6127
1298	1497	6123
1299	1498	6121
1300	1499	6116
1301	1500	6112
1302	1501	6105
1303	1502	6101
1304	1503	6095
1305	1504	6094
1306	1505	6076
1307	1506	6074
1308	1507	6083
1309	1508	6069
1310	1509	6070
1311	1510	6055
1312	1511	6060
1313	1512	6053
1314	1513	6041
1315	1514	6041
1316	1515	6045
1317	1516	6042
1318	1517	6025
1319	1518	6019
1320	1519	6018
1321	1520	6010
1322	1521	6016
1323	1522	5999
1324	1523	6003
1325	1524	5997
1326	1525	5996
1327	1526	5983
1328	1527	5974
1329	1528	5970
1330	1529	5975
1331	1530	5967
1332	1531	5962
1333	1532	5948
1334	1533	5950
1335	1534	5950
1336	1535	5941
1337	1536	5939
1338	1537	5926
1339	1538	5923
1340	1539	5924
1341	1540	5917
1342	1541	5912
1343	1542	5912
1344	1543	5912
1345	1544	5903
1346	1545	5904
1347	1546	5892
1348	1547	5896
1349	1548	5890
1350	1549	5883
1351	1550	5885
1352	1551	5874
1353	1552	5873
1354	1553	5859
1355	1554	5858
1356	1555	5853
1357	1556	5849
1358	1557	5845
1359	1558	5833
1360	1559	5829
1361	1560	5830
1362	1561	5813
1363	1562	5818
1364	1563	5818
1365	1564	5801
1366	1565	5797
1367	1566	5795
1368	1567	5785
1369	1568	5793
1370	1569	5783
1371	1570	5775
1372	1571	5765
1373	1572	5770
1374	1573	5769
1375	1574	5761
1376	1575	5762
1377	1576	5760
1378	1577	5806
1379	1578	5796
1380	1579	5742
1381	1580	5744
1382	1581	5789
1383	1582	5788
1384	1583	5722
1385	1584	5729
1386	1585	5721
1387	1586	5726
1388	1587	5718
1389	1588	5706
1390	1589	5707
1391	1590	5701
1392	1591	5691
1393	1592	5684
1394	1593	5684
1395	1594	5679
1396	1595	5679
1397	1596	5677
1398	1597	5663
1399	1598	5735
1400	1599	5668
1401	1600	5659
1402	1601	5656
1403	1602	5651
1404	1603	5645
1405	1604	5644
1406	1605	5701
1407	1606	5692
1408	1607	5690
1409	1608	5667
1410	1609	5670
1411	1610	5660
1412	1611	5663
1413	1612	5652
1414	1613	5648
1415	1614	5644
1416	1615	5645
1417	1616	5638
1418	1617	5616
1419	1618	5616
1420	1619	5620
1421	1620	5609
1422	1621	5599
1423	1622	5588
1424	1623	5591
1425	1624	5585
1426	1625	5577
1427	1626	5559
1428	1627	5555
1429	1628	5560
1430	1629	5554
1431	1630	5554
1432	1631	5551
1433	1632	5552
1434	1633	5545
1435	1634	5533
1436	1635	5530
1437	1636	5516
1438	1637	5516
1439	1638	5514
1440	1639	5515
1441	1640	5509
1442	1641	5499
1443	1642	5491
1444	1643	5479
1445	1644	5478
1446	1645	5478
1447	1646	5472
1448	1647	5464
1449	1648	5464
1450	1649	5448
1451	1650	5449
1452	1651	5449
1453	1652	5431
1454	1653	5427
1455	1654	5422
1456	1655	5419
1457	1656	5401
1458	1657	5400
1459	1658	5399
1460	1659	5398
1461	1660	5384
1462	1661	5393
1463	1662	5380
1464	1663	5373
1465	1664	5365
1466	1665	5366
1467	1666	5362
1468	1667	5348
1469	1668	5355
1470	1669	5347
1471	1670	5342
1472	1671	5338
1473	1672	5325
1474	1673	5331
1475	1674	5327
1476	1675	5320
1477	1676	5309
1478	1677	5299
1479	1678	5293
1480	1679	5288
1481	1680	5296
1482	1681	5283
1483	1682	5299
1484	1683	5281
1485	1684	5277
1486	1685	5275
1487	1686	5264
1488	1687	5257
1489	1688	5262
1490	1689	5254
1491	1690	5238
1492	1691	5234
1493	1692	5235
1494	1693	5220
1495	1694	5233
1496	1695	5225
1497	1696	5219
1498	1697	5222
1499	1698	5200
1500	1699	5204
1501	1700	5195
1502	1701	5192
1503	1702	5185
1504	1703	5177
1505	1704	5175
1506	1705	5177
1507	1706	5170
1508	1707	5177
1509	1708	5150
1510	1709	5150
1511	1710	5138
1512	1711	5134
1513	1712	5147
1514	1713	5143
1515	1714	5133
1516	1715	5112
1517	1716	5107
1518	1717	5112
1519	1718	5116
1520	1719	5102
1521	1720	5098
1522	1721	5090
1523	1722	5090
1524	1723	5082
1525	1724	5075
1526	1725	5063
1527	1726	5063
1528	1727	5066
1529	1728	5059
1530	1729	5058
1531	1730	5051
1532	1731	5058
1533	1732	5050
1534	1733	5044
1535	1734	5032
1536	1735	5026
1537	1736	5022
1538	1737	5014
1539	1738	5010
1540	1739	5008
1541	1740	5013
1542	1741	5012
1543	1742	5001
1544	1743	4983
1545	1744	4977
1546	1745	4981
1547	1746	4974
1548	1747	4972
1549	1748	4971
1550	1749	4969
1551	1750	4965
1552	1751	4964
1553	1752	4953
1554	1753	4948
1555	1754	4939
1556	1755	4936
1557	1756	4941
1558	1757	4928
1559	1758	4916
1560	1759	4921
1561	1760	4901
1562	1761	4900
1563	1762	4898
1564	1763	4900
1565	1764	4886
1566	1765	4888
1567	1766	4891
1568	1767	4883
1569	1768	4872
1570	1769	4876
1571	1770	4867
1572	1771	4867
1573	1772	4855
1574	1773	4862
1575	1774	4851
1576	1775	4858
1577	1776	4865
1578	1777	4849
1579	1778	4845
1580	1779	4845
1581	1780	4833
1582	1781	4839
1583	1782	4828
1584	1783	4820
1585	1784	4819
1586	1785	4813
1587	1786	4808
1588	1787	4813
1589	1788	4809
1590	1789	4808
1591	1790	4795
1592	1791	4792
1593	1792	4798
1594	1793	4800
1595	1794	4793
1596	1795	4783
1597	1796	4785
1598	1797	4766
1599	1798	4764
1600	1799	4758
1601	1800	4770
1602	1801	4757
1603	1802	4748
1604	1803	4750
1605	1804	4731
1606	1805	4739
1607	1806	4730
1608	1807	4716
1609	1808	4724
1610	1809	4716
1611	1810	4720
1612	1811	4716
1613	1812	4713
1614	1813	4712
1615	1814	4722
1616	1815	4704
1617	1816	4705
1618	1817	4690
1619	1818	4677
1620	1819	4682
1621	1820	4685
1622	1821	4677
1623	1822	4670
1624	1823	4680
1625	1824	4658
1626	1825	4660
1627	1826	4657
1628	1827	4647
1629	1828	4632
1630	1829	4638
1631	1830	4635
1632	1831	4635
1633	1832	4618
1634	1833	4622
1635	1834	4619
1636	1835	4608
1637	1836	4612
1638	1837	4616
1639	1838	4602
1640	1839	4602
1641	1840	4596
1642	1841	4598
1643	1842	4595
1644	1843	4572
1645	1844	4577
1646	1845	4574
1647	1846	4568
1648	1847	4569
1649	1848	4563
1650	1849	4559
1651	1850	4552
1652	1851	4550
1653	1852	4549
1654	1853	4545
1655	1854	4533
1656	1855	4532
1657	1856	4529
1658	1857	4532
1659	1858	4527
1660	1859	4525
1661	1860	4503
1662	1861	4500
1663	1862	4506
1664	1863	4505
1665	1864	4493
1666	1865	4497
1667	1866	4496
1668	1867	4486
1669	1868	4483
1670	1869	4476
1671	1870	4473
1672	1871	4480
1673	1872	4475
1674	1873	4477
1675	1874	4478
1676	1875	4469
1677	1876	4473
1678	1877	4468
1679	1878	4458
1680	1879	4459
1681	1880	4449
1682	1881	4432
1683	1882	4441
1684	1883	4431
1685	1884	4426
1686	1885	4429
1687	1886	4422
1688	1887	4416
1689	1888	4413
1690	1889	4403
1691	1890	4405
1692	1891	4401
1693	1892	4388
1694	1893	4389
1695	1894	4390
1696	1895	4376
1697	1896	4366
1698	1897	4367
1699	1898	4371
1700	1899	4367
1701	1900	4357
1702	1901	4357
1703	1902	4346
1704	1903	4352
1705	1904	4346
1706	1905	4335
1707	1906	4326
1708	1907	4324
1709	1908	4331
1710	1909	4320
1711	1910	4308
1712	1911	4294
1713	1912	4295
1714	1913	4295
1715	1914	4286
1716	1915	4280
1717	1916	4287
1718	1917	4279
1719	1918	4278
1720	1919	4277
1721	1920	4269
1722	1921	4268
1723	1922	4267
1724	1923	4256
1725	1924	4260
1726	1925	4255
1727	1926	4250
1728	1927	4246
1729	1928	4241
1730	1929	4227
1731	1930	4224
1732	1931	4220
1733	1932	4219
1734	1933	4211
1735	1934	4215
1736	1935	4214
1737	1936	4211
1738	1937	4206
1739	1938	4205
1740	1939	4192
1741	1940	4196
1742	1941	4283
1743	1942	4279
1744	1943	4291
1745	1944	4192
1746	1945	4187
1747	1946	4184
1748	1947	4265
1749	1948	4270
1750	1949	4265
1751	1950	4265
1752	1951	4275
1753	1952	4271
1754	1953	4258
1755	1954	4250
1756	1955	4255
1757	1956	4251
1758	1957	4250
1759	1958	4231
1760	1959	4233
1761	1960	4231
1762	1961	4230
1763	1962	4232
1764	1963	4238
1765	1964	4229
1766	1965	4231
1767	1966	4227
1768	1967	4238
1769	1968	4230
1770	1969	4222
1771	1970	4225
1772	1971	4221
1773	1972	4215
1774	1973	4213
1775	1974	4209
1776	1975	4207
1777	1976	4197
1778	1977	4187
1779	1978	4195
1780	1979	4191
1781	1980	4182
1782	1981	4184
1783	1982	4179
1784	1983	4166
1785	1984	4178
1786	1985	4175
1787	1986	4179
1788	1987	4175
1789	1988	4166
1790	1989	4169
1791	1990	4151
1792	1991	4163
1793	1992	4152
1794	1993	4139
1795	1994	4143
1796	1995	4143
1797	1996	4146
1798	1997	4153
1799	1998	4142
1800	1999	4135
1801	2000	4131
1802	2001	4126
1803	2002	4125
1804	2003	4114
1805	2004	4116
1806	2005	4120
1807	2006	4108
1808	2007	4102
1809	2008	4098
1810	2009	4100
1811	2010	4101
1812	2011	4097
1813	2012	4106
1814	2013	4090
1815	2014	4093
1816	2015	4095
1817	2016	4082
1818	2017	4081
1819	2018	4080
1820	2019	4078
1821	2020	4071
1822	2021	4063
1823	2022	4065
1824	2023	4054
1825	2024	4057
1826	2025	4053
1827	2026	4054
1828	2027	4055
1829	2028	4051
1830	2029	4041
1831	2030	4049
1832	2031	4035
1833	2032	4039
1834	2033	4020
1835	2034	4017
1836	2035	4012
1837	2036	4009
1838	2037	4007
1839	2038	4004
1840	2039	4010
1841	2040	4021
1842	2041	4007
1843	2042	4002
1844	2043	3985
1845	2044	3977
1846	2045	3987
1847	2046	3984
1848	2047	3989
1849	2048	3978
1850	2049	3971
1851	2050	3978
1852	2051	3973
1853	2052	3970
1854	2053	3966
1855	2054	3967
1856	2055	3971
1857	2056	3966
1858	2057	3967
1859	2058	3956
1860	2059	3955
1861	2060	3960
1862	2061	3955
1863	2062	3951
1864	2063	3946
1865	2064	3942
1866	2065	3946
1867	2066	3927
1868	2067	3936
1869	2068	3927
1870	2069	3927
1871	2070	3924
1872	2071	3912
1873	2072	3913
1874	2073	3918
1875	2074	3907
1876	2075	3909
1877	2076	3900
1878	2077	3915
1879	2078	3888
1880	2079	3888
1881	2080	3901
1882	2081	3897
1883	2082	3886
1884	2083	3884
1885	2084	3874
1886	2085	3880
1887	2086	3887
1888	2087	3869
1889	2088	3881
1890	2089	3869
1891	2090	3871
1892	2091	3864
1893	2092	3874
1894	2093	3853
1895	2094	3852
1896	2095	3843
1897	2096	3837
1898	2097	3844
1899	2098	3842
1900	2099	3825
1901	2100	3853
1902	2101	3835
1903	2102	3825
1904	2103	3825
1905	2104	3831
1906	2105	3814
1907	2106	3812
1908	2107	3812
1909	2108	3809
1910	2109	3804
1911	2110	3805
1912	2111	3793
1913	2112	3799
1914	2113	3796
1915	2114	3789
1916	2115	3790
1917	2116	3791
1918	2117	3779
1919	2118	3779
1920	2119	3771
1921	2120	3773
1922	2121	3771
1923	2122	3772
1924	2123	3759
1925	2124	3762
1926	2125	3742
1927	2126	3748
1928	2127	3740
1929	2128	3739
1930	2129	3750
1931	2130	3743
1932	2131	3739
1933	2132	3741
1934	2133	3727
1935	2134	3726
1936	2135	3722
1937	2136	3716
1938	2137	3715
1939	2138	3724
1940	2139	3707
1941	2140	3700
1942	2141	3685
1943	2142	3702
1944	2143	3707
1945	2144	3695
1946	2145	3697
1947	2146	3701
1948	2147	3700
1949	2148	3688
1950	2149	3688
1951	2150	3683
1952	2151	3683
1953	2152	3682
1954	2153	3676
1955	2154	3678
1956	2155	3673
1957	2156	3672
1958	2157	3684
1959	2158	3677
1960	2159	3674
1961	2160	3665
1962	2161	3659
1963	2162	3650
1964	2163	3660
1965	2164	3654
1966	2165	3656
1967	2166	3645
1968	2167	3641
1969	2168	3650
1970	2169	3640
1971	2170	3642
1972	2171	3615
1973	2172	3629
1974	2173	3635
1975	2174	3627
1976	2175	3624
1977	2176	3616
1978	2177	3608
1979	2178	3616
1980	2179	3606
1981	2180	3614
1982	2181	3607
1983	2182	3600
1984	2183	3610
1985	2184	3612
1986	2185	3612
1987	2186	3599
1988	2187	3588
1989	2188	3600
1990	2189	3593
1991	2190	3615
1992	2191	3588
1993	2192	3577
1994	2193	3582
1995	2194	3587
1996	2195	3595
1997	2196	3582
1998	2197	3591
1999	2198	3588
2000	2199	3589
2001	2200	3588
2002	2201	3589
2003	2202	3590
2004	2203	3570
2005	2204	3577
2006	2205	3569
2007	2206	3566
2008	2207	3572
2009	2208	3572
2010	2209	3565
2011	2210	3550
2012	2211	3555
2013	2212	3569
2014	2213	3555
2015	2214	3562
2016	2215	3563
2017	2216	3549
2018	2217	3552
2019	2218	3552
2020	2219	3551
2021	2220	3545
2022	2221	3528
2023	2222	3533
2024	2223	3535
2025	2224	3537
2026	2225	3529
2027	2226	3527
2028	2227	3530
2029	2228	3528
2030	2229	3533
2031	2230	3525
2032	2231	3528
2033	2232	3511
2034	2233	3514
2035	2234	3522
2036	2235	3520
2037	2236	3522
2038	2237	3511
2039	2238	3507
2040	2239	3514
2041	2240	3522
2042	2241	3505
2043	2242	3501
2044	2243	3502
2045	2244	3498
2046	2245	3498
2047	2246	3507
2048	2247	3493
2049	2248	3497
2050	2249	3498
2051	2250	3486
2052	2251	3483
2053	2252	3474
2054	2253	3480
2055	2254	3472
2056	2255	3470
2057	2256	3469
2058	2257	3476
2059	2258	3482
2060	2259	3468
2061	2260	3475
2062	2261	3457
2063	2262	3454
2064	2263	3455
2065	2264	3455
2066	2265	3457
2067	2266	3462
2068	2267	3443
2069	2268	3440
2070	2269	3435
2071	2270	3441
2072	2271	3454
2073	2272	3441
2074	2273	3440
2075	2274	3438
2076	2275	3434
2077	2276	3439
2078	2277	3435
2079	2278	3430
2080	2279	3430
2081	2280	3430
2082	2281	3435
2083	2282	3431
2084	2283	3433
2085	2284	3430
2086	2285	3420
2087	2286	3437
2088	2287	3429
2089	2288	3438
2090	2289	3416
2091	2290	3418
2092	2291	3430
2093	2292	3422
2094	2293	3414
2095	2294	3404
2096	2295	3410
2097	2296	3410
2098	2297	3405
2099	2298	3406
2100	2299	3403
2101	2300	3407
2102	2301	3408
2103	2302	3404
2104	2303	3392
2105	2304	3399
2106	2305	3398
2107	2306	3400
2108	2307	3397
2109	2308	3402
2110	2309	3380
2111	2310	3373
2112	2311	3385
2113	2312	3385
2114	2313	3375
2115	2314	3378
2116	2315	3382
2117	2316	3371
2118	2317	3369
2119	2318	3365
2120	2319	3377
2121	2320	3375
2122	2321	3368
2123	2322	3369
2124	2323	3366
2125	2324	3365
2126	2325	3364
2127	2326	3365
2128	2327	3372
2129	2328	3367
2130	2329	3369
2131	2330	3363
2132	2331	3356
2133	2332	3367
2134	2333	3370
2135	2334	3374
2136	2335	3371
2137	2336	3366
2138	2337	3374
2139	2338	3358
2140	2339	3360
2141	2340	3365
2142	2341	3364
2143	2342	3352
2144	2343	3365
2145	2344	3367
2146	2345	3365
2147	2346	3359
2148	2347	3366
2149	2348	3352
2150	2349	3373
2151	2350	3368
2152	2351	3345
2153	2352	3334
2154	2353	3340
2155	2354	3341
2156	2355	3321
2157	2356	3327
2158	2357	3344
2159	2358	3324
2160	2359	3307
2161	2360	3324
2162	2361	3325
2163	2362	3318
2164	2363	3314
2165	2364	3308
2166	2365	3310
2167	2366	3299
2168	2367	3308
2169	2368	3313
2170	2369	3303
2171	2370	3302
2172	2371	3304
2173	2372	3312
2174	2373	3303
2175	2374	3304
2176	2375	3298
2177	2376	3295
2178	2377	3303
2179	2378	3301
2180	2379	3296
2181	2380	3302
2182	2381	3298
2183	2382	3304
2184	2383	3300
2185	2384	3305
2186	2385	3301
2187	2386	3297
2188	2387	3300
2189	2388	3299
2190	2389	3304
2191	2390	3298
2192	2391	3297
2193	2392	3286
2194	2393	3286
2195	2394	3296
2196	2395	3300
2197	2396	3292
2198	2397	3282
2199	2398	3275
2200	2399	3275
2201	2400	3297
2202	2401	3281
2203	2402	3287
2204	2403	3301
2205	2404	3277
2206	2405	3282
2207	2406	3288
2208	2407	3275
2209	2408	3272
2210	2409	3259
2211	2410	3257
2212	2411	3265
2213	2412	3277
2214	2413	3268
2215	2414	3251
2216	2415	3254
2217	2416	3258
2218	2417	3252
2219	2418	3251
2220	2419	3262
2221	2420	3254
2222	2421	3246
2223	2422	3237
2224	2423	3249
2225	2424	3243
2226	2425	3239
2227	2426	3241
2228	2427	3235
2229	2428	3233
2230	2429	3242
2231	2430	3229
2232	2431	3231
2233	2432	3240
2234	2433	3231
2235	2434	3226
2236	2435	3239
2237	2436	3238
2238	2437	3237
2239	2438	3226
2240	2439	3226
2241	2440	3211
2242	2441	3220
2243	2442	3221
2244	2443	3224
2245	2444	3205
2246	2445	3207
2247	2446	3206
2248	2447	3207
2249	2448	3196
2250	2449	3207
2251	2450	3202
2252	2451	3198
2253	2452	3200
2254	2453	3195
2255	2454	3187
2256	2455	3190
2257	2456	3182
2258	2457	3197
2259	2458	3199
2260	2459	3174
2261	2460	3184
2262	2461	3189
2263	2462	3194
2264	2463	3172
2265	2464	3173
2266	2465	3174
2267	2466	3172
2268	2467	3166
2269	2468	3173
2270	2469	3163
2271	2470	3176
2272	2471	3166
2273	2472	3169
2274	2473	3176
2275	2474	3192
2276	2475	3172
2277	2476	3161
2278	2477	3178
2279	2478	3175
2280	2479	3160
2281	2480	3154
2282	2481	3158
2283	2482	3154
2284	2483	3156
2285	2484	3159
2286	2485	3150
2287	2486	3178
2288	2487	3152
2289	2488	3146
2290	2489	3147
2291	2490	3155
2292	2491	3136
2293	2492	3142
2294	2493	3126
2295	2494	3118
2296	2495	3130
2297	2496	3142
2298	2497	3122
2299	2498	3118
2300	2499	3125
2301	2500	3131
2302	2501	3137
2303	2502	3131
2304	2503	3137
2305	2504	3131
2306	2505	3118
2307	2506	3133
2308	2507	3138
2309	2508	3115
2310	2509	3117
2311	2510	3108
2312	2511	3100
2313	2512	3116
2314	2513	3107
2315	2514	3118
2316	2515	3112
2317	2516	3109
2318	2517	3112
2319	2518	3105
2320	2519	3110
2321	2520	3110
2322	2521	3096
2323	2522	3112
2324	2523	3108
2325	2524	3102
2326	2525	3107
2327	2526	3095
2328	2527	3105
2329	2528	3105
2330	2529	3088
2331	2530	3096
2332	2531	3090
2333	2532	3095
2334	2533	3095
2335	2534	3102
2336	2535	3097
2337	2536	3100
2338	2537	3096
2339	2538	3089
2340	2539	3079
2341	2540	3085
2342	2541	3079
2343	2542	3224
2344	2543	3226
2345	2544	3080
2346	2545	3079
2347	2546	3079
2348	2547	3228
2349	2548	3206
2350	2549	3226
2351	2550	3071
2352	2551	3214
2353	2552	3215
2354	2553	3225
2355	2554	3062
2356	2555	3073
2357	2556	3210
2358	2557	3211
2359	2558	3202
2360	2559	3210
2361	2560	3224
2362	2561	3200
2363	2562	3210
2364	2563	3219
2365	2564	3208
2366	2565	3209
2367	2566	3213
2368	2567	3201
2369	2568	3219
2370	2569	3220
2371	2570	3197
2372	2571	3203
2373	2572	3213
2374	2573	3211
2375	2574	3204
2376	2575	3197
2377	2576	3198
2378	2577	3187
2379	2578	3181
2380	2579	3193
2381	2580	3200
2382	2581	3213
2383	2582	3194
2384	2583	3186
2385	2584	3193
2386	2585	3192
2387	2586	3195
2388	2587	3185
2389	2588	3188
2390	2589	3188
2391	2590	3190
2392	2591	3175
2393	2592	3193
2394	2593	3175
2395	2594	3193
2396	2595	3174
2397	2596	3181
2398	2597	3185
2399	2598	3178
2400	2599	3183
2401	2600	3166
2402	2601	3174
2403	2602	3177
2404	2603	3178
2405	2604	3175
2406	2605	3158
2407	2606	3167
2408	2607	3160
2409	2608	3157
2410	2609	3168
2411	2610	3160
2412	2611	3164
2413	2612	3162
2414	2613	3156
2415	2614	3158
2416	2615	3159
2417	2616	3174
2418	2617	3169
2419	2618	3155
2420	2619	3174
2421	2620	3172
2422	2621	3163
2423	2622	3179
2424	2623	3177
2425	2624	3187
2426	2625	3164
2427	2626	3158
2428	2627	3185
2429	2628	3164
2430	2629	3174
2431	2630	3163
2432	2631	3153
2433	2632	3152
2434	2633	3161
2435	2634	3159
2436	2635	3151
2437	2636	3160
2438	2637	3169
2439	2638	3133
2440	2639	3155
2441	2640	3150
2442	2641	3151
2443	2642	3162
2444	2643	3171
2445	2644	3152
2446	2645	3150
2447	2646	3173
2448	2647	3135
2449	2648	3145
2450	2649	3131
2451	2650	3133
2452	2651	3167
2453	2652	3144
2454	2653	3122
2455	2654	3149
2456	2655	3145
2457	2656	3141
2458	2657	3144
2459	2658	3117
2460	2659	3121
2461	2660	3148
2462	2661	3135
2463	2662	3130
2464	2663	3139
2465	2664	3132
2466	2665	3140
2467	2666	3152
2468	2667	3125
2469	2668	3135
2470	2669	3134
2471	2670	3109
2472	2671	3133
2473	2672	3158
2474	2673	3126
2475	2674	3116
2476	2675	3116
2477	2676	3120
2478	2677	3118
2479	2678	3119
2480	2679	3120
2481	2680	3135
2482	2681	3118
2483	2682	3112
2484	2683	3108
2485	2684	3100
2486	2685	3109
2487	2686	3105
2488	2687	3099
2489	2688	3085
2490	2689	3098
2491	2690	3108
2492	2691	3093
2493	2692	3093
2494	2693	3092
2495	2694	3091
2496	2695	3101
2497	2696	3089
2498	2697	3082
2499	2698	3078
2500	2699	3090
2501	2700	3119
2502	2701	3082
2503	2702	3087
2504	2703	3091
2505	2704	3089
2506	2705	3079
2507	2706	3076
2508	2707	3078
2509	2708	3089
2510	2709	3083
2511	2710	3088
2512	2711	3099
2513	2712	3083
2514	2713	3070
2515	2714	3077
2516	2715	3080
2517	2716	3075
2518	2717	3075
2519	2718	3074
2520	2719	3080
2521	2720	3067
2522	2721	3081
2523	2722	3068
2524	2723	3066
2525	2724	3066
2526	2725	3077
2527	2726	3060
2528	2727	3060
2529	2728	3083
2530	2729	3078
2531	2730	3059
2532	2731	3071
2533	2732	3061
2534	2733	3068
2535	2734	3065
2536	2735	3065
2537	2736	3045
2538	2737	3052
2539	2738	3059
2540	2739	3057
2541	2740	3067
2542	2741	3038
2543	2742	3044
2544	2743	3059
2545	2744	3058
2546	2745	3046
2547	2746	3049
2548	2747	3052
2549	2748	3052
2550	2749	3062
2551	2750	3048
2552	2751	3044
2553	2752	3055
2554	2753	3060
2555	2754	3035
2556	2755	3054
2557	2756	3043
2558	2757	3051
2559	2758	3069
2560	2759	3068
2561	2760	3065
2562	2761	3043
2563	2762	3047
2564	2763	3046
2565	2764	3035
2566	2765	3049
2567	2766	3035
2568	2767	3048
2569	2768	3030
2570	2769	3033
2571	2770	3035
2572	2771	3027
2573	2772	3033
2574	2773	3032
2575	2774	3031
2576	2775	3033
2577	2776	3026
2578	2777	3028
2579	2778	3039
2580	2779	3019
2581	2780	3024
2582	2781	3021
2583	2782	3022
2584	2783	3026
2585	2784	3015
2586	2785	3013
2587	2786	3003
2588	2787	3010
2589	2788	3014
2590	2789	3021
2591	2790	3022
2592	2791	3011
2593	2792	3000
2594	2793	3013
2595	2794	3020
2596	2795	3007
2597	2796	3012
2598	2797	3021
2599	2798	3008
2600	2799	3006
2601	2800	2989
2602	2801	2976
2603	2802	2997
2604	2803	3007
2605	2804	3004
2606	2805	2991
2607	2806	2980
2608	2807	2988
2609	2808	2992
2610	2809	3000
2611	2810	2998
2612	2811	2997
2613	2812	2996
2614	2813	2995
2615	2814	2996
2616	2815	2991
2617	2816	3006
2618	2817	2991
2619	2818	3009
2620	2819	2983
2621	2820	3004
2622	2821	2993
2623	2822	2988
2624	2823	2991
2625	2824	2985
2626	2825	3005
2627	2826	2991
2628	2827	2992
2629	2828	2995
2630	2829	2984
2631	2830	2990
2632	2831	2986
2633	2832	2992
2634	2833	2977
2635	2834	2975
2636	2835	2981
2637	2836	2978
2638	2837	2989
2639	2838	2982
2640	2839	2982
2641	2840	2974
2642	2841	2991
2643	2842	2979
2644	2843	2990
2645	2844	2975
2646	2845	2984
2647	2846	2983
2648	2847	2973
2649	2848	2971
2650	2849	2963
2651	2850	2972
2652	2851	2983
2653	2852	2976
2654	2853	2984
2655	2854	2967
2656	2855	2975
2657	2856	2969
2658	2857	2976
2659	2858	2976
2660	2859	2956
2661	2860	2976
2662	2861	2978
2663	2862	2968
2664	2863	2967
2665	2864	2971
2666	2865	2961
2667	2866	2952
2668	2867	2962
2669	2868	2965
2670	2869	2964
2671	2870	2957
2672	2871	2958
2673	2872	2941
2674	2873	2946
2675	2874	2958
2676	2875	2955
2677	2876	2939
2678	2877	2930
2679	2878	2936
2680	2879	2954
2681	2880	2959
2682	2881	2948
2683	2882	2954
2684	2883	2939
2685	2884	2951
2686	2885	2939
2687	2886	2949
2688	2887	2935
2689	2888	2947
2690	2889	2953
2691	2890	2964
2692	2891	2945
2693	2892	2948
2694	2893	2948
2695	2894	2955
2696	2895	2959
2697	2896	2951
2698	2897	2967
2699	2898	2958
2700	2899	2951
2701	2900	2956
2702	2901	2958
2703	2902	2954
2704	2903	2945
2705	2904	2954
2706	2905	2943
2707	2906	2950
2708	2907	2956
2709	2908	2946
2710	2909	2948
2711	2910	2944
2712	2911	2941
2713	2912	2946
2714	2913	2928
2715	2914	2941
2716	2915	2942
2717	2916	2933
2718	2917	2925
2719	2918	2940
2720	2919	2928
2721	2920	2933
2722	2921	2921
2723	2922	2924
2724	2923	2930
2725	2924	2932
2726	2925	2910
2727	2926	2915
2728	2927	2915
2729	2928	2914
2730	2929	2933
2731	2930	2907
2732	2931	2914
2733	2932	2924
2734	2933	2921
2735	2934	2914
2736	2935	2908
2737	2936	2921
2738	2937	2913
2739	2938	2927
2740	2939	2914
2741	2940	2899
2742	2941	2916
2743	2942	2927
2744	2943	2909
2745	2944	2916
2746	2945	2913
2747	2946	2899
2748	2947	2904
2749	2948	2915
2750	2949	2924
2751	2950	2920
2752	2951	2904
2753	2952	2901
2754	2953	2913
2755	2954	2908
2756	2955	2916
2757	2956	2908
2758	2957	2916
2759	2958	2920
2760	2959	2902
2761	2960	2904
2762	2961	2902
2763	2962	2901
2764	2963	2909
2765	2964	2899
2766	2965	2902
2767	2966	2898
2768	2967	2898
2769	2968	2895
2770	2969	2888
2771	2970	2903
2772	2971	2899
2773	2972	2889
2774	2973	2900
2775	2974	2883
2776	2975	2891
2777	2976	2902
2778	2977	2886
2779	2978	2888
2780	2979	2889
2781	2980	2903
2782	2981	2877
2783	2982	2870
2784	2983	2860
2785	2984	2891
2786	2985	2862
2787	2986	2869
2788	2987	2869
2789	2988	2868
2790	2989	2871
2791	2990	2867
2792	2991	2872
2793	2992	2878
2794	2993	2872
2795	2994	2868
2796	2995	2865
2797	2996	2867
2798	2997	2877
2799	2998	2871
2800	2999	2868
2801	3000	2872
2802	3001	2871
2803	3002	2859
2804	3003	2869
2805	3004	2863
2806	3005	2849
2807	3006	2862
2808	3007	2854
2809	3008	2855
2810	3009	2850
2811	3010	2854
2812	3011	2870
2813	3012	2863
2814	3013	2852
2815	3014	2847
2816	3015	2860
2817	3016	2854
2818	3017	2846
2819	3018	2852
2820	3019	2853
2821	3020	2839
2822	3021	2857
2823	3022	2846
2824	3023	2842
2825	3024	2856
2826	3025	2853
2827	3026	2844
2828	3027	2840
2829	3028	2841
2830	3029	2853
2831	3030	2860
2832	3031	2850
2833	3032	2824
2834	3033	2840
2835	3034	2847
2836	3035	2857
2837	3036	2834
2838	3037	2846
2839	3038	2850
2840	3039	2849
2841	3040	2851
2842	3041	2853
2843	3042	2858
2844	3043	2844
2845	3044	2865
2846	3045	2848
2847	3046	2858
2848	3047	2847
2849	3048	2837
2850	3049	2832
2851	3050	2839
2852	3051	2842
2853	3052	2840
2854	3053	2856
2855	3054	2834
2856	3055	2839
2857	3056	2839
2858	3057	2833
2859	3058	2840
2860	3059	2831
2861	3060	2833
2862	3061	2826
2863	3062	2833
2864	3063	2810
2865	3064	2830
2866	3065	2830
2867	3066	2817
2868	3067	2817
2869	3068	2822
2870	3069	2824
2871	3070	2815
2872	3071	2809
2873	3072	2811
2874	3073	2825
2875	3074	2830
2876	3075	2808
2877	3076	2810
2878	3077	2826
2879	3078	2827
2880	3079	2818
2881	3080	2810
2882	3081	2795
2883	3082	2815
2884	3083	2829
2885	3084	2818
2886	3085	2818
2887	3086	2814
2888	3087	2822
2889	3088	2822
2890	3089	2821
2891	3090	2821
2892	3091	2814
2893	3092	2819
2894	3093	2815
2895	3094	2809
2896	3095	2831
2897	3096	2821
2898	3097	2818
2899	3098	2817
2900	3099	2816
2901	3100	2819
2902	3101	2829
2903	3102	2821
2904	3103	2821
2905	3104	2824
2906	3105	2814
2907	3106	2806
2908	3107	2827
2909	3108	2816
2910	3109	2815
2911	3110	2827
2912	3111	2817
2913	3112	2818
2914	3113	2813
2915	3114	2804
2916	3115	2812
2917	3116	2812
2918	3117	2820
2919	3118	2823
2920	3119	2805
2921	3120	2796
2922	3121	2808
2923	3122	2814
2924	3123	2822
2925	3124	2811
2926	3125	2802
2927	3126	2805
2928	3127	2804
2929	3128	2811
2930	3129	2788
2931	3130	2804
2932	3131	2801
2933	3132	2806
2934	3133	2804
2935	3134	2797
2936	3135	2799
2937	3136	2800
2938	3137	2802
2939	3138	2804
2940	3139	2798
2941	3140	2809
2942	3141	2800
2943	3142	2794
2944	3143	2800
2945	3144	2802
2946	3145	2800
2947	3146	2792
2948	3147	2805
2949	3148	2794
2950	3149	2811
2951	3150	2807
2952	3151	2815
2953	3152	2801
2954	3153	2793
2955	3154	2790
2956	3155	2806
2957	3156	2790
2958	3157	2787
2959	3158	2801
2960	3159	2788
2961	3160	2790
2962	3161	2785
2963	3162	2782
2964	3163	2765
2965	3164	2784
2966	3165	2789
2967	3166	2786
2968	3167	2781
2969	3168	2775
2970	3169	2786
2971	3170	2793
2972	3171	2791
2973	3172	2794
2974	3173	2773
2975	3174	2779
2976	3175	2786
2977	3176	2787
2978	3177	2776
2979	3178	2774
2980	3179	2775
2981	3180	2783
2982	3181	2781
2983	3182	2779
2984	3183	2777
2985	3184	2773
2986	3185	2789
2987	3186	2768
2988	3187	2792
2989	3188	2786
2990	3189	2782
2991	3190	2778
2992	3191	2782
2993	3192	2775
2994	3193	2779
2995	3194	2780
2996	3195	2768
2997	3196	2768
2998	3197	2754
2999	3198	2757
3000	3199	2768
3001	3200	2765
3002	3201	2755
3003	3202	2774
3004	3203	2771
3005	3204	2770
3006	3205	2772
3007	3206	2764
3008	3207	2756
3009	3208	2759
3010	3209	2767
3011	3210	2769
3012	3211	2753
3013	3212	2763
3014	3213	2768
3015	3214	2787
3016	3215	2763
3017	3216	2757
3018	3217	2760
3019	3218	2771
3020	3219	2772
3021	3220	2761
3022	3221	2756
3023	3222	2757
3024	3223	2748
3025	3224	2768
3026	3225	2758
3027	3226	2757
3028	3227	2754
3029	3228	2766
3030	3229	2764
3031	3230	2761
3032	3231	2746
3033	3232	2763
3034	3233	2760
3035	3234	2759
3036	3235	2773
3037	3236	2753
3038	3237	2759
3039	3238	2766
3040	3239	2748
3041	3240	2752
3042	3241	2763
3043	3242	2744
3044	3243	2749
3045	3244	2758
3046	3245	2762
3047	3246	2738
3048	3247	2756
3049	3248	2768
3050	3249	2763
3051	3250	2751
3052	3251	2757
3053	3252	2754
3054	3253	2750
3055	3254	2751
3056	3255	2755
3057	3256	2751
3058	3257	2758
3059	3258	2731
3060	3259	2738
3061	3260	2729
3062	3261	2748
3063	3262	2741
3064	3263	2736
3065	3264	2740
3066	3265	2755
3067	3266	2754
3068	3267	2749
3069	3268	2763
3070	3269	2728
3071	3270	2746
3072	3271	2743
3073	3272	2755
3074	3273	2738
3075	3274	2722
3076	3275	2746
3077	3276	2734
3078	3277	2737
3079	3278	2728
3080	3279	2740
3081	3280	2741
3082	3281	2754
3083	3282	2758
3084	3283	2751
3085	3284	2759
3086	3285	2743
3087	3286	2748
3088	3287	2751
3089	3288	2743
3090	3289	2747
3091	3290	2746
3092	3291	2747
3093	3292	2745
3094	3293	2743
3095	3294	2731
3096	3295	2745
3097	3296	2749
3098	3297	2735
3099	3298	2736
3100	3299	2744
3101	3300	2747
3102	3301	2756
3103	3302	2733
3104	3303	2735
3105	3304	2742
3106	3305	2733
3107	3306	2736
3108	3307	2729
3109	3308	2719
3110	3309	2720
3111	3310	2737
3112	3311	2724
3113	3312	2730
3114	3313	2728
3115	3314	2734
3116	3315	2730
3117	3316	2724
3118	3317	2734
3119	3318	2703
3120	3319	2714
3121	3320	2718
3122	3321	2728
3123	3322	2716
3124	3323	2715
3125	3324	2714
3126	3325	2717
3127	3326	2719
3128	3327	2706
3129	3328	2723
3130	3329	2704
3131	3330	2717
3132	3331	2720
3133	3332	2705
3134	3333	2718
3135	3334	2709
3136	3335	2724
3137	3336	2713
3138	3337	2715
3139	3338	2713
3140	3339	2722
3141	3340	2715
3142	3341	2725
3143	3342	2724
3144	3343	2721
3145	3344	2723
3146	3345	2726
3147	3346	2708
3148	3347	2701
3149	3348	2712
3150	3349	2706
3151	3350	2705
3152	3351	2706
3153	3352	2706
3154	3353	2718
3155	3354	2718
3156	3355	2727
3157	3356	2708
3158	3357	2697
3159	3358	2702
3160	3359	2709
3161	3360	2712
3162	3361	2715
3163	3362	2694
3164	3363	2699
3165	3364	2719
3166	3365	2716
3167	3366	2698
3168	3367	2692
3169	3368	2706
3170	3369	2708
3171	3370	2702
3172	3371	2689
3173	3372	2698
3174	3373	2698
3175	3374	2713
3176	3375	2700
3177	3376	2682
3178	3377	2693
3179	3378	2704
3180	3379	2698
3181	3380	2691
3182	3381	2688
3183	3382	2693
3184	3383	2682
3185	3384	2703
3186	3385	2684
3187	3386	2696
3188	3387	2704
3189	3388	2708
3190	3389	2690
3191	3390	2695
3192	3391	2694
3193	3392	2710
3194	3393	2701
3195	3394	2731
3196	3395	2705
3197	3396	2703
3198	3397	2715
3199	3398	2717
3200	3399	2712
3201	3400	2692
3202	3401	2695
3203	3402	2700
3204	3403	2700
3205	3404	2701
3206	3405	2689
3207	3406	2673
3208	3407	2683
3209	3408	2698
3210	3409	2682
3211	3410	2691
3212	3411	2662
3213	3412	2689
3214	3413	2680
3215	3414	2679
3216	3415	2699
3217	3416	2686
3218	3417	2690
3219	3418	2690
3220	3419	2700
3221	3420	2677
3222	3421	2695
3223	3422	2681
3224	3423	2697
3225	3424	2686
3226	3425	2684
3227	3426	2680
3228	3427	2685
3229	3428	2685
3230	3429	2689
3231	3430	2684
3232	3431	2684
3233	3432	2693
3234	3433	2690
3235	3434	2687
3236	3435	2700
3237	3436	2702
3238	3437	2682
3239	3438	2684
3240	3439	2670
3241	3440	2692
3242	3441	2698
3243	3442	2681
3244	3443	2684
3245	3444	2686
3246	3445	2672
3247	3446	2681
3248	3447	2692
3249	3448	2674
3250	3449	2701
3251	3450	2687
3252	3451	2680
3253	3452	2686
3254	3453	2686
3255	3454	2673
3256	3455	2684
3257	3456	2665
3258	3457	2680
3259	3458	2667
3260	3459	2669
3261	3460	2680
3262	3461	2678
3263	3462	2675
3264	3463	2676
3265	3464	2676
3266	3465	2676
3267	3466	2696
3268	3467	2679
3269	3468	2674
3270	3469	2674
3271	3470	2672
3272	3471	2680
3273	3472	2666
3274	3473	2657
3275	3474	2670
3276	3475	2687
3277	3476	2673
3278	3477	2676
3279	3478	2669
3280	3479	2665
3281	3480	2678
3282	3481	2680
3283	3482	2675
3284	3483	2674
3285	3484	2664
3286	3485	2668
3287	3486	2675
3288	3487	2663
3289	3488	2672
3290	3489	2675
3291	3490	2657
3292	3491	2665
3293	3492	2673
3294	3493	2677
3295	3494	2681
3296	3495	2669
3297	3496	2669
3298	3497	2666
3299	3498	2652
3300	3499	2667
3301	3500	2658
3302	3501	2660
3303	3502	2652
3304	3503	2658
3305	3504	2655
3306	3505	2652
3307	3506	2648
3308	3507	2656
3309	3508	2650
3310	3509	2663
3311	3510	2663
3312	3511	2648
3313	3512	2645
3314	3513	2653
3315	3514	2664
3316	3515	2661
3317	3516	2661
3318	3517	2669
3319	3518	2659
3320	3519	2673
3321	3520	2662
3322	3521	2629
3323	3522	2644
3324	3523	2638
3325	3524	2638
3326	3525	2633
3327	3526	2649
3328	3527	2644
3329	3528	2641
3330	3529	2649
3331	3530	2642
3332	3531	2641
3333	3532	2634
3334	3533	2654
3335	3534	2646
3336	3535	2647
3337	3536	2645
3338	3537	2651
3339	3538	2657
3340	3539	2635
3341	3540	2645
3342	3541	2642
3343	3542	2657
3344	3543	2648
3345	3544	2644
3346	3545	2656
3347	3546	2640
3348	3547	2658
3349	3548	2642
3350	3549	2639
3351	3550	2654
3352	3551	2606
3353	3552	2629
3354	3553	2636
3355	3554	2625
3356	3555	2638
3357	3556	2618
3358	3557	2606
3359	3558	2647
3360	3559	2633
3361	3560	2630
3362	3561	2620
3363	3562	2628
3364	3563	2637
3365	3564	2638
3366	3565	2633
3367	3566	2621
3368	3567	2624
3369	3568	2635
3370	3569	2608
3371	3570	2612
3372	3571	2620
3373	3572	2621
3374	3573	2618
3375	3574	2633
3376	3575	2633
3377	3576	2619
3378	3577	2618
3379	3578	2635
3380	3579	2627
3381	3580	2623
3382	3581	2625
3383	3582	2642
3384	3583	2637
3385	3584	2620
3386	3585	2633
3387	3586	2621
3388	3587	2621
3389	3588	2631
3390	3589	2633
3391	3590	2619
3392	3591	2625
3393	3592	2636
3394	3593	2625
3395	3594	2638
3396	3595	2626
3397	3596	2613
3398	3597	2635
3399	3598	2626
3400	3599	2623
3401	3600	2635
3402	3601	2615
3403	3602	2627
3404	3603	2619
3405	3604	2638
3406	3605	2623
3407	3606	2623
3408	3607	2613
3409	3608	2631
3410	3609	2628
3411	3610	2628
3412	3611	2623
3413	3612	2622
3414	3613	2614
3415	3614	2642
3416	3615	2619
3417	3616	2592
3418	3617	2599
3419	3618	2618
3420	3619	2620
3421	3620	2621
3422	3621	2627
3423	3622	2607
3424	3623	2618
3425	3624	2622
3426	3625	2627
3427	3626	2629
3428	3627	2632
3429	3628	2626
3430	3629	2620
3431	3630	2607
3432	3631	2635
3433	3632	2625
3434	3633	2619
3435	3634	2631
3436	3635	2635
3437	3636	2630
3438	3637	2619
3439	3638	2619
3440	3639	2642
3441	3640	2639
3442	3641	2622
3443	3642	2610
3444	3643	2634
3445	3644	2624
3446	3645	2635
3447	3646	2624
3448	3647	2637
3449	3648	2615
3450	3649	2608
3451	3650	2628
3452	3651	2616
3453	3652	2613
3454	3653	2614
3455	3654	2618
3456	3655	2626
3457	3656	2627
3458	3657	2611
3459	3658	2597
3460	3659	2614
3461	3660	2600
3462	3661	2619
3463	3662	2609
3464	3663	2606
3465	3664	2616
3466	3665	2616
3467	3666	2632
3468	3667	2625
3469	3668	2612
3470	3669	2613
3471	3670	2612
3472	3671	2619
3473	3672	2612
3474	3673	2614
3475	3674	2615
3476	3675	2618
3477	3676	2620
3478	3677	2619
3479	3678	2601
3480	3679	2614
3481	3680	2615
3482	3681	2614
3483	3682	2610
3484	3683	2630
3485	3684	2619
3486	3685	2616
3487	3686	2618
3488	3687	2618
3489	3688	2612
3490	3689	2612
3491	3690	2616
3492	3691	2628
3493	3692	2634
3494	3693	2614
3495	3694	2621
3496	3695	2609
3497	3696	2620
3498	3697	2613
3499	3698	2606
3500	3699	2609
3501	3700	2610
3502	3701	2633
3503	3702	2603
3504	3703	2610
3505	3704	2609
3506	3705	2621
3507	3706	2613
3508	3707	2594
3509	3708	2610
3510	3709	2599
3511	3710	2600
3512	3711	2617
3513	3712	2617
3514	3713	2616
3515	3714	2601
3516	3715	2607
3517	3716	2592
3518	3717	2603
3519	3718	2609
3520	3719	2606
3521	3720	2611
3522	3721	2599
3523	3722	2600
3524	3723	2609
3525	3724	2605
3526	3725	2622
3527	3726	2602
3528	3727	2621
3529	3728	2602
3530	3729	2607
3531	3730	2616
3532	3731	2619
3533	3732	2618
3534	3733	2594
3535	3734	2613
3536	3735	2605
3537	3736	2595
3538	3737	2611
3539	3738	2595
3540	3739	2601
3541	3740	2598
3542	3741	2605
3543	3742	2611
3544	3743	2602
3545	3744	2579
3546	3745	2579
3547	3746	2604
3548	3747	2605
3549	3748	2587
3550	3749	2583
3551	3750	2595
3552	3751	2587
3553	3752	2600
3554	3753	2571
3555	3754	2580
3556	3755	2584
3557	3756	2600
3558	3757	2578
3559	3758	2582
3560	3759	2582
3561	3760	2586
3562	3761	2592
3563	3762	2590
3564	3763	2591
3565	3764	2577
3566	3765	2564
3567	3766	2584
3568	3767	2593
3569	3768	2582
3570	3769	2571
3571	3770	2580
3572	3771	2582
3573	3772	2586
3574	3773	2593
3575	3774	2594
3576	3775	2580
3577	3776	2579
3578	3777	2588
3579	3778	2590
3580	3779	2573
3581	3780	2585
3582	3781	2576
3583	3782	2571
3584	3783	2580
3585	3784	2586
3586	3785	2569
3587	3786	2566
3588	3787	2579
3589	3788	2563
3590	3789	2575
3591	3790	2570
3592	3791	2553
3593	3792	2566
3594	3793	2565
3595	3794	2569
3596	3795	2559
3597	3796	2578
3598	3797	2570
3599	3798	2575
3600	3799	2567
3601	3800	2555
3602	3801	2551
3603	3802	2562
3604	3803	2562
3605	3804	2566
3606	3805	2588
3607	3806	2568
3608	3807	2557
3609	3808	2569
3610	3809	2577
3611	3810	2554
3612	3811	2556
3613	3812	2560
3614	3813	2560
3615	3814	2565
3616	3815	2557
3617	3816	2575
3618	3817	2572
3619	3818	2548
3620	3819	2562
3621	3820	2565
3622	3821	2559
3623	3822	2562
3624	3823	2575
3625	3824	2563
3626	3825	2552
3627	3826	2538
3628	3827	2555
3629	3828	2568
3630	3829	2562
3631	3830	2559
3632	3831	2547
3633	3832	2563
3634	3833	2583
3635	3834	2551
3636	3835	2551
3637	3836	2548
3638	3837	2557
3639	3838	2554
3640	3839	2546
3641	3840	2548
3642	3841	2541
3643	3842	2547
3644	3843	2554
3645	3844	2544
3646	3845	2543
3647	3846	2554
3648	3847	2556
3649	3848	2548
3650	3849	2556
3651	3850	2555
3652	3851	2553
3653	3852	2559
3654	3853	2551
3655	3854	2556
3656	3855	2552
3657	3856	2560
3658	3857	2555
3659	3858	2538
3660	3859	2560
3661	3860	2553
3662	3861	2556
3663	3862	2563
3664	3863	2568
3665	3864	2554
3666	3865	2557
3667	3866	2559
3668	3867	2557
3669	3868	2559
3670	3869	2562
3671	3870	2544
3672	3871	2544
3673	3872	2552
3674	3873	2563
3675	3874	2551
3676	3875	2559
3677	3876	2557
3678	3877	2559
3679	3878	2561
3680	3879	2570
3681	3880	2569
3682	3881	2551
3683	3882	2549
3684	3883	2565
3685	3884	2574
3686	3885	2560
3687	3886	2534
3688	3887	2558
3689	3888	2571
3690	3889	2568
3691	3890	2552
3692	3891	2550
3693	3892	2562
3694	3893	2566
3695	3894	2572
3696	3895	2560
3697	3896	2577
3698	3897	2560
3699	3898	2556
3700	3899	2556
3701	3900	2563
3702	3901	2575
3703	3902	2558
3704	3903	2569
3705	3904	2545
3706	3905	2558
3707	3906	2560
3708	3907	2549
3709	3908	2553
3710	3909	2548
3711	3910	2563
3712	3911	2546
3713	3912	2543
3714	3913	2542
3715	3914	2543
3716	3915	2538
3717	3916	2558
3718	3917	2528
3719	3918	2527
3720	3919	2534
3721	3920	2548
3722	3921	2546
3723	3922	2512
3724	3923	2521
3725	3924	2540
3726	3925	2524
3727	3926	2557
3728	3927	2523
3729	3928	2531
3730	3929	2532
3731	3930	2534
3732	3931	2543
3733	3932	2519
3734	3933	2520
3735	3934	2537
3736	3935	2537
3737	3936	2528
3738	3937	2525
3739	3938	2525
3740	3939	2522
3741	3940	2535
3742	3941	2536
3743	3942	2538
3744	3943	2543
3745	3944	2532
3746	3945	2546
3747	3946	2544
3748	3947	2551
3749	3948	2537
3750	3949	2537
3751	3950	2532
3752	3951	2542
3753	3952	2534
3754	3953	2534
3755	3954	2523
3756	3955	2541
3757	3956	2523
3758	3957	2551
3759	3958	2533
3760	3959	2530
3761	3960	2546
3762	3961	2544
3763	3962	2536
3764	3963	2529
3765	3964	2536
3766	3965	2530
3767	3966	2538
3768	3967	2532
3769	3968	2536
3770	3969	2529
3771	3970	2536
3772	3971	2532
3773	3972	2536
3774	3973	2531
3775	3974	2542
3776	3975	2537
3777	3976	2525
3778	3977	2524
3779	3978	2545
3780	3979	2533
3781	3980	2571
3782	3981	2556
3783	3982	2519
3784	3983	2528
3785	3984	2535
3786	3985	2548
3787	3986	2542
3788	3987	2537
3789	3988	2547
3790	3989	2540
3791	3990	2530
3792	3991	2552
3793	3992	2552
3794	3993	2521
3795	3994	2526
3796	3995	2542
3797	3996	2547
3798	3997	2540
3799	3998	2543
3800	3999	2521
3801	4000	2529
3802	4001	2537
3803	4002	2532
3804	4003	2537
3805	4004	2532
3806	4005	2526
3807	4006	2531
3808	4007	2523
3809	4008	2527
3810	4009	2531
3811	4010	2539
3812	4011	2530
3813	4012	2519
3814	4013	2514
3815	4014	2521
3816	4015	2523
3817	4016	2542
3818	4017	2522
3819	4018	2518
3820	4019	2514
3821	4020	2522
3822	4021	2522
3823	4022	2511
3824	4023	2515
3825	4024	2500
3826	4025	2508
3827	4026	2520
3828	4027	2521
3829	4028	2507
3830	4029	2525
3831	4030	2512
3832	4031	2504
3833	4032	2519
3834	4033	2527
3835	4034	2515
3836	4035	2521
3837	4036	2521
3838	4037	2525
3839	4038	2515
3840	4039	2515
3841	4040	2518
3842	4041	2510
3843	4042	2518
3844	4043	2509
3845	4044	2519
3846	4045	2505
3847	4046	2514
3848	4047	2516
3849	4048	2517
3850	4049	2513
3851	4050	2502
3852	4051	2527
3853	4052	2496
3854	4053	2515
3855	4054	2503
3856	4055	2504
3857	4056	2508
3858	4057	2497
3859	4058	2501
3860	4059	2484
3861	4060	2496
3862	4061	2496
3863	4062	2515
3864	4063	2502
3865	4064	2502
3866	4065	2511
3867	4066	2501
3868	4067	2501
3869	4068	2501
3870	4069	2477
3871	4070	2492
3872	4071	2487
3873	4072	2492
3874	4073	2494
3875	4074	2499
3876	4075	2501
3877	4076	2509
3878	4077	2491
3879	4078	2505
3880	4079	2512
3881	4080	2518
3882	4081	2512
3883	4082	2522
3884	4083	2501
3885	4084	2502
3886	4085	2509
3887	4086	2496
3888	4087	2510
3889	4088	2509
3890	4089	2501
3891	4090	2504
3892	4091	2509
3893	4092	2505
3894	4093	2500
3895	4094	2499
3896	4095	2498
3897	4096	2504
3898	4097	2500
3899	4098	2492
3900	4099	2489
3901	4100	2489
3902	4101	2494
3903	4102	2501
3904	4103	2505
3905	4104	2475
3906	4105	2493
3907	4106	2493
3908	4107	2512
3909	4108	2487
3910	4109	2502
3911	4110	2509
3912	4111	2493
3913	4112	2510
3914	4113	2490
3915	4114	2480
3916	4115	2503
3917	4116	2510
3918	4117	2496
3919	4118	2497
3920	4119	2484
3921	4120	2498
3922	4121	2502
3923	4122	2494
3924	4123	2502
3925	4124	2501
3926	4125	2504
3927	4126	2508
3928	4127	2505
3929	4128	2508
3930	4129	2519
3931	4130	2499
3932	4131	2511
3933	4132	2519
3934	4133	2493
3935	4134	2490
3936	4135	2511
3937	4136	2499
3938	4137	2510
3939	4138	2515
3940	4139	2495
3941	4140	2496
3942	4141	2506
3943	4142	2508
3944	4143	2502
3945	4144	2507
3946	4145	2501
3947	4146	2519
3948	4147	2509
3949	4148	2524
3950	4149	2497
3951	4150	2499
3952	4151	2520
3953	4152	2512
3954	4153	2498
3955	4154	2502
3956	4155	2513
3957	4156	2518
3958	4157	2511
3959	4158	2498
3960	4159	2511
3961	4160	2487
3962	4161	2506
3963	4162	2504
3964	4163	2500
3965	4164	2494
3966	4165	2479
3967	4166	2491
3968	4167	2505
3969	4168	2487
3970	4169	2488
3971	4170	2491
3972	4171	2499
3973	4172	2498
3974	4173	2492
3975	4174	2497
3976	4175	2519
3977	4176	2492
3978	4177	2493
3979	4178	2493
3980	4179	2479
3981	4180	2482
3982	4181	2491
3983	4182	2488
3984	4183	2491
3985	4184	2488
3986	4185	2502
3987	4186	2494
3988	4187	2483
3989	4188	2490
3990	4189	2476
3991	4190	2476
3992	4191	2488
3993	4192	2487
3994	4193	2484
3995	4194	2490
3996	4195	2471
3997	4196	2487
3998	4197	2491
3999	4198	2498
4000	4199	2492
4001	4200	2479
4002	4201	2478
4003	4202	2496
4004	4203	2481
4005	4204	2486
4006	4205	2485
4007	4206	2472
4008	4207	2470
4009	4208	2486
4010	4209	2476
4011	4210	2461
4012	4211	2473
4013	4212	2491
4014	4213	2475
4015	4214	2489
4016	4215	2491
4017	4216	2482
4018	4217	2480
4019	4218	2492
4020	4219	2473
4021	4220	2491
4022	4221	2476
4023	4222	2484
4024	4223	2485
4025	4224	2495
4026	4225	2490
4027	4226	2482
4028	4227	2479
4029	4228	2481
4030	4229	2483
4031	4230	2487
4032	4231	2487
4033	4232	2481
4034	4233	2465
4035	4234	2463
4036	4235	2471
4037	4236	2459
4038	4237	2489
4039	4238	2463
4040	4239	2478
4041	4240	2465
4042	4241	2472
4043	4242	2467
4044	4243	2484
4045	4244	2495
4046	4245	2467
4047	4246	2477
4048	4247	2468
4049	4248	2484
4050	4249	2474
4051	4250	2474
4052	4251	2478
4053	4252	2480
4054	4253	2476
4055	4254	2481
4056	4255	2459
4057	4256	2468
4058	4257	2476
4059	4258	2459
4060	4259	2472
4061	4260	2465
4062	4261	2476
4063	4262	2482
4064	4263	2475
4065	4264	2465
4066	4265	2468
4067	4266	2465
4068	4267	2484
4069	4268	2478
4070	4269	2479
4071	4270	2473
4072	4271	2479
4073	4272	2470
4074	4273	2477
4075	4274	2475
4076	4275	2468
4077	4276	2472
4078	4277	2483
4079	4278	2476
4080	4279	2486
4081	4280	2473
4082	4281	2471
4083	4282	2466
4084	4283	2481
4085	4284	2467
4086	4285	2466
4087	4286	2457
4088	4287	2466
4089	4288	2470
4090	4289	2479
4091	4290	2467
4092	4291	2443
4093	4292	2470
4094	4293	2454
4095	4294	2462
4096	4295	2466
4097	4296	2461
4098	4297	2469
4099	4298	2470
4100	4299	2479
4101	4300	2468
4102	4301	2448
4103	4302	2476
4104	4303	2462
4105	4304	2473
4106	4305	2484
4107	4306	2480
4108	4307	2472
4109	4308	2473
4110	4309	2475
4111	4310	2460
4112	4311	2480
4113	4312	2466
4114	4313	2450
4115	4314	2464
4116	4315	2459
4117	4316	2467
4118	4317	2469
4119	4318	2461
4120	4319	2475
4121	4320	2473
4122	4321	2451
4123	4322	2470
4124	4323	2453
