 	slice	peaks
1	1	36208
2	2	36158
3	3	36170
4	4	36140
5	5	36171
6	6	36161
7	7	36135
8	8	36140
9	9	36171
10	10	36089
11	11	36155
12	12	36131
13	13	36110
14	14	36184
15	15	34625
16	16	34830
17	17	34841
18	18	34913
19	19	34839
20	20	34842
21	21	34817
22	22	34797
23	23	34813
24	24	34810
25	25	34848
26	26	34768
27	27	34826
28	28	34795
29	29	34861
30	30	34905
31	31	34902
32	32	34897
33	33	34900
34	34	34884
35	35	34837
36	36	34821
37	37	34886
38	38	34872
39	39	34834
40	40	34850
41	41	34880
42	42	35604
43	43	36023
44	44	34610
45	45	36120
46	46	34687
47	47	34710
48	48	34643
49	49	34636
50	50	34621
51	51	34615
52	52	34613
53	53	34636
54	54	34593
55	55	34608
56	56	34596
57	57	34637
58	58	34588
59	59	34596
60	60	34643
61	61	34565
62	62	34833
63	63	35103
64	64	35394
65	65	35671
66	66	35852
67	67	35839
68	68	35794
69	69	35823
70	70	35864
71	71	35774
72	72	35802
73	73	35850
74	74	35794
75	75	35826
76	76	35813
77	77	35869
78	78	35874
79	79	35901
80	80	35877
81	81	35877
82	82	35853
83	83	35334
84	84	35330
85	85	35328
86	86	35227
87	87	35209
88	88	35217
89	89	35248
90	90	35215
91	91	35206
92	92	35189
93	93	35121
94	94	35184
95	95	35100
96	96	35009
97	97	35069
98	98	35014
99	99	34994
100	100	34990
101	101	34937
102	102	34949
103	103	34669
104	104	35889
105	105	34932
106	106	34983
107	107	34957
108	108	34960
109	109	34959
110	110	34886
111	111	34897
112	112	34877
113	113	34855
114	114	34993
115	115	35003
116	116	34865
117	117	34740
118	118	34574
119	119	34510
120	120	34372
121	121	34274
122	122	34275
123	123	34226
124	124	34229
125	125	34109
126	126	34148
127	127	34136
128	128	34108
129	129	34184
130	130	34161
131	131	34124
132	132	34109
133	133	34159
134	134	34100
135	135	34111
136	136	34093
137	137	34088
138	138	34072
139	139	34066
140	140	34024
141	141	33995
142	142	34062
143	143	34088
144	144	34095
145	145	34066
146	146	34055
147	147	34008
148	148	34065
149	149	34019
150	150	34032
151	151	34039
152	152	34043
153	153	34068
154	154	34054
155	155	34006
156	156	34048
157	157	34016
158	158	34010
159	159	33967
160	160	33963
161	161	33973
162	162	33977
163	163	33992
164	164	33957
165	165	33969
166	166	33989
167	167	33975
168	168	33953
169	169	33989
170	170	33945
171	171	33951
172	172	34020
173	173	33948
174	174	33972
175	175	34000
176	176	33901
177	177	33922
178	178	33922
179	179	33875
180	180	33891
181	181	33872
182	182	35568
183	183	35504
184	184	35516
185	185	35530
186	186	35520
187	187	35533
188	188	35539
189	189	35502
190	190	35572
191	191	35515
192	192	35524
193	193	35539
194	194	35521
195	195	35490
196	196	35524
197	197	35510
198	198	35528
199	199	35499
200	200	33880
201	201	33908
202	202	33868
203	203	35533
204	204	35544
205	205	35555
206	206	35526
207	207	35499
208	208	33906
209	209	35504
210	210	33830
211	211	35503
212	212	35482
213	213	35531
214	214	35491
215	215	35438
216	216	35491
217	217	35476
218	218	35500
219	219	35483
220	220	35492
221	221	33828
222	222	33817
223	223	33813
224	224	33799
225	225	35519
226	226	35492
227	227	35465
228	228	35434
229	229	35470
230	230	33759
231	231	35486
232	232	33790
233	233	33839
234	234	33820
235	235	33835
236	236	33806
237	237	33819
238	238	35469
239	239	35480
240	240	35454
241	241	35444
242	242	35425
243	243	35441
244	244	35447
245	245	35409
246	246	35432
247	247	35484
248	248	35460
249	249	33750
250	250	33795
251	251	35430
252	252	33815
253	253	35444
254	254	35409
255	255	35384
256	256	35425
257	257	35362
258	258	35362
259	259	35407
260	260	35366
261	261	35368
262	262	35419
263	263	35397
264	264	35429
265	265	35380
266	266	35437
267	267	35356
268	268	35360
269	269	35379
270	270	35393
271	271	35404
272	272	35391
273	273	35391
274	274	35409
275	275	35389
276	276	35381
277	277	35362
278	278	35379
279	279	35366
280	280	35353
281	281	35337
282	282	35337
283	283	35382
284	284	35405
285	285	35388
286	286	35360
287	287	35381
288	288	35302
289	289	35327
290	290	35372
291	291	35311
292	292	35322
293	293	35384
294	294	35331
295	295	35337
296	296	35337
297	297	35366
298	298	35321
299	299	35330
300	300	35275
301	301	35359
302	302	35341
303	303	35315
304	304	35283
305	305	35260
306	306	35258
307	307	35264
308	308	35313
309	309	35305
310	310	35280
311	311	35299
312	312	35282
313	313	35344
314	314	35286
315	315	35273
316	316	35258
317	317	35297
318	318	35315
319	319	35261
320	320	35265
321	321	35232
322	322	35329
323	323	35276
324	324	35261
325	325	35285
326	326	35266
327	327	35233
328	328	35266
329	329	35257
330	330	35247
331	331	35228
332	332	35207
333	333	35247
334	334	35162
335	335	35183
336	336	35248
337	337	35225
338	338	35198
339	339	35195
340	340	35195
341	341	35214
342	342	35231
343	343	35220
344	344	35264
345	345	35216
346	346	35227
347	347	35248
348	348	35199
349	349	35228
350	350	35195
351	351	35219
352	352	35178
353	353	35186
354	354	35212
355	355	35233
356	356	35211
357	357	35162
358	358	35189
359	359	35188
360	360	35210
361	361	35146
362	362	35159
363	363	35166
364	364	35207
365	365	35154
366	366	35158
367	367	35187
368	368	35174
369	369	35206
370	370	35131
371	371	35174
372	372	35152
373	373	35114
374	374	35156
375	375	35152
376	376	35106
377	377	35150
378	378	35148
379	379	35145
380	380	35163
381	381	35143
382	382	35165
383	383	35127
384	384	35095
385	385	35093
386	386	35102
387	387	35066
388	388	35091
389	389	35101
390	390	35076
391	391	35075
392	392	35101
393	393	35084
394	394	35133
395	395	35068
396	396	35054
397	397	35124
398	398	35111
399	399	35101
400	400	35107
401	401	35130
402	402	35067
403	403	35067
404	404	35067
405	405	35119
406	406	35095
407	407	35099
408	408	35105
409	409	35059
410	410	35040
411	411	35088
412	412	35069
413	413	35052
414	414	35034
415	415	35073
416	416	35056
417	417	35054
418	418	35016
419	419	35022
420	420	35041
421	421	35070
422	422	35050
423	423	35046
424	424	35023
425	425	35003
426	426	35039
427	427	35027
428	428	35049
429	429	35024
430	430	35065
431	431	35003
432	432	34994
433	433	35059
434	434	35092
435	435	35021
436	436	35012
437	437	35002
438	438	34975
439	439	34958
440	440	34945
441	441	34981
442	442	34983
443	443	34931
444	444	34907
445	445	35040
446	446	34974
447	447	34943
448	448	34965
449	449	34944
450	450	34994
451	451	34934
452	452	34949
453	453	34952
454	454	34885
455	455	34920
456	456	34937
457	457	34909
458	458	34940
459	459	34887
460	460	34910
461	461	34899
462	462	34909
463	463	34916
464	464	34913
465	465	34905
466	466	34902
467	467	34932
468	468	34926
469	469	34885
470	470	34918
471	471	34888
472	472	34888
473	473	34924
474	474	34869
475	475	34910
476	476	34886
477	477	34897
478	478	34891
479	479	34926
480	480	34856
481	481	34901
482	482	34910
483	483	34900
484	484	34875
485	485	34913
486	486	34915
487	487	34882
488	488	34875
489	489	34845
490	490	34913
491	491	34856
492	492	34842
493	493	34887
494	494	34845
495	495	34810
496	496	34836
497	497	34861
498	498	34802
499	499	34859
500	500	34864
501	501	34827
502	502	34860
503	503	34868
504	504	34869
505	505	34859
506	506	34838
507	507	34878
508	508	34822
509	509	34816
510	510	34815
511	511	34797
512	512	34847
513	513	34811
514	514	34820
515	515	34807
516	516	34784
517	517	34833
518	518	34829
519	519	34785
520	520	34716
521	521	34752
522	522	34755
523	523	34783
524	524	34773
525	525	34812
526	526	34797
527	527	34806
528	528	34755
529	529	34793
530	530	34769
531	531	34758
532	532	34773
533	533	34798
534	534	34766
535	535	34762
536	536	34765
537	537	34745
538	538	34780
539	539	34771
540	540	34734
541	541	34764
542	542	34719
543	543	34745
544	544	34729
545	545	34750
546	546	34680
547	547	34714
548	548	34725
549	549	34750
550	550	34696
551	551	34737
552	552	34719
553	553	34726
554	554	34690
555	555	34679
556	556	34729
557	557	34758
558	558	34777
559	559	34709
560	560	34734
561	561	34723
562	562	34706
563	563	34710
564	564	34716
565	565	34704
566	566	34718
567	567	34717
568	568	34685
569	569	34676
570	570	34657
571	571	34677
572	572	34691
573	573	34708
574	574	34690
575	575	34668
576	576	34690
577	577	34661
578	578	34679
579	579	34728
580	580	34684
581	581	34670
582	582	34695
583	583	34702
584	584	34673
585	585	34663
586	586	34669
587	587	34658
588	588	34665
589	589	34644
590	590	34677
591	591	34674
592	592	34665
593	593	34670
594	594	34697
595	595	34639
596	596	34672
597	597	34670
598	598	34651
599	599	34658
600	600	34689
601	601	34643
602	602	34646
603	603	34614
604	604	34681
605	605	34638
606	606	34677
607	607	34678
608	608	34715
609	609	34725
610	610	34753
611	611	34746
612	612	34701
613	613	34704
614	614	34685
615	615	34700
616	616	34670
617	617	34666
618	618	34604
619	619	34647
620	620	34622
621	621	34660
622	622	34685
623	623	34720
624	624	34730
625	625	34683
626	626	34648
627	627	34634
628	628	34625
629	629	34609
630	630	34615
631	631	34564
632	632	34605
633	633	34623
634	634	34610
635	635	34573
636	636	34582
637	637	34425
638	638	34444
639	639	34494
640	640	34505
641	641	34499
642	642	34486
643	643	34521
644	644	34519
645	645	34503
646	646	34500
647	647	34516
648	648	34509
649	649	34524
650	650	34520
651	651	34537
652	652	34469
653	653	34465
654	654	34485
655	655	34456
656	656	34483
657	657	34554
658	658	34488
659	659	34472
660	660	34503
661	661	34509
662	662	34490
663	663	34515
664	664	34503
665	665	34480
666	666	34477
667	667	34463
668	668	34463
669	669	34441
670	670	34462
671	671	34512
672	672	34498
673	673	34449
674	674	34425
675	675	34478
676	676	34406
677	677	34455
678	678	34449
679	679	34489
680	680	34494
681	681	34449
682	682	34421
683	683	34472
684	684	34456
685	685	34460
686	686	34517
687	687	34472
688	688	34483
689	689	34450
690	690	34483
691	691	34421
692	692	34410
693	693	34425
694	694	34453
695	695	34453
696	696	34403
697	697	34423
698	698	34425
699	699	34443
700	700	34439
701	701	34460
702	702	34466
703	703	34434
704	704	34419
705	705	34439
706	706	34444
707	707	34454
708	708	34456
709	709	34455
710	710	34444
711	711	34479
712	712	34453
713	713	34423
714	714	34440
715	715	34443
716	716	34462
717	717	34446
718	718	34442
719	719	34364
720	720	34399
721	721	34440
722	722	34411
723	723	34411
724	724	34437
725	725	34411
726	726	34400
727	727	34452
728	728	34450
729	729	34374
730	730	34417
731	731	34484
732	732	34429
733	733	34441
734	734	34425
735	735	34453
736	736	34450
737	737	34439
738	738	34393
739	739	34439
740	740	34441
741	741	34424
742	742	34357
743	743	34403
744	744	34417
745	745	34331
746	746	34316
747	747	34363
748	748	34315
749	749	34314
750	750	34289
751	751	34286
752	752	34266
753	753	34274
754	754	34238
755	755	34211
756	756	34232
757	757	34187
758	758	34160
759	759	34107
760	760	34149
761	761	34078
762	762	34108
763	763	34100
764	764	34039
765	765	33985
766	766	33987
767	767	33897
768	768	33933
769	769	33926
770	770	33875
771	771	33875
772	772	33836
773	773	33737
774	774	33654
775	775	33664
776	776	33642
777	777	33548
778	778	33546
779	779	33498
780	780	33507
781	781	33427
782	782	33396
783	783	33386
784	784	33316
785	785	33284
786	786	33211
787	787	33188
788	788	33154
789	789	33156
790	790	33027
791	791	33005
792	792	32972
793	793	32884
794	794	32864
795	795	32733
796	796	32726
797	797	32628
798	798	32568
799	799	32553
800	800	32455
801	801	32409
802	802	32346
803	803	32321
804	804	32209
805	805	32170
806	806	32097
807	807	32081
808	808	31991
809	809	31934
810	810	31890
811	811	31850
812	812	31815
813	813	31758
814	814	31645
815	815	31622
816	816	31543
817	817	31480
818	818	31448
819	819	31359
820	820	31328
821	821	31261
822	822	31197
823	823	31109
824	824	31050
825	825	30957
826	826	30960
827	827	30841
828	828	30773
829	829	30713
830	830	30645
831	831	30553
832	832	30559
833	833	30448
834	834	30385
835	835	30352
836	836	30267
837	837	30210
838	838	30103
839	839	30092
840	840	29997
841	841	29940
842	842	29863
843	843	29825
844	844	29669
845	845	29573
846	846	29520
847	847	29491
848	848	29454
849	849	29370
850	850	29283
851	851	29189
852	852	29134
853	853	29072
854	854	28997
855	855	28947
856	856	28857
857	857	28788
858	858	28774
859	859	28677
860	860	28604
861	861	28524
862	862	28486
863	863	28454
864	864	28323
865	865	28322
866	866	28225
867	867	28122
868	868	28069
869	869	27999
870	870	27911
871	871	27841
872	872	27814
873	873	27764
874	874	27728
875	875	27638
876	876	27629
877	877	27564
878	878	27460
879	879	27421
880	880	27348
881	881	27293
882	882	27217
883	883	27217
884	884	27151
885	885	27044
886	886	27031
887	887	26961
888	888	26913
889	889	26872
890	890	26834
891	891	26757
892	892	26740
893	893	26621
894	894	26601
895	895	26509
896	896	26435
897	897	26408
898	898	26352
899	899	26285
900	900	26239
901	901	26125
902	902	26111
903	903	26044
904	904	26035
905	905	25931
906	906	25892
907	907	25821
908	908	25754
909	909	25707
910	910	25670
911	911	25608
912	912	25534
913	913	25534
914	914	25494
915	915	25410
916	916	25358
917	917	25318
918	918	25260
919	919	25186
920	920	25137
921	921	25114
922	922	25025
923	923	25028
924	924	24969
925	925	24877
926	926	24825
927	927	24748
928	928	24772
929	929	24686
930	930	24662
931	931	24579
932	932	24542
933	933	24515
934	934	24415
935	935	24362
936	936	24396
937	937	24324
938	938	24247
939	939	24218
940	940	24152
941	941	24114
942	942	24090
943	943	24061
944	944	23967
945	945	23939
946	946	23900
947	947	23855
948	948	23822
949	949	23781
950	950	23717
951	951	23688
952	952	23619
953	953	23583
954	954	23516
955	955	23505
956	956	23441
957	957	23418
958	958	23362
959	959	23362
960	960	23274
961	961	23242
962	962	23155
963	963	23173
964	964	23083
965	965	23093
966	966	23026
967	967	22982
968	968	22968
969	969	22941
970	970	22918
971	971	22870
972	972	22794
973	973	22814
974	974	22730
975	975	22677
976	976	22624
977	977	22594
978	978	22569
979	979	22550
980	980	22538
981	981	22477
982	982	22423
983	983	22400
984	984	22393
985	985	22341
986	986	22294
987	987	22269
988	988	22248
989	989	22222
990	990	22190
991	991	22149
992	992	22138
993	993	22089
994	994	22059
995	995	22000
996	996	21947
997	997	21920
998	998	21883
999	999	21892
1000	1000	21814
1001	1001	21810
1002	1002	21765
1003	1003	21729
1004	1004	21703
1005	1005	21692
1006	1006	21639
1007	1007	21604
1008	1008	21623
1009	1009	21553
1010	1010	21497
1011	1011	21527
1012	1012	21482
1013	1013	21462
1014	1014	21445
1015	1015	21408
1016	1016	21391
1017	1017	21344
1018	1018	21318
1019	1019	21308
1020	1020	21260
1021	1021	21270
1022	1022	21290
1023	1023	21218
1024	1024	21186
1025	1025	21151
1026	1026	21150
1027	1027	21064
1028	1028	21076
1029	1029	21035
1030	1030	21002
1031	1031	20994
1032	1032	20945
1033	1033	20912
1034	1034	20900
1035	1035	20831
1036	1036	20828
1037	1037	20808
1038	1038	20822
1039	1039	20769
1040	1040	20755
1041	1041	20721
1042	1042	20707
1043	1043	20664
1044	1044	20624
1045	1045	20602
1046	1046	20599
1047	1047	20571
1048	1048	20547
1049	1049	20519
1050	1050	20487
1051	1051	20461
1052	1052	20419
1053	1053	20436
1054	1054	20381
1055	1055	20375
1056	1056	20364
1057	1057	20342
1058	1058	20302
1059	1059	20251
1060	1060	20277
1061	1061	20253
1062	1062	20203
1063	1063	20218
1064	1064	20164
1065	1065	20187
1066	1066	20107
1067	1067	20088
1068	1068	20047
1069	1069	20072
1070	1070	20046
1071	1071	20031
1072	1072	20003
1073	1073	19941
1074	1074	19917
1075	1075	19934
1076	1076	19881
1077	1077	19886
1078	1078	19830
1079	1079	19822
1080	1080	19806
1081	1081	19806
1082	1082	19768
1083	1083	19767
1084	1084	19744
1085	1085	19707
1086	1086	19667
1087	1087	19669
1088	1088	19653
1089	1089	19657
1090	1090	19589
1091	1091	19596
1092	1092	19576
1093	1093	19540
1094	1094	19546
1095	1095	19527
1096	1096	19502
1097	1097	19480
1098	1098	19480
1099	1099	19443
1100	1100	19492
1101	1101	19402
1102	1102	19393
1103	1103	19363
1104	1104	19359
1105	1105	19339
1106	1106	19326
1107	1107	19319
1108	1108	19338
1109	1109	19300
1110	1110	19262
1111	1111	19228
1112	1112	19273
1113	1113	19217
1114	1114	19215
1115	1115	19141
1116	1116	19150
1117	1117	19139
1118	1118	19121
1119	1119	19093
1120	1120	19113
1121	1121	19128
1122	1122	19054
1123	1123	19045
1124	1124	19037
1125	1125	19036
1126	1126	19038
1127	1127	18978
1128	1128	18982
1129	1129	18954
1130	1130	18951
1131	1131	18932
1132	1132	18895
1133	1133	18872
1134	1134	18880
1135	1135	18882
1136	1136	18852
1137	1137	18847
1138	1138	18831
1139	1139	18802
1140	1140	18799
1141	1141	18776
1142	1142	18768
1143	1143	18751
1144	1144	18732
1145	1145	18691
1146	1146	18685
1147	1147	18686
1148	1148	18667
1149	1149	18637
1150	1150	18646
1151	1151	18645
1152	1152	18627
1153	1153	18561
1154	1154	18585
1155	1155	18562
1156	1156	18574
1157	1157	18584
1158	1158	18561
1159	1159	18545
1160	1160	18533
1161	1161	18519
1162	1162	18508
1163	1163	18519
1164	1164	18467
1165	1165	18449
1166	1166	18442
1167	1167	18426
1168	1168	18374
1169	1169	18391
1170	1170	18383
1171	1171	18361
1172	1172	18335
1173	1173	18324
1174	1174	18291
1175	1175	18328
1176	1176	18294
1177	1177	18303
1178	1178	18261
1179	1179	18280
1180	1180	18228
1181	1181	18252
1182	1182	18250
1183	1183	18207
1184	1184	18193
1185	1185	18188
1186	1186	18195
1187	1187	18167
1188	1188	18159
1189	1189	18173
1190	1190	18109
1191	1191	18112
1192	1192	18125
1193	1193	18110
1194	1194	18102
1195	1195	18067
1196	1196	18083
1197	1197	18043
1198	1198	18059
1199	1199	18026
1200	1200	17979
1201	1201	17956
1202	1202	17980
1203	1203	17930
1204	1204	17946
1205	1205	17922
1206	1206	17906
1207	1207	17878
1208	1208	17915
1209	1209	17885
1210	1210	17859
1211	1211	17856
1212	1212	17855
1213	1213	17854
1214	1214	17825
1215	1215	17835
1216	1216	17832
1217	1217	17809
1218	1218	17813
1219	1219	17785
1220	1220	17793
1221	1221	17761
1222	1222	17733
1223	1223	17705
1224	1224	17687
1225	1225	17706
1226	1226	17688
1227	1227	17690
1228	1228	17644
1229	1229	17636
1230	1230	17618
1231	1231	17651
1232	1232	17607
1233	1233	17608
1234	1234	17578
1235	1235	17567
1236	1236	17554
1237	1237	17519
1238	1238	17558
1239	1239	17532
1240	1240	17543
1241	1241	17528
1242	1242	17506
1243	1243	17484
1244	1244	17454
1245	1245	17440
1246	1246	17478
1247	1247	17497
1248	1248	17426
1249	1249	17452
1250	1250	17391
1251	1251	17412
1252	1252	17393
1253	1253	17392
1254	1254	17369
1255	1255	17375
1256	1256	17405
1257	1257	17345
1258	1258	17357
1259	1259	17342
1260	1260	17319
1261	1261	17334
1262	1262	17331
1263	1263	17319
1264	1264	17297
1265	1265	17302
1266	1266	17246
1267	1267	17265
1268	1268	17253
1269	1269	17253
1270	1270	17224
1271	1271	17225
1272	1272	17225
1273	1273	17204
1274	1274	17175
1275	1275	17189
1276	1276	17199
1277	1277	17158
1278	1278	17188
1279	1279	17152
1280	1280	17131
1281	1281	17145
1282	1282	17098
1283	1283	17104
1284	1284	17101
1285	1285	17098
1286	1286	17075
1287	1287	17067
1288	1288	17072
1289	1289	17047
1290	1290	17050
1291	1291	17012
1292	1292	17031
1293	1293	17015
1294	1294	17031
1295	1295	16987
1296	1296	17018
1297	1297	17001
1298	1298	16988
1299	1299	16991
1300	1300	16993
1301	1301	16984
1302	1302	16936
1303	1303	16911
1304	1304	16907
1305	1305	16957
1306	1306	16936
1307	1307	16913
1308	1308	16911
1309	1309	16901
1310	1310	16900
1311	1311	16844
1312	1312	16853
1313	1313	16859
1314	1314	16824
1315	1315	16839
1316	1316	16823
1317	1317	16821
1318	1318	16810
1319	1319	16793
1320	1320	16813
1321	1321	16761
1322	1322	16764
1323	1323	16776
1324	1324	16759
1325	1325	16770
1326	1326	16762
1327	1327	16754
1328	1328	16728
1329	1329	16751
1330	1330	16717
1331	1331	16698
1332	1332	16684
1333	1333	16676
1334	1334	16704
1335	1335	16678
1336	1336	16666
1337	1337	16626
1338	1338	17213
1339	1339	16686
1340	1340	17213
1341	1341	17203
1342	1342	16644
1343	1343	16636
1344	1344	17170
1345	1345	17180
1346	1346	17149
1347	1347	17156
1348	1348	17123
1349	1349	17113
1350	1350	17128
1351	1351	17123
1352	1352	17120
1353	1353	17084
1354	1354	17094
1355	1355	17099
1356	1356	16523
1357	1357	17079
1358	1358	17075
1359	1359	17071
1360	1360	17048
1361	1361	17045
1362	1362	17041
1363	1363	17043
1364	1364	17017
1365	1365	17000
1366	1366	17013
1367	1367	16999
1368	1368	16969
1369	1369	16969
1370	1370	16971
1371	1371	16979
1372	1372	16988
1373	1373	16967
1374	1374	16957
1375	1375	16959
1376	1376	16960
1377	1377	16942
1378	1378	16948
1379	1379	16928
1380	1380	16945
1381	1381	16913
1382	1382	16907
1383	1383	16900
1384	1384	16899
1385	1385	16893
1386	1386	16862
1387	1387	16861
1388	1388	16852
1389	1389	16849
1390	1390	16847
1391	1391	16841
1392	1392	16843
1393	1393	16814
1394	1394	16819
1395	1395	16820
1396	1396	16808
1397	1397	16799
1398	1398	16805
1399	1399	16792
1400	1400	16754
1401	1401	16775
1402	1402	16756
1403	1403	16777
1404	1404	16781
1405	1405	16729
1406	1406	16739
1407	1407	16707
1408	1408	16728
1409	1409	16758
1410	1410	16727
1411	1411	16712
1412	1412	16709
1413	1413	16699
1414	1414	16677
1415	1415	16680
1416	1416	16656
1417	1417	16668
1418	1418	16674
1419	1419	16661
1420	1420	16677
1421	1421	16669
1422	1422	16634
1423	1423	16634
1424	1424	16603
1425	1425	16621
1426	1426	16609
1427	1427	16606
1428	1428	16588
1429	1429	16592
1430	1430	16585
1431	1431	16581
1432	1432	16578
1433	1433	16557
1434	1434	16541
1435	1435	16542
1436	1436	16541
1437	1437	16526
1438	1438	16528
1439	1439	16531
1440	1440	16542
1441	1441	16535
1442	1442	16525
1443	1443	16508
1444	1444	16528
1445	1445	16491
1446	1446	16495
1447	1447	16513
1448	1448	16472
1449	1449	16477
1450	1450	16452
1451	1451	16481
1452	1452	16462
1453	1453	16475
1454	1454	16477
1455	1455	16435
1456	1456	16441
1457	1457	16426
1458	1458	16437
1459	1459	16426
1460	1460	16434
1461	1461	16416
1462	1462	16407
1463	1463	16418
1464	1464	16393
1465	1465	16409
1466	1466	16390
1467	1467	16395
1468	1468	16367
1469	1469	16339
1470	1470	16343
1471	1471	16340
1472	1472	16332
1473	1473	16369
1474	1474	16332
1475	1475	16330
1476	1476	16351
1477	1477	16350
1478	1478	16340
1479	1479	16332
1480	1480	16332
1481	1481	16329
1482	1482	16292
1483	1483	16314
1484	1484	16295
1485	1485	16315
1486	1486	16309
1487	1487	16295
1488	1488	16265
1489	1489	16278
1490	1490	16282
1491	1491	16257
1492	1492	16262
1493	1493	16268
1494	1494	16236
1495	1495	16223
1496	1496	16230
1497	1497	16209
1498	1498	16223
1499	1499	16207
1500	1500	16226
1501	1501	16205
1502	1502	16213
1503	1503	16184
1504	1504	16186
1505	1505	16175
1506	1506	16205
1507	1507	16185
1508	1508	16165
1509	1509	16172
1510	1510	16157
1511	1511	16149
1512	1512	16153
1513	1513	16152
1514	1514	16181
1515	1515	16149
1516	1516	16154
1517	1517	16127
1518	1518	16135
1519	1519	16141
1520	1520	16118
1521	1521	16108
1522	1522	16107
1523	1523	16121
1524	1524	16149
1525	1525	16129
1526	1526	16099
1527	1527	16098
1528	1528	16065
1529	1529	16089
1530	1530	16080
1531	1531	16068
1532	1532	16069
1533	1533	16054
1534	1534	16048
1535	1535	16048
1536	1536	16041
1537	1537	16053
1538	1538	16062
1539	1539	16062
1540	1540	16055
1541	1541	16037
1542	1542	16055
1543	1543	16058
1544	1544	16023
1545	1545	16034
1546	1546	16039
1547	1547	16042
1548	1548	16009
1549	1549	16014
1550	1550	16003
1551	1551	15992
1552	1552	15996
1553	1553	15989
1554	1554	16007
1555	1555	16024
1556	1556	15985
1557	1557	16004
1558	1558	15970
1559	1559	15973
1560	1560	15979
1561	1561	15963
1562	1562	15940
1563	1563	15935
1564	1564	15965
1565	1565	15934
1566	1566	15954
1567	1567	15938
1568	1568	15931
1569	1569	15924
1570	1570	15919
1571	1571	15884
1572	1572	15895
1573	1573	15878
1574	1574	15890
1575	1575	15884
1576	1576	15880
1577	1577	15871
1578	1578	15889
1579	1579	15883
1580	1580	15847
1581	1581	15854
1582	1582	15842
1583	1583	15836
1584	1584	15870
1585	1585	15857
1586	1586	15858
1587	1587	15858
1588	1588	15855
1589	1589	15843
1590	1590	15819
1591	1591	15822
1592	1592	15823
1593	1593	15818
1594	1594	15807
1595	1595	15793
1596	1596	15797
1597	1597	15790
1598	1598	15803
1599	1599	15797
1600	1600	15771
1601	1601	15790
1602	1602	15785
1603	1603	15765
1604	1604	15771
1605	1605	15776
1606	1606	15775
1607	1607	15771
1608	1608	15759
1609	1609	15748
1610	1610	15758
1611	1611	15740
1612	1612	15770
1613	1613	15741
1614	1614	15731
1615	1615	15727
1616	1616	15736
1617	1617	15730
1618	1618	15739
1619	1619	15731
1620	1620	15722
1621	1621	15730
1622	1622	15710
1623	1623	15706
1624	1624	15707
1625	1625	15711
1626	1626	15696
1627	1627	15664
1628	1628	15670
1629	1629	15664
1630	1630	15688
1631	1631	15693
1632	1632	15681
1633	1633	15651
1634	1634	15651
1635	1635	15641
1636	1636	15665
1637	1637	15638
1638	1638	15641
1639	1639	15638
1640	1640	15629
1641	1641	15650
1642	1642	15630
1643	1643	15622
1644	1644	15633
1645	1645	15593
1646	1646	15619
1647	1647	15613
1648	1648	15588
1649	1649	15595
1650	1650	15580
1651	1651	15579
1652	1652	15567
1653	1653	15570
1654	1654	15562
1655	1655	15550
1656	1656	15543
1657	1657	15562
1658	1658	15560
1659	1659	15549
1660	1660	15555
1661	1661	15527
1662	1662	15546
1663	1663	15538
1664	1664	15506
1665	1665	15533
1666	1666	15516
1667	1667	15519
1668	1668	15511
1669	1669	15499
1670	1670	15489
1671	1671	15496
1672	1672	15471
1673	1673	15499
1674	1674	15491
1675	1675	15476
1676	1676	15478
1677	1677	15456
1678	1678	15481
1679	1679	15458
1680	1680	15472
1681	1681	15468
1682	1682	15436
1683	1683	15441
1684	1684	15450
1685	1685	15448
1686	1686	15440
1687	1687	15460
1688	1688	15426
1689	1689	15444
1690	1690	15442
1691	1691	15413
1692	1692	15430
1693	1693	15409
1694	1694	15417
1695	1695	15395
1696	1696	15395
1697	1697	15367
1698	1698	15390
1699	1699	15397
1700	1700	15404
1701	1701	15377
1702	1702	15370
1703	1703	15357
1704	1704	15357
1705	1705	15350
1706	1706	15337
1707	1707	15357
1708	1708	15346
1709	1709	15335
1710	1710	15321
1711	1711	15323
1712	1712	15363
1713	1713	15324
1714	1714	15321
1715	1715	15334
1716	1716	15313
1717	1717	15316
1718	1718	15318
1719	1719	15314
1720	1720	15319
1721	1721	15300
1722	1722	15300
1723	1723	15308
1724	1724	15273
1725	1725	15272
1726	1726	15264
1727	1727	15266
1728	1728	15268
1729	1729	15287
1730	1730	15256
1731	1731	15254
1732	1732	15288
1733	1733	15274
1734	1734	15264
1735	1735	15244
1736	1736	15257
1737	1737	15268
1738	1738	15258
1739	1739	15236
1740	1740	15246
1741	1741	15238
1742	1742	15218
1743	1743	15227
1744	1744	15249
1745	1745	15226
1746	1746	15226
1747	1747	15220
1748	1748	15215
1749	1749	15207
1750	1750	15192
1751	1751	15202
1752	1752	15185
1753	1753	15194
1754	1754	15213
1755	1755	15199
1756	1756	15204
1757	1757	15178
1758	1758	15187
1759	1759	15184
1760	1760	15174
1761	1761	15187
1762	1762	15184
1763	1763	15175
1764	1764	15180
1765	1765	15178
1766	1766	15164
1767	1767	15160
1768	1768	15162
1769	1769	15183
1770	1770	15176
1771	1771	15156
1772	1772	15139
1773	1773	15126
1774	1774	15133
1775	1775	15133
1776	1776	15135
1777	1777	15144
1778	1778	15120
1779	1779	15103
1780	1780	15128
1781	1781	15106
1782	1782	15120
1783	1783	15081
1784	1784	15117
1785	1785	15106
1786	1786	15093
1787	1787	15095
1788	1788	15097
1789	1789	15099
1790	1790	15101
1791	1791	15071
1792	1792	15079
1793	1793	15074
1794	1794	15068
1795	1795	15085
1796	1796	15090
1797	1797	15103
1798	1798	15073
1799	1799	15075
1800	1800	15065
1801	1801	15076
1802	1802	15065
1803	1803	15081
1804	1804	15052
1805	1805	15039
1806	1806	15040
1807	1807	15054
1808	1808	15060
1809	1809	15028
1810	1810	15024
1811	1811	15063
1812	1812	15047
1813	1813	15049
1814	1814	15028
1815	1815	15045
1816	1816	15013
1817	1817	15024
1818	1818	15045
1819	1819	15012
1820	1820	15006
1821	1821	15028
1822	1822	15009
1823	1823	15015
1824	1824	15008
1825	1825	15002
1826	1826	15007
1827	1827	14982
1828	1828	14985
1829	1829	14993
1830	1830	14969
1831	1831	14982
1832	1832	14972
1833	1833	14976
1834	1834	14961
1835	1835	14979
1836	1836	14991
1837	1837	14959
1838	1838	14968
1839	1839	14958
1840	1840	14966
1841	1841	14966
1842	1842	14952
1843	1843	14933
1844	1844	14960
1845	1845	14950
1846	1846	14970
1847	1847	14936
1848	1848	14946
1849	1849	14946
1850	1850	14961
1851	1851	14949
1852	1852	14913
1853	1853	14933
1854	1854	14941
1855	1855	14934
1856	1856	14922
1857	1857	14921
1858	1858	14909
1859	1859	14916
1860	1860	14908
1861	1861	14902
1862	1862	14902
1863	1863	14900
1864	1864	14898
1865	1865	14913
1866	1866	14905
1867	1867	14887
1868	1868	14895
1869	1869	14876
1870	1870	14917
1871	1871	14886
1872	1872	14885
1873	1873	14882
1874	1874	14872
1875	1875	14891
1876	1876	14874
1877	1877	14869
1878	1878	14867
1879	1879	14872
1880	1880	14873
1881	1881	14883
1882	1882	14868
1883	1883	14870
1884	1884	14856
1885	1885	14866
1886	1886	14829
1887	1887	14850
1888	1888	14842
1889	1889	14842
1890	1890	14849
1891	1891	14858
1892	1892	14829
1893	1893	14846
1894	1894	14849
1895	1895	14843
1896	1896	14822
1897	1897	14850
1898	1898	14827
1899	1899	14813
1900	1900	14823
1901	1901	14819
1902	1902	14829
1903	1903	14805
1904	1904	14825
1905	1905	14795
1906	1906	14828
1907	1907	14815
1908	1908	14835
1909	1909	14815
1910	1910	14793
1911	1911	14831
1912	1912	14818
1913	1913	14823
1914	1914	14825
1915	1915	14818
1916	1916	14792
1917	1917	14799
1918	1918	14790
1919	1919	14793
1920	1920	14772
1921	1921	14806
1922	1922	14770
1923	1923	14788
1924	1924	14770
1925	1925	14783
1926	1926	14783
1927	1927	14767
1928	1928	14776
1929	1929	14773
1930	1930	14778
1931	1931	14791
1932	1932	14767
1933	1933	14756
1934	1934	14762
1935	1935	14756
1936	1936	14762
1937	1937	14774
1938	1938	14774
1939	1939	14746
1940	1940	14744
1941	1941	14746
1942	1942	14713
1943	1943	14746
1944	1944	14748
1945	1945	14731
1946	1946	14739
1947	1947	14722
1948	1948	14729
1949	1949	14728
1950	1950	14727
1951	1951	14721
1952	1952	14707
1953	1953	14715
1954	1954	14697
1955	1955	14670
1956	1956	14687
1957	1957	14687
1958	1958	14697
1959	1959	14681
1960	1960	14679
1961	1961	14681
1962	1962	14683
1963	1963	14673
1964	1964	14659
1965	1965	14681
1966	1966	14683
1967	1967	14677
1968	1968	14694
1969	1969	14697
1970	1970	14669
1971	1971	14694
1972	1972	14674
1973	1973	14706
1974	1974	14679
1975	1975	14674
1976	1976	14681
1977	1977	14676
1978	1978	14670
1979	1979	14686
1980	1980	14680
1981	1981	14677
1982	1982	14674
1983	1983	14660
1984	1984	14696
1985	1985	14663
1986	1986	14693
1987	1987	14683
1988	1988	14655
1989	1989	14675
1990	1990	14655
1991	1991	14662
1992	1992	14644
1993	1993	14654
1994	1994	14640
1995	1995	14647
1996	1996	14643
1997	1997	14633
1998	1998	14631
1999	1999	14650
2000	2000	14648
2001	2001	14625
2002	2002	14604
2003	2003	14628
2004	2004	14615
2005	2005	14627
2006	2006	14608
2007	2007	14615
2008	2008	14615
2009	2009	14625
2010	2010	14621
2011	2011	14623
2012	2012	14618
2013	2013	14604
2014	2014	14596
2015	2015	14593
2016	2016	14604
2017	2017	14626
2018	2018	14603
2019	2019	14597
2020	2020	14578
2021	2021	14568
2022	2022	14593
2023	2023	14578
2024	2024	14593
2025	2025	14602
2026	2026	14579
2027	2027	14567
2028	2028	14599
2029	2029	14571
2030	2030	14580
2031	2031	14569
2032	2032	14557
2033	2033	14551
2034	2034	14576
2035	2035	14533
2036	2036	14593
2037	2037	14580
2038	2038	14556
2039	2039	14540
2040	2040	14558
2041	2041	14536
2042	2042	14547
2043	2043	14547
2044	2044	14537
2045	2045	14552
2046	2046	14566
2047	2047	14550
2048	2048	14573
2049	2049	14556
2050	2050	14566
2051	2051	14542
2052	2052	14517
2053	2053	14529
2054	2054	14534
2055	2055	14508
2056	2056	14521
2057	2057	14534
2058	2058	14530
2059	2059	14529
2060	2060	14530
2061	2061	14514
2062	2062	14507
2063	2063	14529
2064	2064	14509
2065	2065	14523
2066	2066	14527
2067	2067	14526
2068	2068	14494
2069	2069	14513
2070	2070	14503
2071	2071	14478
2072	2072	14497
2073	2073	14495
2074	2074	14490
2075	2075	14473
2076	2076	14477
2077	2077	14507
2078	2078	14487
2079	2079	14465
2080	2080	14478
2081	2081	14468
2082	2082	14478
2083	2083	14471
2084	2084	14427
2085	2085	14442
2086	2086	14481
2087	2087	14460
2088	2088	14447
2089	2089	14456
2090	2090	14463
2091	2091	14475
2092	2092	14440
2093	2093	14455
2094	2094	14454
2095	2095	14457
2096	2096	14464
2097	2097	14456
2098	2098	14453
2099	2099	14443
2100	2100	14445
2101	2101	14441
2102	2102	14445
2103	2103	14443
2104	2104	14428
2105	2105	14433
2106	2106	14449
2107	2107	14432
2108	2108	14429
2109	2109	14434
2110	2110	14436
2111	2111	14448
2112	2112	14436
2113	2113	14415
2114	2114	14407
2115	2115	14419
2116	2116	14435
2117	2117	14406
2118	2118	14432
2119	2119	14424
2120	2120	14414
2121	2121	14397
2122	2122	14415
2123	2123	14402
2124	2124	14418
2125	2125	14420
2126	2126	14393
2127	2127	14407
2128	2128	14411
2129	2129	14413
2130	2130	14377
2131	2131	14392
2132	2132	14392
2133	2133	14382
2134	2134	14399
2135	2135	14382
2136	2136	14376
2137	2137	14381
2138	2138	14380
2139	2139	14395
2140	2140	14367
2141	2141	14374
2142	2142	14384
2143	2143	14399
2144	2144	14384
2145	2145	14385
2146	2146	14386
2147	2147	14388
2148	2148	14364
2149	2149	14378
2150	2150	14377
2151	2151	14358
2152	2152	14361
2153	2153	14356
2154	2154	14337
2155	2155	14342
2156	2156	14350
2157	2157	14326
2158	2158	14332
2159	2159	14348
2160	2160	14336
2161	2161	14333
2162	2162	14359
2163	2163	14341
2164	2164	14329
2165	2165	14328
2166	2166	14321
2167	2167	14318
2168	2168	14334
2169	2169	14328
2170	2170	14346
2171	2171	14331
2172	2172	14333
2173	2173	14324
2174	2174	14312
2175	2175	14318
2176	2176	14330
2177	2177	14303
2178	2178	14311
2179	2179	14300
2180	2180	14310
2181	2181	14293
2182	2182	14286
2183	2183	14292
2184	2184	14286
2185	2185	14276
2186	2186	14305
2187	2187	14306
2188	2188	14271
2189	2189	14304
2190	2190	14284
2191	2191	14271
2192	2192	14279
2193	2193	14281
2194	2194	14271
2195	2195	14259
2196	2196	14288
2197	2197	14281
2198	2198	14263
2199	2199	14270
2200	2200	14261
2201	2201	14267
2202	2202	14271
2203	2203	14266
2204	2204	14273
2205	2205	14257
2206	2206	14262
2207	2207	14235
2208	2208	14259
2209	2209	14256
2210	2210	14259
2211	2211	14262
2212	2212	14244
2213	2213	14234
2214	2214	14249
2215	2215	14237
2216	2216	14217
2217	2217	14249
2218	2218	14241
2219	2219	14225
2220	2220	14226
2221	2221	14221
2222	2222	14215
2223	2223	14238
2224	2224	14205
2225	2225	14228
2226	2226	14216
2227	2227	14214
2228	2228	14222
2229	2229	14203
2230	2230	14225
2231	2231	14214
2232	2232	14208
2233	2233	14228
2234	2234	14231
2235	2235	14216
2236	2236	14203
2237	2237	14204
2238	2238	14198
2239	2239	14195
2240	2240	14192
2241	2241	14205
2242	2242	14191
2243	2243	14190
2244	2244	14181
2245	2245	14189
2246	2246	14186
2247	2247	14206
2248	2248	14177
2249	2249	14194
2250	2250	14199
2251	2251	14195
2252	2252	14176
2253	2253	14174
2254	2254	14178
2255	2255	14185
2256	2256	14177
2257	2257	14173
2258	2258	14162
2259	2259	14176
2260	2260	14175
2261	2261	14183
2262	2262	14167
2263	2263	14190
2264	2264	14170
2265	2265	14142
2266	2266	14172
2267	2267	14164
2268	2268	14151
2269	2269	14165
2270	2270	14176
2271	2271	14150
2272	2272	14150
2273	2273	14167
2274	2274	14152
2275	2275	14143
2276	2276	14142
2277	2277	14148
2278	2278	14136
2279	2279	14144
2280	2280	14129
2281	2281	14101
2282	2282	14120
2283	2283	14132
2284	2284	14154
2285	2285	14140
2286	2286	14149
2287	2287	14137
2288	2288	14128
2289	2289	14140
2290	2290	14120
2291	2291	14126
2292	2292	14149
2293	2293	14186
2294	2294	14174
2295	2295	14168
2296	2296	14162
2297	2297	14166
2298	2298	14185
2299	2299	14166
2300	2300	14163
2301	2301	14144
2302	2302	14144
2303	2303	14134
2304	2304	14138
2305	2305	14152
2306	2306	14117
2307	2307	14138
2308	2308	14094
2309	2309	14078
2310	2310	14066
2311	2311	14079
2312	2312	14085
2313	2313	14074
2314	2314	14076
2315	2315	14063
2316	2316	14054
2317	2317	14043
2318	2318	14054
2319	2319	14060
2320	2320	14020
2321	2321	14031
2322	2322	14018
2323	2323	14027
2324	2324	14009
2325	2325	14033
2326	2326	13997
2327	2327	14004
2328	2328	13993
2329	2329	14006
2330	2330	13991
2331	2331	13994
2332	2332	13958
2333	2333	13968
2334	2334	13944
2335	2335	13943
2336	2336	13930
2337	2337	13924
2338	2338	13922
2339	2339	13953
2340	2340	13923
2341	2341	13934
2342	2342	13906
2343	2343	13879
2344	2344	13867
2345	2345	13867
2346	2346	13871
2347	2347	13855
2348	2348	13845
2349	2349	13856
2350	2350	13837
2351	2351	13825
2352	2352	13815
2353	2353	13820
2354	2354	13788
2355	2355	13786
2356	2356	13801
2357	2357	13796
2358	2358	13791
2359	2359	13768
2360	2360	13764
2361	2361	13757
2362	2362	13751
2363	2363	13756
2364	2364	13731
2365	2365	13695
2366	2366	13700
2367	2367	13708
2368	2368	13679
2369	2369	13693
2370	2370	13686
2371	2371	13658
2372	2372	13673
2373	2373	13665
2374	2374	13644
2375	2375	13624
2376	2376	13614
2377	2377	13610
2378	2378	13578
2379	2379	13598
2380	2380	13554
2381	2381	13543
2382	2382	13530
2383	2383	13531
2384	2384	13514
2385	2385	13500
2386	2386	13494
2387	2387	13508
2388	2388	13452
2389	2389	13474
2390	2390	13477
2391	2391	13458
2392	2392	13468
2393	2393	13478
2394	2394	13472
2395	2395	13473
2396	2396	13462
2397	2397	13484
2398	2398	13479
2399	2399	13483
2400	2400	13460
2401	2401	13467
2402	2402	13471
2403	2403	13450
2404	2404	13474
2405	2405	13458
2406	2406	13463
2407	2407	13469
2408	2408	13462
2409	2409	13424
2410	2410	13452
2411	2411	13463
2412	2412	13451
2413	2413	13438
2414	2414	13451
2415	2415	13462
2416	2416	13445
2417	2417	13442
2418	2418	13461
2419	2419	13431
2420	2420	13438
2421	2421	13441
2422	2422	13434
2423	2423	13445
2424	2424	13439
2425	2425	13417
2426	2426	13419
2427	2427	13417
2428	2428	13423
2429	2429	13440
2430	2430	13390
2431	2431	13426
2432	2432	13417
2433	2433	13430
2434	2434	13423
2435	2435	13419
2436	2436	13409
2437	2437	13391
2438	2438	13399
2439	2439	13392
2440	2440	13407
2441	2441	13399
2442	2442	13400
2443	2443	13393
2444	2444	13402
2445	2445	13409
2446	2446	13385
2447	2447	13392
2448	2448	13383
2449	2449	13372
2450	2450	13389
2451	2451	13391
2452	2452	13422
2453	2453	13397
2454	2454	13415
2455	2455	13374
2456	2456	13383
2457	2457	13407
2458	2458	13383
2459	2459	13384
2460	2460	13361
2461	2461	13383
2462	2462	13403
2463	2463	13393
2464	2464	13379
2465	2465	13358
2466	2466	13373
2467	2467	13376
2468	2468	13384
2469	2469	13360
2470	2470	13362
2471	2471	13350
2472	2472	13364
2473	2473	13367
2474	2474	13365
2475	2475	13346
2476	2476	13366
2477	2477	13376
2478	2478	13365
2479	2479	13336
2480	2480	13374
2481	2481	13363
2482	2482	13349
2483	2483	13343
2484	2484	13361
2485	2485	13361
2486	2486	13374
2487	2487	13346
2488	2488	13314
2489	2489	13346
2490	2490	13332
2491	2491	13329
2492	2492	13328
2493	2493	13338
2494	2494	13333
2495	2495	13334
2496	2496	13327
2497	2497	13349
2498	2498	13332
2499	2499	13333
2500	2500	13328
2501	2501	13342
2502	2502	13322
2503	2503	13357
2504	2504	13354
2505	2505	13329
2506	2506	13332
2507	2507	13341
2508	2508	13335
2509	2509	13312
2510	2510	13327
2511	2511	13325
2512	2512	13316
2513	2513	13336
2514	2514	13308
2515	2515	13298
2516	2516	13318
2517	2517	13309
2518	2518	13321
2519	2519	13312
2520	2520	13309
2521	2521	13324
2522	2522	13290
2523	2523	13316
2524	2524	13306
2525	2525	13300
2526	2526	13294
2527	2527	13297
2528	2528	13291
2529	2529	13294
2530	2530	13299
2531	2531	13304
2532	2532	13293
2533	2533	13277
2534	2534	13280
2535	2535	13286
2536	2536	13297
2537	2537	13281
2538	2538	13274
2539	2539	13268
2540	2540	13294
2541	2541	13275
2542	2542	13272
2543	2543	13277
2544	2544	13280
2545	2545	13260
2546	2546	13257
2547	2547	13257
2548	2548	13261
2549	2549	13261
2550	2550	13262
2551	2551	13258
2552	2552	13261
2553	2553	13248
2554	2554	13277
2555	2555	13250
2556	2556	13262
2557	2557	13260
2558	2558	13253
2559	2559	13250
2560	2560	13232
2561	2561	13244
2562	2562	13250
2563	2563	13224
2564	2564	13252
2565	2565	13225
2566	2566	13230
2567	2567	13223
2568	2568	13242
2569	2569	13222
2570	2570	13225
2571	2571	13231
2572	2572	13238
2573	2573	13252
2574	2574	13232
2575	2575	13216
2576	2576	13245
2577	2577	13222
2578	2578	13225
2579	2579	13214
2580	2580	13233
2581	2581	13216
2582	2582	13240
2583	2583	13221
2584	2584	13223
2585	2585	13215
2586	2586	13208
2587	2587	13226
2588	2588	13215
2589	2589	13198
2590	2590	13208
2591	2591	13224
2592	2592	13215
2593	2593	13212
2594	2594	13235
2595	2595	13210
2596	2596	13199
2597	2597	13210
2598	2598	13216
2599	2599	13192
2600	2600	13195
2601	2601	13207
2602	2602	13210
2603	2603	13197
2604	2604	13208
2605	2605	13200
2606	2606	13203
2607	2607	13199
2608	2608	13179
2609	2609	13183
2610	2610	13193
2611	2611	13180
2612	2612	13181
2613	2613	13165
2614	2614	13179
2615	2615	13180
2616	2616	13168
2617	2617	13207
2618	2618	13189
2619	2619	13181
2620	2620	13182
2621	2621	13178
2622	2622	13193
2623	2623	13166
2624	2624	13188
2625	2625	13164
2626	2626	13165
2627	2627	13187
2628	2628	13156
2629	2629	13158
2630	2630	13167
2631	2631	13142
2632	2632	13125
2633	2633	13115
2634	2634	13095
2635	2635	13100
2636	2636	13074
2637	2637	13073
2638	2638	13033
2639	2639	13032
2640	2640	13042
2641	2641	13017
2642	2642	13007
2643	2643	12982
2644	2644	12994
2645	2645	12979
2646	2646	12958
2647	2647	12977
2648	2648	12917
2649	2649	12916
2650	2650	12935
2651	2651	12938
2652	2652	12907
2653	2653	12915
2654	2654	12912
2655	2655	12905
2656	2656	12922
2657	2657	12920
2658	2658	12912
2659	2659	12925
2660	2660	12907
2661	2661	12902
2662	2662	12896
2663	2663	12898
2664	2664	12925
2665	2665	12915
2666	2666	12908
2667	2667	12926
2668	2668	12938
2669	2669	12884
2670	2670	12900
2671	2671	12892
2672	2672	12878
2673	2673	12888
2674	2674	12918
2675	2675	12913
2676	2676	12905
2677	2677	12912
2678	2678	12895
2679	2679	12900
2680	2680	12876
2681	2681	12893
2682	2682	12868
2683	2683	12887
2684	2684	12885
2685	2685	12889
2686	2686	12919
2687	2687	12900
2688	2688	12904
2689	2689	12897
2690	2690	12886
2691	2691	12890
2692	2692	12891
2693	2693	12886
2694	2694	12866
2695	2695	12881
2696	2696	12882
2697	2697	12883
2698	2698	12883
2699	2699	12870
2700	2700	12888
2701	2701	12866
2702	2702	12861
2703	2703	12882
2704	2704	12864
2705	2705	12859
2706	2706	12864
2707	2707	12875
2708	2708	12858
2709	2709	12880
2710	2710	12875
2711	2711	12872
2712	2712	12886
2713	2713	12883
2714	2714	12865
2715	2715	12862
2716	2716	12891
2717	2717	12865
2718	2718	12864
2719	2719	12855
2720	2720	12868
2721	2721	12875
2722	2722	12860
2723	2723	12865
2724	2724	12866
2725	2725	12870
2726	2726	12857
2727	2727	12871
2728	2728	12851
2729	2729	12847
2730	2730	12873
2731	2731	12869
2732	2732	12868
2733	2733	12852
2734	2734	12840
2735	2735	12844
2736	2736	12847
2737	2737	12848
2738	2738	12842
2739	2739	12845
2740	2740	12842
2741	2741	12844
2742	2742	12835
2743	2743	12844
2744	2744	12837
2745	2745	12828
2746	2746	12857
2747	2747	12838
2748	2748	12837
2749	2749	12811
2750	2750	12844
2751	2751	12842
2752	2752	12850
2753	2753	12849
2754	2754	12828
2755	2755	12848
2756	2756	12819
2757	2757	12826
2758	2758	12853
2759	2759	12828
2760	2760	12826
2761	2761	12844
2762	2762	12820
2763	2763	12836
2764	2764	12845
2765	2765	12827
2766	2766	12821
2767	2767	12818
2768	2768	12822
2769	2769	12838
2770	2770	12836
2771	2771	12815
2772	2772	12829
2773	2773	12827
2774	2774	12822
2775	2775	12807
2776	2776	12805
2777	2777	12817
2778	2778	12816
2779	2779	12810
2780	2780	12824
2781	2781	12815
2782	2782	12805
2783	2783	12817
2784	2784	12828
2785	2785	12794
2786	2786	12804
2787	2787	12828
2788	2788	12809
2789	2789	12802
2790	2790	12803
2791	2791	12796
2792	2792	12804
2793	2793	12787
2794	2794	12811
2795	2795	12800
2796	2796	12805
2797	2797	12793
2798	2798	12793
2799	2799	12791
2800	2800	12804
2801	2801	12779
2802	2802	12801
2803	2803	12796
2804	2804	12794
2805	2805	12800
2806	2806	12787
2807	2807	12793
2808	2808	12797
2809	2809	12802
2810	2810	12790
2811	2811	12795
2812	2812	12785
2813	2813	12804
2814	2814	12765
2815	2815	12796
2816	2816	12797
2817	2817	12798
2818	2818	12777
2819	2819	12792
2820	2820	12794
2821	2821	12770
2822	2822	12771
2823	2823	12774
2824	2824	12763
2825	2825	12757
2826	2826	12761
2827	2827	12758
2828	2828	12773
2829	2829	12766
2830	2830	12767
2831	2831	12763
2832	2832	12768
2833	2833	12760
2834	2834	12747
2835	2835	12765
2836	2836	12763
2837	2837	12757
2838	2838	12775
2839	2839	12762
2840	2840	12765
2841	2841	12736
2842	2842	12753
2843	2843	12769
2844	2844	12757
2845	2845	12758
2846	2846	12741
2847	2847	12754
2848	2848	12751
2849	2849	12736
2850	2850	12740
2851	2851	12761
2852	2852	12759
2853	2853	12759
2854	2854	12767
2855	2855	12734
2856	2856	12747
2857	2857	12752
2858	2858	12750
2859	2859	12746
2860	2860	13043
2861	2861	13038
2862	2862	13049
2863	2863	13036
2864	2864	13051
2865	2865	13033
2866	2866	13031
2867	2867	13046
2868	2868	13039
2869	2869	13044
2870	2870	13043
2871	2871	13035
2872	2872	13039
2873	2873	13046
2874	2874	13027
2875	2875	13037
2876	2876	13030
2877	2877	13025
2878	2878	13022
2879	2879	13019
2880	2880	13025
2881	2881	13032
2882	2882	13020
2883	2883	13012
2884	2884	13011
2885	2885	13027
2886	2886	13029
2887	2887	13031
2888	2888	13024
2889	2889	13025
2890	2890	13036
2891	2891	13012
2892	2892	13031
2893	2893	13023
2894	2894	13027
2895	2895	13011
2896	2896	13013
2897	2897	13018
2898	2898	13031
2899	2899	12724
2900	2900	12714
2901	2901	12720
2902	2902	12732
2903	2903	12727
2904	2904	12727
2905	2905	12712
2906	2906	12719
2907	2907	12722
2908	2908	12693
2909	2909	12728
2910	2910	12708
2911	2911	12724
2912	2912	12717
2913	2913	12720
2914	2914	12709
2915	2915	12707
2916	2916	12720
2917	2917	12707
2918	2918	12691
2919	2919	12714
2920	2920	12709
2921	2921	12713
2922	2922	12716
2923	2923	12728
2924	2924	12690
2925	2925	12717
2926	2926	12693
2927	2927	12695
2928	2928	12989
2929	2929	12997
2930	2930	12729
2931	2931	13016
2932	2932	12998
2933	2933	12996
2934	2934	12993
2935	2935	13000
2936	2936	12998
2937	2937	12982
2938	2938	12990
2939	2939	12975
2940	2940	12977
2941	2941	12979
2942	2942	12992
2943	2943	13000
2944	2944	12977
2945	2945	13003
2946	2946	12998
2947	2947	12991
2948	2948	12986
2949	2949	12986
2950	2950	12992
2951	2951	13001
2952	2952	12990
2953	2953	12981
2954	2954	12990
2955	2955	12992
2956	2956	12987
2957	2957	12991
2958	2958	12979
2959	2959	12978
2960	2960	12969
2961	2961	12979
2962	2962	12988
2963	2963	12962
2964	2964	12983
2965	2965	12962
2966	2966	12968
2967	2967	12978
2968	2968	12973
2969	2969	12975
2970	2970	12979
2971	2971	12982
2972	2972	12972
2973	2973	12998
2974	2974	12987
2975	2975	12956
2976	2976	12967
2977	2977	12970
2978	2978	12979
2979	2979	12956
2980	2980	12969
2981	2981	12971
2982	2982	12959
2983	2983	12971
2984	2984	12965
2985	2985	12960
2986	2986	12951
2987	2987	12984
2988	2988	12960
2989	2989	12970
2990	2990	12970
2991	2991	12963
2992	2992	12966
2993	2993	12975
2994	2994	12961
2995	2995	12956
2996	2996	12956
2997	2997	12965
2998	2998	12975
2999	2999	12942
3000	3000	12955
3001	3001	12968
3002	3002	12976
3003	3003	12961
3004	3004	12952
3005	3005	12941
3006	3006	12958
3007	3007	12970
3008	3008	12964
3009	3009	12943
3010	3010	12954
3011	3011	12951
3012	3012	12942
3013	3013	12956
3014	3014	12958
3015	3015	12931
3016	3016	12943
3017	3017	12955
3018	3018	12945
3019	3019	12948
3020	3020	12930
3021	3021	12957
3022	3022	12957
3023	3023	12941
3024	3024	12944
3025	3025	12954
3026	3026	12957
3027	3027	12921
3028	3028	12930
3029	3029	12936
3030	3030	12950
3031	3031	12954
3032	3032	12945
3033	3033	12940
3034	3034	12926
3035	3035	12934
3036	3036	12935
3037	3037	12943
3038	3038	12936
3039	3039	12946
3040	3040	12944
3041	3041	12931
3042	3042	12964
3043	3043	12955
3044	3044	12934
3045	3045	12931
3046	3046	12934
3047	3047	12936
3048	3048	12922
3049	3049	12959
3050	3050	12935
3051	3051	12961
3052	3052	12929
3053	3053	12939
3054	3054	12937
3055	3055	12929
3056	3056	12911
3057	3057	12953
3058	3058	12932
3059	3059	12939
3060	3060	12920
3061	3061	12917
3062	3062	12914
3063	3063	12903
3064	3064	12898
3065	3065	12926
3066	3066	12899
3067	3067	12914
3068	3068	12912
3069	3069	12902
3070	3070	12907
3071	3071	12914
3072	3072	12912
3073	3073	12907
3074	3074	12911
3075	3075	12914
3076	3076	12907
3077	3077	12900
3078	3078	12934
3079	3079	12929
3080	3080	12909
3081	3081	12902
3082	3082	12921
3083	3083	12906
3084	3084	12915
3085	3085	12913
3086	3086	12905
3087	3087	12911
3088	3088	12914
3089	3089	12921
3090	3090	12898
3091	3091	12903
3092	3092	12921
3093	3093	12915
3094	3094	12921
3095	3095	12913
3096	3096	12935
3097	3097	12908
3098	3098	12920
3099	3099	12904
3100	3100	12902
3101	3101	12927
3102	3102	12932
3103	3103	12905
3104	3104	12913
3105	3105	12902
3106	3106	12898
3107	3107	12908
3108	3108	12904
3109	3109	12903
3110	3110	12906
3111	3111	12915
3112	3112	12889
3113	3113	12902
3114	3114	12899
3115	3115	12895
3116	3116	12909
3117	3117	12908
3118	3118	12888
3119	3119	12911
3120	3120	12902
3121	3121	12881
3122	3122	12899
3123	3123	12878
3124	3124	12890
3125	3125	12909
3126	3126	12897
3127	3127	12891
3128	3128	12890
3129	3129	12908
3130	3130	12907
3131	3131	12901
3132	3132	12906
3133	3133	12892
3134	3134	12892
3135	3135	12902
3136	3136	12900
3137	3137	12895
3138	3138	12870
3139	3139	12890
3140	3140	12887
3141	3141	12888
3142	3142	12885
3143	3143	12896
3144	3144	12898
3145	3145	12581
3146	3146	12592
3147	3147	12574
3148	3148	12611
3149	3149	12603
3150	3150	12590
3151	3151	12599
3152	3152	12577
3153	3153	12567
3154	3154	12595
3155	3155	12573
3156	3156	12591
3157	3157	12594
3158	3158	12579
3159	3159	12571
3160	3160	12588
3161	3161	12593
3162	3162	12576
3163	3163	12569
3164	3164	12559
3165	3165	12590
3166	3166	12563
3167	3167	12554
3168	3168	12557
3169	3169	12578
3170	3170	12580
3171	3171	12573
3172	3172	12559
3173	3173	12546
3174	3174	12563
3175	3175	12580
3176	3176	12561
3177	3177	12553
3178	3178	12559
3179	3179	12564
3180	3180	12560
3181	3181	12571
3182	3182	12529
3183	3183	12536
3184	3184	12553
3185	3185	12532
3186	3186	12569
3187	3187	12580
3188	3188	12573
3189	3189	12546
3190	3190	12561
3191	3191	12562
3192	3192	12565
3193	3193	12578
3194	3194	12548
3195	3195	12544
3196	3196	12571
3197	3197	12563
3198	3198	12558
3199	3199	12545
3200	3200	12564
3201	3201	12561
3202	3202	12562
3203	3203	12575
3204	3204	12543
3205	3205	12549
3206	3206	12568
3207	3207	12543
3208	3208	12542
3209	3209	12556
3210	3210	12561
3211	3211	12567
3212	3212	12544
3213	3213	12513
3214	3214	12542
3215	3215	12840
3216	3216	12542
3217	3217	12841
3218	3218	12850
3219	3219	12841
3220	3220	12529
3221	3221	12832
3222	3222	12553
3223	3223	12526
3224	3224	12547
3225	3225	12560
3226	3226	12549
3227	3227	12533
3228	3228	12543
3229	3229	12554
3230	3230	12533
3231	3231	12546
3232	3232	12532
3233	3233	12523
3234	3234	12516
3235	3235	12531
3236	3236	12542
3237	3237	12533
3238	3238	12519
3239	3239	12545
3240	3240	12529
3241	3241	12827
3242	3242	12804
3243	3243	12829
3244	3244	12530
3245	3245	12547
3246	3246	12519
3247	3247	12540
3248	3248	12833
3249	3249	12821
3250	3250	12802
3251	3251	12836
3252	3252	12838
3253	3253	12821
3254	3254	12823
3255	3255	12824
3256	3256	12818
3257	3257	12816
3258	3258	12810
3259	3259	12821
3260	3260	12835
3261	3261	12833
3262	3262	12796
3263	3263	12802
3264	3264	12805
3265	3265	12808
3266	3266	12828
3267	3267	12801
3268	3268	12793
3269	3269	12796
3270	3270	12824
3271	3271	12803
3272	3272	12798
3273	3273	12817
3274	3274	12826
3275	3275	12783
3276	3276	12801
3277	3277	12808
3278	3278	12810
3279	3279	12803
3280	3280	12807
3281	3281	12811
3282	3282	12524
3283	3283	12507
3284	3284	12513
3285	3285	12524
3286	3286	12513
3287	3287	12512
3288	3288	12497
3289	3289	12507
3290	3290	12497
3291	3291	12513
3292	3292	12498
3293	3293	12497
3294	3294	12509
3295	3295	12484
3296	3296	12509
3297	3297	12496
3298	3298	12491
3299	3299	12487
3300	3300	12506
3301	3301	12533
3302	3302	12503
3303	3303	12529
3304	3304	12495
3305	3305	12494
3306	3306	12490
3307	3307	12510
3308	3308	12490
3309	3309	12470
3310	3310	12486
3311	3311	12490
3312	3312	12496
3313	3313	12486
3314	3314	12483
3315	3315	12483
3316	3316	12470
3317	3317	12477
3318	3318	12488
3319	3319	12474
3320	3320	12495
3321	3321	12476
3322	3322	12466
3323	3323	12447
3324	3324	12466
3325	3325	12473
3326	3326	12479
3327	3327	12477
3328	3328	12472
3329	3329	12770
3330	3330	12776
3331	3331	12770
3332	3332	12762
3333	3333	12762
3334	3334	12744
3335	3335	12769
3336	3336	12755
3337	3337	12748
3338	3338	12751
3339	3339	12761
3340	3340	12746
3341	3341	12747
3342	3342	12760
3343	3343	12759
3344	3344	12759
3345	3345	12760
3346	3346	12745
3347	3347	12749
3348	3348	12755
3349	3349	12744
3350	3350	12766
3351	3351	12763
3352	3352	12770
3353	3353	12753
3354	3354	12758
3355	3355	12743
3356	3356	12755
3357	3357	12758
3358	3358	12752
3359	3359	12745
3360	3360	12766
3361	3361	12764
3362	3362	12743
3363	3363	12740
3364	3364	12746
3365	3365	12745
3366	3366	12742
3367	3367	12757
3368	3368	12756
3369	3369	12746
3370	3370	12748
3371	3371	12749
3372	3372	12763
3373	3373	12756
3374	3374	12747
3375	3375	12758
3376	3376	12743
3377	3377	12744
3378	3378	12744
3379	3379	12744
3380	3380	12731
3381	3381	12749
3382	3382	12746
3383	3383	12745
3384	3384	12732
3385	3385	12736
3386	3386	12737
3387	3387	12746
3388	3388	12739
3389	3389	12742
3390	3390	12748
3391	3391	12743
3392	3392	12716
3393	3393	12737
3394	3394	12729
3395	3395	12743
3396	3396	12734
3397	3397	12730
3398	3398	12724
3399	3399	12726
3400	3400	12751
3401	3401	12747
3402	3402	12732
3403	3403	12721
3404	3404	12738
3405	3405	12747
3406	3406	12742
3407	3407	12742
3408	3408	12753
3409	3409	12737
3410	3410	12714
3411	3411	12742
3412	3412	12728
3413	3413	12728
3414	3414	12727
3415	3415	12714
3416	3416	12735
3417	3417	12745
3418	3418	12730
3419	3419	12731
3420	3420	12731
3421	3421	12741
3422	3422	12736
3423	3423	12745
3424	3424	12737
3425	3425	12732
3426	3426	12735
3427	3427	12719
3428	3428	12723
3429	3429	12739
3430	3430	12721
3431	3431	12724
3432	3432	12722
3433	3433	12733
3434	3434	12719
3435	3435	12710
3436	3436	12735
3437	3437	12710
3438	3438	12722
3439	3439	12716
3440	3440	12716
3441	3441	12708
3442	3442	12710
3443	3443	12717
3444	3444	12715
3445	3445	12731
3446	3446	12718
3447	3447	12714
3448	3448	12733
3449	3449	12701
3450	3450	12719
3451	3451	12714
3452	3452	12707
3453	3453	12709
3454	3454	12717
3455	3455	12728
3456	3456	12722
3457	3457	12729
3458	3458	12726
3459	3459	12721
3460	3460	12712
3461	3461	12693
3462	3462	12709
3463	3463	12706
3464	3464	12698
3465	3465	12702
3466	3466	12714
3467	3467	12709
3468	3468	12731
3469	3469	12705
3470	3470	12709
3471	3471	12703
3472	3472	12699
3473	3473	12672
3474	3474	12706
3475	3475	12704
3476	3476	12702
3477	3477	12700
3478	3478	12701
3479	3479	12677
3480	3480	12694
3481	3481	12709
3482	3482	12397
3483	3483	12414
3484	3484	12699
3485	3485	12692
3486	3486	12679
3487	3487	12714
3488	3488	12716
3489	3489	12414
3490	3490	12409
3491	3491	12410
3492	3492	12695
3493	3493	12717
3494	3494	12687
3495	3495	12689
3496	3496	12697
3497	3497	12693
3498	3498	12688
3499	3499	12691
3500	3500	12690
3501	3501	12702
3502	3502	12695
3503	3503	12695
3504	3504	12689
3505	3505	12684
3506	3506	12681
3507	3507	12697
3508	3508	12681
3509	3509	12686
3510	3510	12693
3511	3511	12692
3512	3512	12690
3513	3513	12694
3514	3514	12673
3515	3515	12666
3516	3516	12671
3517	3517	12685
3518	3518	12690
3519	3519	12681
3520	3520	12674
3521	3521	12675
3522	3522	12674
3523	3523	12679
3524	3524	12669
3525	3525	12656
3526	3526	12676
3527	3527	12670
3528	3528	12675
3529	3529	12673
3530	3530	12641
3531	3531	12665
3532	3532	12660
3533	3533	12675
3534	3534	12663
3535	3535	12655
3536	3536	12662
3537	3537	12657
3538	3538	12669
3539	3539	12675
3540	3540	12660
3541	3541	12674
3542	3542	12676
3543	3543	12673
3544	3544	12669
3545	3545	12658
3546	3546	12658
3547	3547	12655
3548	3548	12662
3549	3549	12671
3550	3550	12662
3551	3551	12661
3552	3552	12679
3553	3553	12656
3554	3554	12678
3555	3555	12665
3556	3556	12668
3557	3557	12646
3558	3558	12668
3559	3559	12669
3560	3560	12657
3561	3561	12673
3562	3562	12657
3563	3563	12654
3564	3564	12677
3565	3565	12659
3566	3566	12657
3567	3567	12665
3568	3568	12648
3569	3569	12655
3570	3570	12651
3571	3571	12642
3572	3572	12653
3573	3573	12663
3574	3574	12652
3575	3575	12650
3576	3576	12641
3577	3577	12644
3578	3578	12651
3579	3579	12646
3580	3580	12634
3581	3581	12667
3582	3582	12656
3583	3583	12644
3584	3584	12634
3585	3585	12645
3586	3586	12630
3587	3587	12644
3588	3588	12640
3589	3589	12634
3590	3590	12652
3591	3591	12655
3592	3592	12652
3593	3593	12627
3594	3594	12633
3595	3595	12645
3596	3596	12636
3597	3597	12649
3598	3598	12632
3599	3599	12647
3600	3600	12639
3601	3601	12633
3602	3602	12648
