 	slice	peaks
1	1	14049
2	2	14055
3	3	14052
4	4	14030
5	5	14039
6	6	14043
7	7	14019
8	8	14028
9	9	14023
10	10	14018
11	11	14011
12	12	14010
13	13	14005
14	14	13997
15	15	13996
16	16	13980
17	17	13960
18	18	13971
19	19	13967
20	20	13959
21	21	13943
22	22	13964
23	23	13946
24	24	13957
25	25	13932
26	26	13931
27	27	13946
28	28	13926
29	29	13912
30	30	13928
31	31	13914
32	32	13919
33	33	13912
34	34	13905
35	35	13906
36	36	13879
37	37	13875
38	38	13879
39	39	13877
40	40	13866
41	41	13872
42	42	13858
43	43	13851
44	44	13850
45	45	13847
46	46	13860
47	47	13849
48	48	13849
49	49	13843
50	50	13816
51	51	13823
52	52	13815
53	53	13811
54	54	13810
55	55	13818
56	56	13815
57	57	13803
58	58	13786
59	59	13799
60	60	13780
61	61	13794
62	62	13783
63	63	13778
64	64	13761
65	65	13764
66	66	13770
67	67	13757
68	68	13757
69	69	13734
70	70	13737
71	71	13725
72	72	13742
73	73	13709
74	74	13711
75	75	13688
76	76	13702
77	77	13694
78	78	13690
79	79	13678
80	80	13700
81	81	13676
82	82	13682
83	83	13675
84	84	13660
85	85	13617
86	86	13633
87	87	13648
88	88	13653
89	89	13632
90	90	13623
91	91	13624
92	92	13618
93	93	13629
94	94	13620
95	95	13594
96	96	13610
97	97	13611
98	98	13595
99	99	13608
100	100	13568
101	101	13588
102	102	13572
103	103	13563
104	104	13578
105	105	13564
106	106	13562
107	107	13551
108	108	13559
109	109	13561
110	110	13562
111	111	13556
112	112	13559
113	113	13532
114	114	13525
115	115	13540
116	116	13534
117	117	13534
118	118	13537
119	119	13544
120	120	13527
121	121	13547
122	122	13532
123	123	13530
124	124	13500
125	125	13503
126	126	13489
127	127	13490
128	128	13503
129	129	13500
130	130	13493
131	131	13496
132	132	13475
133	133	13490
134	134	13499
135	135	13483
136	136	13495
137	137	13495
138	138	13486
139	139	13471
140	140	13470
141	141	13490
142	142	13468
143	143	13455
144	144	13471
145	145	13449
146	146	13464
147	147	13472
148	148	13452
149	149	13450
150	150	13447
151	151	13448
152	152	13445
153	153	13441
154	154	13442
155	155	13437
156	156	13431
157	157	13436
158	158	13439
159	159	13433
160	160	13427
161	161	13415
162	162	13417
163	163	13415
164	164	13420
165	165	13421
166	166	13427
167	167	13419
168	168	13431
169	169	13411
170	170	13427
171	171	13434
172	172	13416
173	173	13420
174	174	13406
175	175	13425
176	176	13398
177	177	13390
178	178	13409
179	179	13402
180	180	13407
181	181	13394
182	182	13387
183	183	13409
184	184	13396
185	185	13392
186	186	13383
187	187	13382
188	188	13349
189	189	13369
190	190	13379
191	191	13352
192	192	13356
193	193	13364
194	194	13358
195	195	13372
196	196	13365
197	197	13340
198	198	13338
199	199	13338
200	200	13353
201	201	13332
202	202	13347
203	203	13341
204	204	13347
205	205	13326
206	206	13332
207	207	13341
208	208	13339
209	209	13325
210	210	13329
211	211	13326
212	212	13323
213	213	13329
214	214	13320
215	215	13312
216	216	13328
217	217	13312
218	218	13301
219	219	13319
220	220	13315
221	221	13317
222	222	13313
223	223	13300
224	224	13297
225	225	13294
226	226	13321
227	227	13306
228	228	13298
229	229	13292
230	230	13296
231	231	13294
232	232	13298
233	233	13292
234	234	13268
235	235	13275
236	236	13275
237	237	13284
238	238	13284
239	239	13269
240	240	13284
241	241	13280
242	242	13263
243	243	13253
244	244	13262
245	245	13255
246	246	13250
247	247	13253
248	248	13244
249	249	13247
250	250	13237
251	251	13235
252	252	13241
253	253	13234
254	254	13240
255	255	13236
256	256	13225
257	257	13228
258	258	13226
259	259	13228
260	260	13213
261	261	13219
262	262	13215
263	263	13205
264	264	13216
265	265	13213
266	266	13204
267	267	13209
268	268	13200
269	269	13189
270	270	13199
271	271	13193
272	272	13190
273	273	13185
274	274	13195
275	275	13191
276	276	13183
277	277	13185
278	278	13175
279	279	13184
280	280	13171
281	281	13172
282	282	13168
283	283	13157
284	284	13159
285	285	13157
286	286	13167
287	287	13151
288	288	13159
289	289	13135
290	290	13143
291	291	13135
292	292	13140
293	293	13128
294	294	13131
295	295	13133
296	296	13120
297	297	13138
298	298	13119
299	299	13143
300	300	13113
301	301	13132
302	302	13111
303	303	13117
304	304	13118
305	305	13107
306	306	13102
307	307	13097
308	308	13097
309	309	13086
310	310	13105
311	311	13092
312	312	13098
313	313	13102
314	314	13094
315	315	13087
316	316	13089
317	317	13083
318	318	13079
319	319	13073
320	320	13062
321	321	13085
322	322	13070
323	323	13059
324	324	13066
325	325	13055
326	326	13042
327	327	13044
328	328	13045
329	329	13051
330	330	13029
331	331	13054
332	332	13046
333	333	13040
334	334	13027
335	335	13026
336	336	13045
337	337	13035
338	338	13028
339	339	13036
340	340	13037
341	341	13014
342	342	13038
343	343	13036
344	344	13019
345	345	13034
346	346	13020
347	347	13035
348	348	12994
349	349	12984
350	350	13001
351	351	13011
352	352	13002
353	353	13002
354	354	12992
355	355	12992
356	356	12989
357	357	12989
358	358	12972
359	359	12981
360	360	12974
361	361	12965
362	362	12957
363	363	12966
364	364	12953
365	365	12955
366	366	12961
367	367	12952
368	368	12932
369	369	12940
370	370	12937
371	371	12935
372	372	12922
373	373	12920
374	374	12936
375	375	12926
376	376	12931
377	377	12907
378	378	12914
379	379	12898
380	380	12915
381	381	12912
382	382	12895
383	383	12910
384	384	12894
385	385	12898
386	386	12897
387	387	12887
388	388	12880
389	389	12879
390	390	12887
391	391	12868
392	392	12866
393	393	12863
394	394	12888
395	395	12879
396	396	12859
397	397	12845
398	398	12858
399	399	12845
400	400	12852
401	401	12830
402	402	12848
403	403	12848
404	404	12828
405	405	12835
406	406	12821
407	407	12809
408	408	12820
409	409	12829
410	410	12818
411	411	12816
412	412	12809
413	413	12838
414	414	12816
415	415	12819
416	416	12811
417	417	12812
418	418	12810
419	419	12802
420	420	12793
421	421	12783
422	422	12780
423	423	12786
424	424	12785
425	425	12771
426	426	12791
427	427	12768
428	428	12774
429	429	12769
430	430	12764
431	431	12765
432	432	12752
433	433	12755
434	434	12763
435	435	12746
436	436	12742
437	437	12749
438	438	12736
439	439	12744
440	440	12734
441	441	12729
442	442	12722
443	443	12711
444	444	12714
445	445	12716
446	446	12703
447	447	12701
448	448	12699
449	449	12700
450	450	12707
451	451	12711
452	452	12704
453	453	12700
454	454	12694
455	455	12702
456	456	12685
457	457	12685
458	458	12696
459	459	12681
460	460	12682
461	461	12670
462	462	12678
463	463	12689
464	464	12668
465	465	12663
466	466	12670
467	467	12663
468	468	12659
469	469	12656
470	470	12635
471	471	12667
472	472	12637
473	473	12646
474	474	12646
475	475	12629
476	476	12623
477	477	12632
478	478	12617
479	479	12628
480	480	12622
481	481	12636
482	482	12629
483	483	12621
484	484	12637
485	485	12620
486	486	12605
487	487	12603
488	488	12609
489	489	12603
490	490	12592
491	491	12591
492	492	12588
493	493	12584
494	494	12587
495	495	12583
496	496	12566
497	497	12591
498	498	12581
499	499	12563
500	500	12580
501	501	12559
502	502	12558
503	503	12550
504	504	12568
505	505	12556
506	506	12555
507	507	12556
508	508	12536
509	509	12537
510	510	12544
511	511	12550
512	512	12539
513	513	12533
514	514	12544
515	515	12531
516	516	12523
517	517	12628
518	518	12643
519	519	17739
520	520	14572
521	521	12499
522	522	12627
523	523	12469
524	524	12460
525	525	12462
526	526	12616
527	527	12478
528	528	12455
529	529	12458
530	530	12452
531	531	12448
532	532	12440
533	533	12448
534	534	12427
535	535	12450
536	536	12434
537	537	12440
538	538	12436
539	539	12432
540	540	12438
541	541	12413
542	542	12421
543	543	12419
544	544	12409
545	545	12403
546	546	12393
547	547	12396
548	548	12380
549	549	12391
550	550	12382
551	551	12406
552	552	12404
553	553	12402
554	554	12380
555	555	12393
556	556	12367
557	557	12371
558	558	12368
559	559	12373
560	560	12356
561	561	12351
562	562	12353
563	563	12358
564	564	12348
565	565	12322
566	566	12330
567	567	12328
568	568	12330
569	569	12323
570	570	12333
571	571	12307
572	572	12320
573	573	12309
574	574	12315
575	575	12296
576	576	12307
577	577	12299
578	578	12295
579	579	12296
580	580	12286
581	581	12292
582	582	12286
583	583	12286
584	584	12269
585	585	12268
586	586	12275
587	587	12283
588	588	12254
589	589	12270
590	590	12259
591	591	12245
592	592	12243
593	593	12267
594	594	12242
595	595	12248
596	596	12253
597	597	12241
598	598	12230
599	599	12229
600	600	12240
601	601	12228
602	602	12229
603	603	12226
604	604	12207
605	605	12221
606	606	12220
607	607	12206
608	608	12199
609	609	12201
610	610	12200
611	611	12201
612	612	12205
613	613	12186
614	614	12175
615	615	12176
616	616	12176
617	617	12155
618	618	12166
619	619	12145
620	620	12142
621	621	12124
622	622	12122
623	623	12111
624	624	12104
625	625	12094
626	626	12060
627	627	12071
628	628	12031
629	629	12030
630	630	12013
631	631	11976
632	632	11948
633	633	11919
634	634	11910
635	635	11885
636	636	11839
637	637	11803
638	638	11759
639	639	11726
640	640	11700
641	641	11777
642	642	11737
643	643	11701
644	644	11679
645	645	11621
646	646	11571
647	647	11530
648	648	11490
649	649	11428
650	650	11373
651	651	11330
652	652	11263
653	653	11214
654	654	11172
655	655	11100
656	656	11036
657	657	10970
658	658	10898
659	659	10843
660	660	10777
661	661	10714
662	662	10643
663	663	10580
664	664	10527
665	665	10441
666	666	10347
667	667	10276
668	668	10224
669	669	10144
670	670	10093
671	671	10007
672	672	9934
673	673	9853
674	674	9806
675	675	9723
676	676	9644
677	677	9583
678	678	9488
679	679	9408
680	680	9353
681	681	9293
682	682	9205
683	683	9138
684	684	9055
685	685	8993
686	686	8921
687	687	8861
688	688	8790
689	689	8716
690	690	8648
691	691	8566
692	692	8481
693	693	8414
694	694	8367
695	695	8292
696	696	8236
697	697	8181
698	698	8168
699	699	8100
700	700	8037
701	701	7977
702	702	7917
703	703	7828
704	704	7788
705	705	7719
706	706	7654
707	707	7589
708	708	7512
709	709	7451
710	710	7388
711	711	7339
712	712	7270
713	713	7203
714	714	7159
715	715	7077
716	716	7030
717	717	6952
718	718	6909
719	719	6844
720	720	6783
721	721	6751
722	722	6689
723	723	6621
724	724	6564
725	725	6524
726	726	6459
727	727	6423
728	728	6375
729	729	6335
730	730	6289
731	731	6247
732	732	6202
733	733	6131
734	734	6086
735	735	6072
736	736	6024
737	737	5991
738	738	5947
739	739	5894
740	740	5838
741	741	5820
742	742	5770
743	743	5740
744	744	5688
745	745	5645
746	746	5606
747	747	5557
748	748	5519
749	749	5518
750	750	5487
751	751	5445
752	752	5413
753	753	5361
754	754	5343
755	755	5305
756	756	5276
757	757	5244
758	758	5216
759	759	5178
760	760	5148
761	761	5118
762	762	5091
763	763	5071
764	764	5029
765	765	5009
766	766	4972
767	767	4930
768	768	4906
769	769	4883
770	770	4852
771	771	4815
772	772	4775
773	773	4764
774	774	4732
775	775	4699
776	776	4666
777	777	4626
778	778	4610
779	779	4587
780	780	4558
781	781	4545
782	782	4528
783	783	4502
784	784	4484
785	785	4469
786	786	4437
787	787	4424
788	788	4388
789	789	4373
790	790	4328
791	791	4315
792	792	4303
793	793	4286
794	794	4265
795	795	4250
796	796	4225
797	797	4201
798	798	4166
799	799	4159
800	800	4147
801	801	4132
802	802	4104
803	803	4094
804	804	4064
805	805	4057
806	806	4034
807	807	4023
808	808	4007
809	809	3989
810	810	3982
811	811	3957
812	812	3960
813	813	3934
814	814	3912
815	815	3896
816	816	3877
817	817	3873
818	818	3866
819	819	3829
820	820	3813
821	821	3784
822	822	3783
823	823	3767
824	824	3759
825	825	3737
826	826	3728
827	827	3722
828	828	3701
829	829	3689
830	830	3716
831	831	3714
832	832	3686
833	833	3702
834	834	3680
835	835	3668
836	836	3652
837	837	3646
838	838	3634
839	839	3618
840	840	3609
841	841	3590
842	842	3592
843	843	3576
844	844	3571
845	845	3561
846	846	3550
847	847	3544
848	848	3522
849	849	3518
850	850	3513
851	851	3505
852	852	3490
853	853	3470
854	854	3455
855	855	3436
856	856	3438
857	857	3411
858	858	3411
859	859	3394
860	860	3374
861	861	3395
862	862	3358
863	863	3351
864	864	3350
865	865	3346
866	866	3326
867	867	3330
868	868	3321
869	869	3312
870	870	3298
871	871	3294
872	872	3285
873	873	3268
874	874	3261
875	875	3229
876	876	3237
877	877	3215
878	878	3202
879	879	3190
880	880	3201
881	881	3188
882	882	3171
883	883	3172
884	884	3157
885	885	3150
886	886	3149
887	887	3138
888	888	3129
889	889	3114
890	890	3099
891	891	3099
892	892	3097
893	893	3092
894	894	3073
895	895	3068
896	896	3056
897	897	3066
898	898	3056
899	899	3044
900	900	3029
901	901	3029
902	902	3029
903	903	3016
904	904	3009
905	905	3003
906	906	2994
907	907	2981
908	908	2987
909	909	2972
910	910	2967
911	911	2972
912	912	2961
913	913	2956
914	914	2961
915	915	2946
916	916	2929
917	917	2939
918	918	2936
919	919	2920
920	920	2917
921	921	2911
922	922	2890
923	923	2901
924	924	2899
925	925	2881
926	926	2888
927	927	2882
928	928	2866
929	929	2865
930	930	2854
931	931	2851
932	932	2845
933	933	2832
934	934	2837
935	935	2825
936	936	2832
937	937	2826
938	938	2830
939	939	2807
940	940	2807
941	941	2814
942	942	2803
943	943	2790
944	944	2785
945	945	2777
946	946	2764
947	947	2778
948	948	2760
949	949	2766
950	950	2762
951	951	2753
952	952	2751
953	953	2737
954	954	2734
955	955	2729
956	956	2734
957	957	2718
958	958	2718
959	959	2723
960	960	2712
961	961	2705
962	962	2690
963	963	2692
964	964	2683
965	965	2699
966	966	2673
967	967	2699
968	968	2679
969	969	2683
970	970	2682
971	971	2679
972	972	2667
973	973	2664
974	974	2656
975	975	2647
976	976	2655
977	977	2649
978	978	2643
979	979	2639
980	980	2632
981	981	2647
982	982	2637
983	983	2643
984	984	2637
985	985	2624
986	986	2616
987	987	2602
988	988	2596
989	989	2599
990	990	2602
991	991	2577
992	992	2594
993	993	2588
994	994	2574
995	995	2581
996	996	2569
997	997	2559
998	998	2573
999	999	2568
1000	1000	2552
1001	1001	2561
1002	1002	2564
1003	1003	2549
1004	1004	2558
1005	1005	2549
1006	1006	2559
1007	1007	2556
1008	1008	2547
1009	1009	2547
1010	1010	2527
1011	1011	2542
1012	1012	2537
1013	1013	2522
1014	1014	2525
1015	1015	2519
1016	1016	2523
1017	1017	2507
1018	1018	2516
1019	1019	2518
1020	1020	2506
1021	1021	2504
1022	1022	2516
1023	1023	2506
1024	1024	2489
1025	1025	2498
1026	1026	2497
1027	1027	2492
1028	1028	2489
1029	1029	2483
1030	1030	2466
1031	1031	2464
1032	1032	2474
1033	1033	2462
1034	1034	2455
1035	1035	2460
1036	1036	2449
1037	1037	2457
1038	1038	2458
1039	1039	2448
1040	1040	2444
1041	1041	2436
1042	1042	2438
1043	1043	2444
1044	1044	2436
1045	1045	2437
1046	1046	2422
1047	1047	2424
1048	1048	2437
1049	1049	2431
1050	1050	2429
1051	1051	2421
1052	1052	2422
1053	1053	2429
1054	1054	2421
1055	1055	2520
1056	1056	2422
1057	1057	2515
1058	1058	2518
1059	1059	2520
1060	1060	2502
1061	1061	2511
1062	1062	2507
1063	1063	2496
1064	1064	2488
1065	1065	2492
1066	1066	2481
1067	1067	2486
1068	1068	2489
1069	1069	2490
1070	1070	2484
1071	1071	2485
1072	1072	2477
1073	1073	2468
1074	1074	2470
1075	1075	2465
1076	1076	2457
1077	1077	2475
1078	1078	2460
1079	1079	2449
1080	1080	2451
1081	1081	2458
1082	1082	2451
1083	1083	2445
1084	1084	2441
1085	1085	2442
1086	1086	2454
1087	1087	2431
1088	1088	2418
1089	1089	2409
1090	1090	2430
1091	1091	2418
1092	1092	2410
1093	1093	2422
1094	1094	2411
1095	1095	2403
1096	1096	2416
1097	1097	2401
1098	1098	2402
1099	1099	2390
1100	1100	2376
1101	1101	2389
1102	1102	2390
1103	1103	2377
1104	1104	2382
1105	1105	2389
1106	1106	2378
1107	1107	2383
1108	1108	2369
1109	1109	2373
1110	1110	2381
1111	1111	2361
1112	1112	2349
1113	1113	2364
1114	1114	2358
1115	1115	2363
1116	1116	2377
1117	1117	2360
1118	1118	2358
1119	1119	2363
1120	1120	2355
1121	1121	2338
1122	1122	2358
1123	1123	2354
1124	1124	2348
1125	1125	2343
1126	1126	2338
1127	1127	2331
1128	1128	2331
1129	1129	2326
1130	1130	2340
1131	1131	2329
1132	1132	2337
1133	1133	2315
1134	1134	2319
1135	1135	2313
1136	1136	2315
1137	1137	2313
1138	1138	2298
1139	1139	2301
1140	1140	2306
1141	1141	2305
1142	1142	2292
1143	1143	2287
1144	1144	2308
1145	1145	2302
1146	1146	2291
1147	1147	2284
1148	1148	2278
1149	1149	2280
1150	1150	2287
1151	1151	2286
1152	1152	2272
1153	1153	2276
1154	1154	2270
1155	1155	2252
1156	1156	2266
1157	1157	2273
1158	1158	2264
1159	1159	2256
1160	1160	2252
1161	1161	2265
1162	1162	2255
1163	1163	2244
1164	1164	2252
1165	1165	2266
1166	1166	2250
1167	1167	2238
1168	1168	2239
1169	1169	2229
1170	1170	2244
1171	1171	2223
1172	1172	2221
1173	1173	2234
1174	1174	2220
1175	1175	2219
1176	1176	2234
1177	1177	2227
1178	1178	2223
1179	1179	2210
1180	1180	2225
1181	1181	2224
1182	1182	2227
1183	1183	2197
1184	1184	2201
1185	1185	2188
1186	1186	2201
1187	1187	2192
1188	1188	2193
1189	1189	2190
1190	1190	2182
1191	1191	2185
1192	1192	2197
1193	1193	2192
1194	1194	2184
1195	1195	2189
1196	1196	2175
1197	1197	2182
1198	1198	2179
1199	1199	2181
1200	1200	2172
1201	1201	2167
1202	1202	2174
1203	1203	2178
1204	1204	2150
1205	1205	2180
1206	1206	2166
1207	1207	2158
1208	1208	2176
1209	1209	2160
1210	1210	2159
1211	1211	2145
1212	1212	2167
1213	1213	2162
1214	1214	2148
1215	1215	2166
1216	1216	2150
1217	1217	2146
1218	1218	2152
1219	1219	2155
1220	1220	2145
1221	1221	2132
1222	1222	2135
1223	1223	2147
1224	1224	2137
1225	1225	2135
1226	1226	2136
1227	1227	2131
1228	1228	2135
1229	1229	2130
1230	1230	2130
1231	1231	2118
1232	1232	2113
1233	1233	2122
1234	1234	2119
1235	1235	2111
1236	1236	2112
1237	1237	2107
1238	1238	2114
1239	1239	2094
1240	1240	2103
1241	1241	2111
1242	1242	2110
1243	1243	2106
1244	1244	2111
1245	1245	2089
1246	1246	2090
1247	1247	2101
1248	1248	2073
1249	1249	2080
1250	1250	2080
1251	1251	2091
1252	1252	2086
1253	1253	2090
1254	1254	2070
1255	1255	2056
1256	1256	2077
1257	1257	2071
1258	1258	2078
1259	1259	2054
1260	1260	2063
1261	1261	2055
1262	1262	2054
1263	1263	2060
1264	1264	2051
1265	1265	2061
1266	1266	2069
1267	1267	2048
1268	1268	2053
1269	1269	2048
1270	1270	2048
1271	1271	2049
1272	1272	2038
1273	1273	2041
1274	1274	2043
1275	1275	2044
1276	1276	2037
1277	1277	2039
1278	1278	2044
1279	1279	2040
1280	1280	2028
1281	1281	2035
1282	1282	2039
1283	1283	2039
1284	1284	2029
1285	1285	2033
1286	1286	2011
1287	1287	2024
1288	1288	2023
1289	1289	2012
1290	1290	2015
1291	1291	2023
1292	1292	2016
1293	1293	2011
1294	1294	2002
1295	1295	2009
1296	1296	2014
1297	1297	1994
1298	1298	1996
1299	1299	2012
1300	1300	1995
1301	1301	2006
1302	1302	2006
1303	1303	1994
1304	1304	2000
1305	1305	2004
1306	1306	2004
1307	1307	1998
1308	1308	1993
1309	1309	1998
1310	1310	1982
1311	1311	1983
1312	1312	1992
1313	1313	1984
1314	1314	2000
1315	1315	1975
1316	1316	1982
1317	1317	1997
1318	1318	1988
1319	1319	1980
1320	1320	1988
1321	1321	1975
1322	1322	1977
1323	1323	1958
1324	1324	1979
1325	1325	1971
1326	1326	1965
1327	1327	1979
1328	1328	1975
1329	1329	1974
1330	1330	1966
1331	1331	1972
1332	1332	1980
1333	1333	1967
1334	1334	1966
1335	1335	1968
1336	1336	1964
1337	1337	1971
1338	1338	1955
1339	1339	1970
1340	1340	1963
1341	1341	1950
1342	1342	1950
1343	1343	1956
1344	1344	1941
1345	1345	1947
1346	1346	1934
1347	1347	1948
1348	1348	1952
1349	1349	1945
1350	1350	1942
1351	1351	1935
1352	1352	1938
1353	1353	1938
1354	1354	1927
1355	1355	1932
1356	1356	1931
1357	1357	1942
1358	1358	1931
1359	1359	1932
1360	1360	1926
1361	1361	1930
1362	1362	1928
1363	1363	1935
1364	1364	1907
1365	1365	1924
1366	1366	1925
1367	1367	1940
1368	1368	1930
1369	1369	1934
1370	1370	1938
1371	1371	1924
1372	1372	1917
1373	1373	1920
1374	1374	1919
1375	1375	1911
1376	1376	1918
1377	1377	1912
1378	1378	1905
1379	1379	1894
1380	1380	1906
1381	1381	1904
1382	1382	1912
1383	1383	1913
1384	1384	1921
1385	1385	1904
1386	1386	1893
1387	1387	1902
1388	1388	1910
1389	1389	1905
1390	1390	1887
1391	1391	1910
1392	1392	1911
1393	1393	1897
1394	1394	1900
1395	1395	1882
1396	1396	1897
1397	1397	1890
1398	1398	1894
1399	1399	1878
1400	1400	1876
1401	1401	1873
1402	1402	1873
1403	1403	1880
1404	1404	1880
1405	1405	1884
1406	1406	1885
1407	1407	1888
1408	1408	1877
1409	1409	1878
1410	1410	1884
1411	1411	1897
1412	1412	1873
1413	1413	1888
1414	1414	1872
1415	1415	1867
1416	1416	1881
1417	1417	1876
1418	1418	1886
1419	1419	1886
1420	1420	1883
1421	1421	1877
1422	1422	1862
1423	1423	1883
1424	1424	1872
1425	1425	1874
1426	1426	1866
1427	1427	1856
1428	1428	1872
1429	1429	1858
1430	1430	1854
1431	1431	1860
1432	1432	1875
1433	1433	1865
1434	1434	1854
1435	1435	1849
1436	1436	1856
1437	1437	1852
1438	1438	1850
1439	1439	1858
1440	1440	1859
1441	1441	1855
1442	1442	1848
1443	1443	1859
1444	1444	1844
1445	1445	1845
1446	1446	1855
1447	1447	1842
1448	1448	1850
1449	1449	1837
1450	1450	1838
1451	1451	1844
1452	1452	1848
1453	1453	1844
1454	1454	1831
1455	1455	1843
1456	1456	1845
1457	1457	1829
1458	1458	1832
1459	1459	1850
1460	1460	1836
1461	1461	1835
1462	1462	1838
1463	1463	1829
1464	1464	1810
1465	1465	1825
1466	1466	1816
1467	1467	1824
1468	1468	1833
1469	1469	1816
1470	1470	1821
1471	1471	1826
1472	1472	1828
1473	1473	1819
1474	1474	1805
1475	1475	1840
1476	1476	1813
1477	1477	1824
1478	1478	1821
1479	1479	1818
1480	1480	1812
1481	1481	1817
1482	1482	1816
1483	1483	1815
1484	1484	1806
1485	1485	1808
1486	1486	1808
1487	1487	1797
1488	1488	1801
1489	1489	1802
1490	1490	1800
1491	1491	1795
1492	1492	1790
1493	1493	1798
1494	1494	1799
1495	1495	1796
1496	1496	1811
1497	1497	1799
1498	1498	1792
1499	1499	1800
1500	1500	1785
1501	1501	1804
1502	1502	1799
1503	1503	1795
1504	1504	1798
1505	1505	1793
1506	1506	1797
1507	1507	1798
1508	1508	1788
1509	1509	1811
1510	1510	1790
1511	1511	1795
1512	1512	1789
1513	1513	1805
1514	1514	1792
1515	1515	1786
1516	1516	1772
1517	1517	1784
1518	1518	1787
1519	1519	1792
1520	1520	1784
1521	1521	1787
1522	1522	1780
1523	1523	1793
1524	1524	1778
1525	1525	1784
1526	1526	1781
1527	1527	1770
1528	1528	1780
1529	1529	1770
1530	1530	1770
1531	1531	1778
1532	1532	1760
1533	1533	1775
1534	1534	1766
1535	1535	1773
1536	1536	1769
1537	1537	1771
1538	1538	1768
1539	1539	1773
1540	1540	1761
1541	1541	1748
1542	1542	1766
1543	1543	1762
1544	1544	1755
1545	1545	1763
1546	1546	1757
1547	1547	1758
1548	1548	1762
1549	1549	1760
1550	1550	1743
1551	1551	1751
1552	1552	1750
1553	1553	1754
1554	1554	1749
1555	1555	1750
1556	1556	1738
1557	1557	1766
1558	1558	1743
1559	1559	1752
1560	1560	1741
1561	1561	1740
1562	1562	1747
1563	1563	1736
1564	1564	1737
1565	1565	1754
1566	1566	1742
1567	1567	1740
1568	1568	1729
1569	1569	1724
1570	1570	1737
1571	1571	1746
1572	1572	1729
1573	1573	1739
1574	1574	1728
1575	1575	1718
1576	1576	1726
1577	1577	1732
1578	1578	1727
1579	1579	1738
1580	1580	1728
1581	1581	1726
1582	1582	1728
1583	1583	1735
1584	1584	1739
1585	1585	1720
1586	1586	1731
1587	1587	1738
1588	1588	1713
1589	1589	1726
1590	1590	1720
1591	1591	1744
1592	1592	1724
1593	1593	1727
1594	1594	1715
1595	1595	1726
1596	1596	1726
1597	1597	1730
1598	1598	1716
1599	1599	1715
1600	1600	1734
1601	1601	1737
1602	1602	1729
1603	1603	1731
1604	1604	1725
1605	1605	1716
1606	1606	1716
1607	1607	1703
1608	1608	1705
1609	1609	1718
1610	1610	1708
1611	1611	1709
1612	1612	1703
1613	1613	1711
1614	1614	1712
1615	1615	1712
1616	1616	1718
1617	1617	1708
1618	1618	1706
1619	1619	1710
1620	1620	1690
1621	1621	1696
1622	1622	1706
1623	1623	1695
1624	1624	1713
1625	1625	1700
1626	1626	1696
1627	1627	1695
1628	1628	1700
1629	1629	1701
1630	1630	1711
1631	1631	1703
1632	1632	1698
1633	1633	1683
1634	1634	1687
1635	1635	1714
1636	1636	1696
1637	1637	1693
1638	1638	1692
1639	1639	1693
1640	1640	1696
1641	1641	1701
1642	1642	1686
1643	1643	1698
1644	1644	1692
1645	1645	1693
1646	1646	1692
1647	1647	1691
1648	1648	1680
1649	1649	1685
1650	1650	1669
1651	1651	1692
1652	1652	1679
1653	1653	1689
1654	1654	1687
1655	1655	1694
1656	1656	1692
1657	1657	1676
1658	1658	1695
1659	1659	1684
1660	1660	1687
1661	1661	1665
1662	1662	1675
1663	1663	1677
1664	1664	1682
1665	1665	1685
1666	1666	1686
1667	1667	1685
1668	1668	1673
1669	1669	1684
1670	1670	1684
1671	1671	1670
1672	1672	1674
1673	1673	1684
1674	1674	1687
1675	1675	1672
1676	1676	1690
1677	1677	1676
1678	1678	1679
1679	1679	1676
1680	1680	1685
1681	1681	1684
1682	1682	1675
1683	1683	1675
1684	1684	1682
1685	1685	1688
1686	1686	1683
1687	1687	1671
1688	1688	1672
1689	1689	1662
1690	1690	1677
1691	1691	1675
1692	1692	1664
1693	1693	1672
1694	1694	1665
1695	1695	1679
1696	1696	1679
1697	1697	1663
1698	1698	1675
1699	1699	1678
1700	1700	1670
1701	1701	1663
1702	1702	1665
1703	1703	1676
1704	1704	1692
1705	1705	1684
1706	1706	1666
1707	1707	1666
1708	1708	1665
1709	1709	1656
1710	1710	1667
1711	1711	1667
1712	1712	1656
1713	1713	1668
1714	1714	1652
1715	1715	1651
1716	1716	1673
1717	1717	1658
1718	1718	1666
1719	1719	1667
1720	1720	1674
1721	1721	1658
1722	1722	1663
1723	1723	1659
1724	1724	1663
1725	1725	1656
1726	1726	1646
1727	1727	1658
1728	1728	1663
1729	1729	1645
1730	1730	1648
1731	1731	1651
1732	1732	1652
1733	1733	1653
1734	1734	1654
1735	1735	1648
1736	1736	1659
1737	1737	1650
1738	1738	1646
1739	1739	1644
1740	1740	1634
1741	1741	1660
1742	1742	1630
1743	1743	1656
1744	1744	1638
1745	1745	1640
1746	1746	1638
1747	1747	1627
1748	1748	1630
1749	1749	1645
1750	1750	1639
1751	1751	1629
1752	1752	1641
1753	1753	1640
1754	1754	1625
1755	1755	1630
1756	1756	1616
1757	1757	1618
1758	1758	1633
1759	1759	1633
1760	1760	1652
1761	1761	1629
1762	1762	1631
1763	1763	1639
1764	1764	1627
1765	1765	1606
1766	1766	1627
1767	1767	1604
1768	1768	1622
1769	1769	1613
1770	1770	1609
1771	1771	1616
1772	1772	1859
1773	1773	1834
1774	1774	1839
1775	1775	1857
1776	1776	1604
1777	1777	1837
1778	1778	1841
1779	1779	1832
1780	1780	1842
1781	1781	1843
1782	1782	1835
1783	1783	1842
1784	1784	1818
1785	1785	1839
1786	1786	1845
1787	1787	1821
1788	1788	1831
1789	1789	1843
1790	1790	1832
1791	1791	1844
1792	1792	1821
1793	1793	1834
1794	1794	1827
1795	1795	1823
1796	1796	1846
1797	1797	1837
1798	1798	1823
1799	1799	1837
1800	1800	1827
1801	1801	1859
1802	1802	1814
1803	1803	1834
1804	1804	1822
1805	1805	1836
1806	1806	1832
1807	1807	1839
1808	1808	1832
1809	1809	1827
1810	1810	1836
1811	1811	1828
1812	1812	1851
1813	1813	1819
1814	1814	1818
1815	1815	1846
1816	1816	1819
1817	1817	1819
1818	1818	1831
1819	1819	1803
1820	1820	1839
1821	1821	1844
1822	1822	1820
1823	1823	1804
1824	1824	1827
1825	1825	1820
1826	1826	1815
1827	1827	1826
1828	1828	1835
1829	1829	1829
1830	1830	1816
1831	1831	1833
1832	1832	1827
1833	1833	1872
1834	1834	1863
1835	1835	1877
1836	1836	1829
1837	1837	1827
1838	1838	1817
1839	1839	1797
1840	1840	1821
1841	1841	1823
1842	1842	1800
1843	1843	1830
1844	1844	1828
1845	1845	1807
1846	1846	1809
1847	1847	1803
1848	1848	1796
1849	1849	1808
1850	1850	1822
1851	1851	1812
1852	1852	1817
1853	1853	1808
1854	1854	1816
1855	1855	1825
1856	1856	1811
1857	1857	1829
1858	1858	1815
1859	1859	1805
1860	1860	1799
1861	1861	1806
1862	1862	1801
1863	1863	1790
1864	1864	1784
1865	1865	1827
1866	1866	1807
1867	1867	1786
1868	1868	1808
1869	1869	1838
1870	1870	1799
1871	1871	1808
1872	1872	1814
1873	1873	1789
1874	1874	1819
1875	1875	1821
1876	1876	1801
1877	1877	1800
1878	1878	1813
1879	1879	1791
1880	1880	1785
1881	1881	1779
1882	1882	1776
1883	1883	1782
1884	1884	1803
1885	1885	1795
1886	1886	1799
1887	1887	1807
1888	1888	1791
1889	1889	1785
1890	1890	1798
1891	1891	1794
1892	1892	1796
1893	1893	1789
1894	1894	1789
1895	1895	1790
1896	1896	1782
1897	1897	1798
1898	1898	1808
1899	1899	1809
1900	1900	1783
1901	1901	1787
1902	1902	1786
1903	1903	1776
1904	1904	1758
1905	1905	1766
1906	1906	1794
1907	1907	1771
1908	1908	1768
1909	1909	1763
1910	1910	1771
1911	1911	1762
1912	1912	1758
1913	1913	1752
1914	1914	1754
1915	1915	1749
1916	1916	1767
1917	1917	1791
1918	1918	1774
1919	1919	1769
1920	1920	1751
1921	1921	1757
1922	1922	1780
1923	1923	1771
1924	1924	1765
1925	1925	1749
1926	1926	1760
1927	1927	1771
1928	1928	1759
1929	1929	1767
1930	1930	1762
1931	1931	1759
1932	1932	1755
1933	1933	1763
1934	1934	1761
1935	1935	1770
1936	1936	1762
1937	1937	1754
1938	1938	1755
1939	1939	1761
1940	1940	1773
1941	1941	1749
1942	1942	1761
1943	1943	1740
1944	1944	1766
1945	1945	1744
1946	1946	1772
1947	1947	1745
1948	1948	1764
1949	1949	1755
1950	1950	1750
1951	1951	1761
1952	1952	1768
1953	1953	1757
1954	1954	1751
1955	1955	1771
1956	1956	1766
1957	1957	1747
1958	1958	1752
1959	1959	1758
1960	1960	1770
1961	1961	1767
1962	1962	1769
1963	1963	1740
1964	1964	1754
1965	1965	1754
1966	1966	1756
1967	1967	1747
1968	1968	1765
1969	1969	1751
1970	1970	1748
1971	1971	1756
1972	1972	1758
1973	1973	1754
1974	1974	1752
1975	1975	1752
1976	1976	1760
1977	1977	1733
1978	1978	1750
1979	1979	1736
1980	1980	1741
1981	1981	1754
1982	1982	1757
1983	1983	1763
1984	1984	1739
1985	1985	1753
1986	1986	1752
1987	1987	1744
1988	1988	1744
1989	1989	1744
1990	1990	1758
1991	1991	1760
1992	1992	1769
1993	1993	1755
1994	1994	1746
1995	1995	1736
1996	1996	1749
1997	1997	1744
1998	1998	1737
1999	1999	1737
2000	2000	1782
2001	2001	1760
2002	2002	1736
2003	2003	1762
2004	2004	1751
2005	2005	1749
2006	2006	1760
2007	2007	1771
2008	2008	1752
2009	2009	1718
2010	2010	1754
2011	2011	1746
2012	2012	1763
2013	2013	1767
2014	2014	1736
2015	2015	1761
2016	2016	1757
2017	2017	1759
2018	2018	1737
2019	2019	1730
2020	2020	1738
2021	2021	1736
2022	2022	1742
2023	2023	1740
2024	2024	1725
2025	2025	1729
2026	2026	1745
2027	2027	1730
2028	2028	1749
2029	2029	1753
2030	2030	1731
2031	2031	1727
2032	2032	1753
2033	2033	1727
2034	2034	1725
2035	2035	1744
2036	2036	1745
2037	2037	1728
2038	2038	1751
2039	2039	1733
2040	2040	1736
2041	2041	1729
2042	2042	1748
2043	2043	1742
2044	2044	1740
2045	2045	1738
2046	2046	1737
2047	2047	1744
2048	2048	1728
2049	2049	1739
2050	2050	1739
2051	2051	1758
2052	2052	1747
2053	2053	1740
2054	2054	1726
2055	2055	1750
2056	2056	1752
2057	2057	1738
2058	2058	1728
2059	2059	1735
2060	2060	1751
2061	2061	1727
2062	2062	1737
2063	2063	1745
2064	2064	1736
2065	2065	1737
2066	2066	1725
2067	2067	1737
2068	2068	1730
2069	2069	1732
2070	2070	1726
2071	2071	1737
2072	2072	1726
2073	2073	1759
2074	2074	1716
2075	2075	1727
2076	2076	1727
2077	2077	1734
2078	2078	1707
2079	2079	1733
2080	2080	1743
2081	2081	1733
2082	2082	1715
2083	2083	1737
2084	2084	1749
2085	2085	1711
2086	2086	1729
2087	2087	1727
2088	2088	1724
2089	2089	1745
2090	2090	1713
2091	2091	1749
2092	2092	1702
2093	2093	1716
2094	2094	1725
2095	2095	1726
2096	2096	1722
2097	2097	1738
2098	2098	1718
2099	2099	1720
2100	2100	1712
2101	2101	1731
2102	2102	1712
2103	2103	1729
2104	2104	1734
2105	2105	1723
2106	2106	1738
2107	2107	1742
2108	2108	1723
2109	2109	1723
2110	2110	1727
2111	2111	1731
2112	2112	1723
2113	2113	1723
2114	2114	1712
2115	2115	1713
2116	2116	1727
2117	2117	1710
2118	2118	1713
2119	2119	1723
2120	2120	1735
2121	2121	1715
2122	2122	1727
2123	2123	1727
2124	2124	1717
2125	2125	1720
2126	2126	1703
2127	2127	1733
2128	2128	1700
2129	2129	1718
2130	2130	1724
2131	2131	1714
2132	2132	1734
2133	2133	1732
2134	2134	1731
2135	2135	1708
2136	2136	1707
2137	2137	1721
2138	2138	1725
2139	2139	1707
2140	2140	1718
2141	2141	1712
2142	2142	1696
2143	2143	1696
2144	2144	1716
2145	2145	1721
2146	2146	1724
2147	2147	1711
2148	2148	1701
2149	2149	1716
2150	2150	1720
2151	2151	1725
2152	2152	1716
2153	2153	1719
2154	2154	1708
2155	2155	1704
2156	2156	1706
2157	2157	1712
2158	2158	1730
2159	2159	1694
2160	2160	1686
2161	2161	1702
2162	2162	1719
2163	2163	1703
2164	2164	1695
2165	2165	1697
2166	2166	1692
2167	2167	1697
2168	2168	1700
2169	2169	1708
2170	2170	1726
2171	2171	1691
2172	2172	1680
2173	2173	1688
2174	2174	1681
2175	2175	1694
2176	2176	1695
2177	2177	1675
2178	2178	1693
2179	2179	1694
2180	2180	1686
2181	2181	1673
2182	2182	1686
2183	2183	1684
2184	2184	1691
2185	2185	1699
2186	2186	1700
2187	2187	1672
2188	2188	1665
2189	2189	1677
2190	2190	1691
2191	2191	1698
2192	2192	1688
2193	2193	1657
2194	2194	1664
2195	2195	1693
2196	2196	1681
2197	2197	1706
2198	2198	1682
2199	2199	1701
2200	2200	1705
2201	2201	1669
2202	2202	1683
2203	2203	1698
2204	2204	1679
2205	2205	1699
2206	2206	1682
2207	2207	1688
2208	2208	1669
2209	2209	1702
2210	2210	1674
2211	2211	1690
2212	2212	1683
2213	2213	1684
2214	2214	1683
2215	2215	1685
2216	2216	1690
2217	2217	1665
2218	2218	1687
2219	2219	1671
2220	2220	1661
2221	2221	1675
2222	2222	1680
2223	2223	1693
2224	2224	1663
2225	2225	1691
2226	2226	1690
2227	2227	1678
2228	2228	1683
2229	2229	1674
2230	2230	1685
2231	2231	1684
2232	2232	1686
2233	2233	1683
2234	2234	1685
2235	2235	1668
2236	2236	1716
2237	2237	1667
2238	2238	1676
2239	2239	1662
2240	2240	1687
2241	2241	1687
2242	2242	1686
2243	2243	1678
2244	2244	1674
2245	2245	1663
2246	2246	1664
2247	2247	1686
2248	2248	1692
2249	2249	1677
2250	2250	1679
2251	2251	1663
2252	2252	1672
2253	2253	1660
2254	2254	1649
2255	2255	1679
2256	2256	1661
2257	2257	1671
2258	2258	1676
2259	2259	1666
2260	2260	1692
2261	2261	1671
2262	2262	1659
2263	2263	1676
2264	2264	1669
2265	2265	1679
2266	2266	1652
2267	2267	1663
2268	2268	1683
2269	2269	1672
2270	2270	1669
2271	2271	1680
2272	2272	1668
2273	2273	1666
2274	2274	1650
2275	2275	1664
2276	2276	1659
2277	2277	1677
2278	2278	1677
2279	2279	1679
2280	2280	1647
2281	2281	1665
2282	2282	1659
2283	2283	1679
2284	2284	1650
2285	2285	1664
2286	2286	1649
2287	2287	1664
2288	2288	1661
2289	2289	1669
2290	2290	1684
2291	2291	1652
2292	2292	1682
2293	2293	1684
2294	2294	1667
2295	2295	1652
2296	2296	1658
2297	2297	1658
2298	2298	1659
2299	2299	1677
2300	2300	1659
2301	2301	1666
2302	2302	1646
2303	2303	1659
2304	2304	1643
2305	2305	1661
2306	2306	1669
2307	2307	1659
2308	2308	1653
2309	2309	1656
2310	2310	1654
2311	2311	1669
2312	2312	1635
2313	2313	1648
2314	2314	1658
2315	2315	1660
2316	2316	1664
2317	2317	1661
2318	2318	1637
2319	2319	1640
2320	2320	1651
2321	2321	1639
2322	2322	1642
2323	2323	1642
2324	2324	1644
2325	2325	1663
2326	2326	1649
2327	2327	1655
2328	2328	1625
2329	2329	1633
2330	2330	1674
2331	2331	1654
2332	2332	1635
2333	2333	1665
2334	2334	1643
2335	2335	1659
2336	2336	1650
2337	2337	1637
2338	2338	1641
2339	2339	1643
2340	2340	1653
2341	2341	1646
2342	2342	1640
2343	2343	1645
2344	2344	1622
2345	2345	1637
2346	2346	1646
2347	2347	1640
2348	2348	1654
2349	2349	1638
2350	2350	1646
2351	2351	1661
2352	2352	1650
2353	2353	1640
2354	2354	1659
2355	2355	1648
2356	2356	1657
2357	2357	1652
2358	2358	1645
2359	2359	1657
2360	2360	1626
2361	2361	1651
2362	2362	1635
2363	2363	1634
2364	2364	1664
2365	2365	1640
2366	2366	1641
2367	2367	1654
2368	2368	1626
2369	2369	1643
2370	2370	1631
2371	2371	1625
2372	2372	1644
2373	2373	1622
2374	2374	1632
2375	2375	1628
2376	2376	1637
2377	2377	1636
2378	2378	1645
2379	2379	1637
2380	2380	1647
2381	2381	1625
2382	2382	1639
2383	2383	1639
2384	2384	1626
2385	2385	1647
2386	2386	1636
2387	2387	1632
2388	2388	1642
2389	2389	1627
2390	2390	1641
2391	2391	1649
2392	2392	1618
2393	2393	1638
2394	2394	1650
2395	2395	1647
2396	2396	1676
2397	2397	1768
2398	2398	1677
2399	2399	1660
2400	2400	1640
2401	2401	1644
2402	2402	1644
2403	2403	1648
2404	2404	1615
2405	2405	1621
2406	2406	1623
2407	2407	1611
2408	2408	1624
2409	2409	1640
2410	2410	1606
2411	2411	1626
2412	2412	1628
2413	2413	1630
2414	2414	1628
2415	2415	1642
2416	2416	1646
2417	2417	1648
2418	2418	1626
2419	2419	1638
2420	2420	1630
2421	2421	1657
2422	2422	1638
2423	2423	1638
2424	2424	1636
2425	2425	1620
2426	2426	1624
2427	2427	1644
2428	2428	1635
2429	2429	1629
2430	2430	1641
2431	2431	1636
2432	2432	1632
2433	2433	1617
2434	2434	1615
2435	2435	1630
2436	2436	1605
2437	2437	1631
2438	2438	1638
2439	2439	1621
2440	2440	1622
2441	2441	1640
2442	2442	1612
2443	2443	1648
2444	2444	1631
2445	2445	1618
2446	2446	1645
2447	2447	1626
2448	2448	1615
2449	2449	1623
2450	2450	1633
2451	2451	1642
2452	2452	1627
2453	2453	1621
2454	2454	1620
2455	2455	1638
2456	2456	1606
2457	2457	1624
2458	2458	1613
2459	2459	1620
2460	2460	1628
2461	2461	1643
2462	2462	1625
2463	2463	1663
2464	2464	1664
2465	2465	1645
2466	2466	1634
2467	2467	1642
2468	2468	1648
2469	2469	1630
2470	2470	1624
2471	2471	1627
2472	2472	1647
2473	2473	1615
2474	2474	1627
2475	2475	1608
2476	2476	1611
2477	2477	1633
2478	2478	1615
2479	2479	1640
2480	2480	1607
2481	2481	1600
2482	2482	1612
2483	2483	1609
2484	2484	1627
2485	2485	1611
2486	2486	1631
2487	2487	1592
2488	2488	1604
2489	2489	1605
2490	2490	1625
2491	2491	1620
2492	2492	1607
2493	2493	1602
2494	2494	1588
2495	2495	1602
2496	2496	1611
2497	2497	1593
2498	2498	1608
2499	2499	1604
2500	2500	1620
2501	2501	1588
2502	2502	1610
2503	2503	1591
2504	2504	1601
2505	2505	1602
2506	2506	1596
2507	2507	1609
2508	2508	1627
2509	2509	1598
2510	2510	1595
2511	2511	1601
2512	2512	1577
2513	2513	1615
2514	2514	1601
2515	2515	1621
2516	2516	1598
2517	2517	1614
2518	2518	1594
2519	2519	1590
2520	2520	1592
2521	2521	1609
2522	2522	1620
2523	2523	1615
2524	2524	1584
2525	2525	1598
2526	2526	1594
2527	2527	1621
2528	2528	1608
2529	2529	1597
2530	2530	1593
2531	2531	1592
2532	2532	1603
2533	2533	1607
2534	2534	1609
2535	2535	1620
2536	2536	1614
2537	2537	1596
2538	2538	1589
2539	2539	1585
2540	2540	1582
2541	2541	1597
2542	2542	1593
2543	2543	1604
2544	2544	1598
2545	2545	1611
2546	2546	1570
2547	2547	1590
2548	2548	1597
2549	2549	1581
2550	2550	1603
2551	2551	1582
2552	2552	1605
2553	2553	1597
2554	2554	1595
2555	2555	1597
2556	2556	1586
2557	2557	1583
2558	2558	1607
2559	2559	1593
2560	2560	1590
2561	2561	1571
2562	2562	1587
2563	2563	1607
2564	2564	1606
2565	2565	1570
2566	2566	1591
2567	2567	1593
2568	2568	1589
2569	2569	1591
2570	2570	1586
2571	2571	1596
2572	2572	1587
2573	2573	1600
2574	2574	1577
2575	2575	1614
2576	2576	1606
2577	2577	1572
2578	2578	1591
2579	2579	1568
2580	2580	1591
2581	2581	1589
2582	2582	1595
2583	2583	1585
2584	2584	1616
2585	2585	1582
2586	2586	1567
2587	2587	1587
2588	2588	1588
2589	2589	1583
2590	2590	1579
2591	2591	1581
2592	2592	1593
2593	2593	1587
2594	2594	1606
2595	2595	1578
2596	2596	1572
2597	2597	1596
2598	2598	1583
2599	2599	1591
2600	2600	1570
2601	2601	1593
2602	2602	1571
2603	2603	1579
2604	2604	1577
2605	2605	1565
2606	2606	1562
2607	2607	1571
2608	2608	1564
2609	2609	1588
2610	2610	1588
2611	2611	1570
2612	2612	1578
2613	2613	1592
2614	2614	1569
2615	2615	1588
2616	2616	1565
2617	2617	1588
2618	2618	1584
2619	2619	1553
2620	2620	1590
2621	2621	1573
2622	2622	1583
2623	2623	1571
2624	2624	1593
2625	2625	1582
2626	2626	1574
2627	2627	1594
2628	2628	1571
2629	2629	1578
2630	2630	1586
2631	2631	1573
2632	2632	1587
2633	2633	1587
2634	2634	1572
2635	2635	1572
2636	2636	1579
2637	2637	1601
2638	2638	1606
2639	2639	1555
2640	2640	1570
2641	2641	1579
2642	2642	1580
2643	2643	1570
2644	2644	1580
2645	2645	1585
2646	2646	1607
2647	2647	1581
2648	2648	1579
2649	2649	1588
2650	2650	1570
2651	2651	1560
2652	2652	1580
2653	2653	1583
2654	2654	1586
2655	2655	1585
2656	2656	1582
2657	2657	1589
2658	2658	1562
2659	2659	1580
2660	2660	1584
2661	2661	1569
2662	2662	1591
2663	2663	1580
2664	2664	1583
2665	2665	1572
2666	2666	1595
2667	2667	1574
2668	2668	1559
2669	2669	1585
2670	2670	1565
2671	2671	1579
2672	2672	1592
2673	2673	1589
2674	2674	1568
2675	2675	1574
2676	2676	1593
2677	2677	1588
2678	2678	1567
2679	2679	1564
2680	2680	1571
2681	2681	1575
2682	2682	1579
2683	2683	1592
2684	2684	1563
2685	2685	1563
2686	2686	1577
2687	2687	1584
2688	2688	1566
2689	2689	1545
2690	2690	1564
2691	2691	1585
2692	2692	1605
2693	2693	1572
2694	2694	1584
2695	2695	1598
2696	2696	1593
2697	2697	1564
2698	2698	1589
2699	2699	1563
2700	2700	1549
2701	2701	1579
2702	2702	1587
2703	2703	1551
2704	2704	1579
2705	2705	1585
2706	2706	1583
2707	2707	1581
2708	2708	1582
2709	2709	1568
2710	2710	1575
2711	2711	1584
2712	2712	1588
2713	2713	1546
2714	2714	1551
2715	2715	1585
2716	2716	1560
2717	2717	1563
2718	2718	1582
2719	2719	1577
2720	2720	1553
2721	2721	1570
2722	2722	1546
2723	2723	1590
2724	2724	1565
2725	2725	1572
2726	2726	1548
2727	2727	1560
2728	2728	1557
2729	2729	1547
2730	2730	1569
2731	2731	1557
2732	2732	1581
2733	2733	1566
2734	2734	1560
2735	2735	1563
2736	2736	1570
2737	2737	1588
2738	2738	1557
2739	2739	1567
2740	2740	1539
2741	2741	1552
2742	2742	1562
2743	2743	1550
2744	2744	1545
2745	2745	1560
2746	2746	1547
2747	2747	1579
2748	2748	1573
2749	2749	1588
2750	2750	1568
2751	2751	1567
2752	2752	1573
2753	2753	1567
2754	2754	1570
2755	2755	1537
2756	2756	1571
2757	2757	1576
2758	2758	1571
2759	2759	1537
2760	2760	1571
2761	2761	1557
2762	2762	1577
2763	2763	1569
2764	2764	1557
2765	2765	1579
2766	2766	1576
2767	2767	1589
2768	2768	1540
2769	2769	1561
2770	2770	1564
2771	2771	1555
2772	2772	1554
2773	2773	1541
2774	2774	1575
2775	2775	1562
2776	2776	1539
2777	2777	1562
2778	2778	1561
2779	2779	1555
2780	2780	1553
2781	2781	1554
2782	2782	1561
2783	2783	1574
2784	2784	1566
2785	2785	1554
2786	2786	1564
2787	2787	1562
2788	2788	1561
2789	2789	1554
2790	2790	1551
2791	2791	1566
2792	2792	1560
2793	2793	1565
2794	2794	1559
2795	2795	1559
2796	2796	1575
2797	2797	1574
2798	2798	1550
2799	2799	1571
2800	2800	1575
2801	2801	1545
2802	2802	1564
2803	2803	1562
2804	2804	1561
2805	2805	1572
2806	2806	1557
2807	2807	1554
2808	2808	1548
2809	2809	1570
2810	2810	1565
2811	2811	1578
2812	2812	1552
2813	2813	1548
2814	2814	1549
2815	2815	1562
2816	2816	1573
2817	2817	1562
2818	2818	1560
2819	2819	1547
2820	2820	1569
2821	2821	1555
2822	2822	1561
2823	2823	1573
2824	2824	1557
2825	2825	1539
2826	2826	1567
2827	2827	1573
2828	2828	1555
2829	2829	1566
2830	2830	1570
2831	2831	1571
2832	2832	1566
2833	2833	1560
2834	2834	1564
2835	2835	1556
2836	2836	1548
2837	2837	1570
2838	2838	1561
2839	2839	1555
2840	2840	1559
2841	2841	1549
2842	2842	1548
2843	2843	1547
2844	2844	1549
2845	2845	1535
2846	2846	1549
2847	2847	1547
2848	2848	1536
2849	2849	1541
2850	2850	1533
2851	2851	1542
2852	2852	1536
2853	2853	1562
2854	2854	1559
2855	2855	1535
2856	2856	1555
2857	2857	1549
2858	2858	1544
2859	2859	1542
2860	2860	1555
2861	2861	1545
2862	2862	1554
2863	2863	1563
2864	2864	1572
2865	2865	1537
2866	2866	1558
2867	2867	1563
2868	2868	1583
2869	2869	1562
2870	2870	1581
2871	2871	1543
2872	2872	1527
2873	2873	1552
2874	2874	1557
2875	2875	1575
2876	2876	1537
2877	2877	1537
2878	2878	1546
2879	2879	1531
2880	2880	1539
2881	2881	1556
2882	2882	1563
2883	2883	1552
2884	2884	1561
2885	2885	1549
2886	2886	1567
2887	2887	1543
2888	2888	1541
2889	2889	1553
2890	2890	1563
2891	2891	1564
2892	2892	1539
2893	2893	1541
2894	2894	1551
2895	2895	1540
2896	2896	1532
2897	2897	1543
2898	2898	1542
2899	2899	1522
2900	2900	1542
2901	2901	1532
2902	2902	1538
2903	2903	1541
2904	2904	1524
2905	2905	1532
2906	2906	1535
2907	2907	1540
2908	2908	1548
2909	2909	1533
2910	2910	1542
2911	2911	1541
2912	2912	1534
2913	2913	1549
2914	2914	1536
2915	2915	1557
2916	2916	1546
2917	2917	1539
2918	2918	1517
2919	2919	1531
2920	2920	1532
2921	2921	1521
2922	2922	1529
2923	2923	1540
2924	2924	1532
2925	2925	1537
2926	2926	1543
2927	2927	1521
2928	2928	1534
2929	2929	1516
2930	2930	1526
2931	2931	1539
2932	2932	1543
2933	2933	1535
2934	2934	1525
2935	2935	1543
2936	2936	1541
2937	2937	1542
2938	2938	1539
2939	2939	1523
2940	2940	1548
2941	2941	1519
2942	2942	1532
2943	2943	1530
2944	2944	1535
2945	2945	1525
2946	2946	1525
2947	2947	1540
2948	2948	1519
2949	2949	1543
2950	2950	1542
2951	2951	1522
2952	2952	1546
2953	2953	1512
2954	2954	1534
2955	2955	1526
2956	2956	1529
2957	2957	1523
2958	2958	1530
2959	2959	1518
2960	2960	1522
2961	2961	1513
2962	2962	1519
2963	2963	1538
2964	2964	1505
2965	2965	1520
2966	2966	1521
2967	2967	1546
2968	2968	1544
2969	2969	1522
2970	2970	1534
2971	2971	1527
2972	2972	1517
2973	2973	1531
2974	2974	1529
2975	2975	1532
2976	2976	1514
2977	2977	1526
2978	2978	1521
2979	2979	1523
2980	2980	1533
2981	2981	1515
2982	2982	1532
2983	2983	1537
2984	2984	1546
2985	2985	1521
2986	2986	1528
2987	2987	1517
2988	2988	1522
2989	2989	1522
2990	2990	1516
2991	2991	1526
2992	2992	1520
2993	2993	1534
2994	2994	1537
2995	2995	1526
2996	2996	1530
2997	2997	1519
2998	2998	1521
2999	2999	1537
3000	3000	1513
3001	3001	1512
3002	3002	1537
3003	3003	1524
