 	slice	peaks
1	1	23090
2	2	23086
3	3	23078
4	4	23104
5	5	23110
6	6	23104
7	7	23091
8	8	23089
9	9	23055
10	10	23081
11	11	23083
12	12	23081
13	13	23102
14	14	23084
15	15	23084
16	16	23065
17	17	23056
18	18	23082
19	19	23071
20	20	23074
21	21	23058
22	22	23041
23	23	23072
24	24	23065
25	25	23093
26	26	23076
27	27	23120
28	28	23126
29	29	23173
30	30	23193
31	31	23196
32	32	23201
33	33	23220
34	34	23213
35	35	23247
36	36	23254
37	37	23208
38	38	23221
39	39	23269
40	40	22880
41	41	22848
42	42	23073
43	43	22988
44	44	23180
45	45	23288
46	46	23259
47	47	23207
48	48	23259
49	49	23246
50	50	23287
51	51	23334
52	52	23358
53	53	23347
54	54	23365
55	55	23364
56	56	23386
57	57	23340
58	58	23379
59	59	23385
60	60	23369
61	61	23378
62	62	23364
63	63	23379
64	64	23386
65	65	23383
66	66	23357
67	67	23361
68	68	23340
69	69	23328
70	70	23369
71	71	23355
72	72	23345
73	73	23285
74	74	23287
75	75	23306
76	76	23300
77	77	23320
78	78	23341
79	79	23363
80	80	23374
81	81	23331
82	82	23299
83	83	23298
84	84	23304
85	85	23303
86	86	23294
87	87	23295
88	88	23180
89	89	22939
90	90	22908
91	91	22859
92	92	22845
93	93	22819
94	94	22812
95	95	22835
96	96	22813
97	97	22815
98	98	22832
99	99	22844
100	100	22823
101	101	22810
102	102	22787
103	103	22790
104	104	22825
105	105	22807
106	106	22813
107	107	22803
108	108	22775
109	109	22778
110	110	22804
111	111	22798
112	112	22761
113	113	22807
114	114	22765
115	115	22756
116	116	22800
117	117	22790
118	118	22791
119	119	22793
120	120	22787
121	121	22774
122	122	22766
123	123	22786
124	124	22763
125	125	22716
126	126	22768
127	127	22737
128	128	22764
129	129	22750
130	130	22748
131	131	22723
132	132	22718
133	133	22726
134	134	22744
135	135	22738
136	136	22735
137	137	22726
138	138	22735
139	139	22751
140	140	22736
141	141	22736
142	142	22748
143	143	22723
144	144	22738
145	145	22722
146	146	22728
147	147	22718
148	148	22734
149	149	22752
150	150	22753
151	151	22708
152	152	22716
153	153	22706
154	154	22698
155	155	22728
156	156	22737
157	157	22693
158	158	22707
159	159	22698
160	160	22677
161	161	22707
162	162	22704
163	163	22710
164	164	22722
165	165	22702
166	166	22684
167	167	22665
168	168	22700
169	169	22713
170	170	22684
171	171	22695
172	172	22700
173	173	22673
174	174	22652
175	175	22668
176	176	22705
177	177	22688
178	178	22677
179	179	22644
180	180	22659
181	181	22664
182	182	22667
183	183	22648
184	184	22663
185	185	22662
186	186	22663
187	187	22669
188	188	22658
189	189	22649
190	190	22582
191	191	22613
192	192	22588
193	193	22586
194	194	22584
195	195	22600
196	196	22576
197	197	22634
198	198	22624
199	199	22649
200	200	22660
201	201	22642
202	202	22667
203	203	22667
204	204	22654
205	205	22632
206	206	22634
207	207	22626
208	208	22629
209	209	22666
210	210	22639
211	211	22659
212	212	22655
213	213	22670
214	214	22666
215	215	22631
216	216	22640
217	217	22647
218	218	22615
219	219	22634
220	220	22647
221	221	22674
222	222	22645
223	223	22591
224	224	22614
225	225	22586
226	226	22629
227	227	22608
228	228	22624
229	229	22626
230	230	22637
231	231	22620
232	232	22595
233	233	22593
234	234	22595
235	235	22604
236	236	22589
237	237	22591
238	238	22571
239	239	22579
240	240	22617
241	241	22633
242	242	22624
243	243	22620
244	244	22584
245	245	22615
246	246	22612
247	247	22632
248	248	22589
249	249	22585
250	250	22614
251	251	22588
252	252	22618
253	253	22601
254	254	22595
255	255	22587
256	256	22588
257	257	22606
258	258	22570
259	259	22576
260	260	22588
261	261	22575
262	262	22599
263	263	22605
264	264	22570
265	265	22572
266	266	22580
267	267	22578
268	268	22565
269	269	22556
270	270	22591
271	271	22595
272	272	22572
273	273	22570
274	274	22598
275	275	22542
276	276	22565
277	277	22568
278	278	22559
279	279	22595
280	280	22574
281	281	22580
282	282	22549
283	283	22541
284	284	22563
285	285	22549
286	286	22549
287	287	22564
288	288	22534
289	289	22533
290	290	22534
291	291	22486
292	292	22518
293	293	22557
294	294	22542
295	295	22509
296	296	22567
297	297	22557
298	298	22551
299	299	22491
300	300	22537
301	301	22503
302	302	22508
303	303	22511
304	304	22496
305	305	22513
306	306	22525
307	307	22513
308	308	22483
309	309	22508
310	310	22550
311	311	22471
312	312	22530
313	313	22510
314	314	22496
315	315	22520
316	316	22504
317	317	22511
318	318	22480
319	319	22502
320	320	22526
321	321	22512
322	322	22487
323	323	22503
324	324	22499
325	325	22515
326	326	22498
327	327	22497
328	328	22476
329	329	22488
330	330	22512
331	331	22496
332	332	22498
333	333	22483
334	334	22478
335	335	22437
336	336	22457
337	337	22455
338	338	22466
339	339	22502
340	340	22480
341	341	22481
342	342	22447
343	343	22445
344	344	22466
345	345	22458
346	346	22480
347	347	22472
348	348	22474
349	349	22457
350	350	22431
351	351	22461
352	352	22467
353	353	22448
354	354	22459
355	355	22465
356	356	22445
357	357	22428
358	358	22451
359	359	22427
360	360	22454
361	361	22466
362	362	22451
363	363	22471
364	364	22485
365	365	22454
366	366	22452
367	367	22447
368	368	22443
369	369	22445
370	370	22466
371	371	22454
372	372	22460
373	373	22463
374	374	22445
375	375	22448
376	376	22413
377	377	22461
378	378	22433
379	379	22460
380	380	22457
381	381	22411
382	382	22413
383	383	22431
384	384	22422
385	385	22401
386	386	22403
387	387	22424
388	388	22408
389	389	22413
390	390	22439
391	391	22401
392	392	22430
393	393	22419
394	394	22404
395	395	22432
396	396	22396
397	397	22412
398	398	22387
399	399	22390
400	400	22385
401	401	22372
402	402	22386
403	403	22362
404	404	22397
405	405	22407
406	406	22371
407	407	22397
408	408	22381
409	409	22392
410	410	22403
411	411	22415
412	412	22425
413	413	22414
414	414	22413
415	415	22355
416	416	22356
417	417	22364
418	418	22395
419	419	22383
420	420	22412
421	421	22402
422	422	22362
423	423	22378
424	424	22402
425	425	22384
426	426	22376
427	427	22387
428	428	22403
429	429	22396
430	430	22379
431	431	22367
432	432	22389
433	433	22391
434	434	22354
435	435	22392
436	436	22370
437	437	22355
438	438	22346
439	439	22372
440	440	22370
441	441	22356
442	442	22356
443	443	22370
444	444	22377
445	445	22369
446	446	22384
447	447	22357
448	448	22367
449	449	22342
450	450	22353
451	451	22361
452	452	22310
453	453	22341
454	454	22359
455	455	22358
456	456	22339
457	457	22335
458	458	22343
459	459	22308
460	460	22320
461	461	22305
462	462	22326
463	463	22335
464	464	22363
465	465	22345
466	466	22346
467	467	22328
468	468	22338
469	469	22338
470	470	22375
471	471	22345
472	472	22357
473	473	22326
474	474	22349
475	475	22331
476	476	22327
477	477	22347
478	478	22339
479	479	22344
480	480	22355
481	481	22361
482	482	22356
483	483	22345
484	484	22368
485	485	22347
486	486	22317
487	487	22324
488	488	22323
489	489	22328
490	490	22351
491	491	22290
492	492	22323
493	493	22294
494	494	22320
495	495	22330
496	496	22312
497	497	22323
498	498	22334
499	499	22339
500	500	22331
501	501	22325
502	502	22287
503	503	22306
504	504	22292
505	505	22292
506	506	22311
507	507	22275
508	508	22315
509	509	22279
510	510	22287
511	511	22283
512	512	22311
513	513	22309
514	514	22286
515	515	22306
516	516	22270
517	517	22263
518	518	22304
519	519	22302
520	520	22274
521	521	22297
522	522	22260
523	523	22242
524	524	22282
525	525	22269
526	526	22241
527	527	22252
528	528	22264
529	529	22263
530	530	22276
531	531	22285
532	532	22280
533	533	22275
534	534	22276
535	535	22262
536	536	22273
537	537	22266
538	538	22241
539	539	22293
540	540	22278
541	541	22273
542	542	22243
543	543	22275
544	544	22296
545	545	22282
546	546	22264
547	547	22283
548	548	22226
549	549	22255
550	550	22266
551	551	22248
552	552	22279
553	553	22286
554	554	22268
555	555	22241
556	556	22276
557	557	22264
558	558	22219
559	559	22239
560	560	22258
561	561	22267
562	562	22284
563	563	22266
564	564	22261
565	565	22247
566	566	22250
567	567	22235
568	568	22242
569	569	22269
570	570	22266
571	571	22251
572	572	22235
573	573	22266
574	574	22252
575	575	22267
576	576	22250
577	577	22241
578	578	22247
579	579	22257
580	580	22223
581	581	22261
582	582	22275
583	583	22249
584	584	22231
585	585	22265
586	586	22230
587	587	22235
588	588	22242
589	589	22213
590	590	22227
591	591	22246
592	592	22260
593	593	22239
594	594	22260
595	595	22240
596	596	22243
597	597	22227
598	598	22245
599	599	22226
600	600	22232
601	601	22223
602	602	22236
603	603	22237
604	604	22206
605	605	22215
606	606	22208
607	607	22217
608	608	22235
609	609	22216
610	610	22230
611	611	22235
612	612	22222
613	613	22221
614	614	22177
615	615	22190
616	616	22214
617	617	22201
618	618	22245
619	619	22217
620	620	22209
621	621	22238
622	622	22199
623	623	22198
624	624	22219
625	625	22213
626	626	22204
627	627	22222
628	628	22228
629	629	22197
630	630	22202
631	631	22222
632	632	22183
633	633	22171
634	634	22224
635	635	22204
636	636	22193
637	637	22203
638	638	22198
639	639	22189
640	640	22174
641	641	22199
642	642	22193
643	643	22191
644	644	22205
645	645	22196
646	646	22227
647	647	22216
648	648	22192
649	649	22206
650	650	22188
651	651	22189
652	652	22184
653	653	22214
654	654	22178
655	655	22208
656	656	22200
657	657	22184
658	658	22190
659	659	22174
660	660	22185
661	661	22211
662	662	22191
663	663	22159
664	664	22183
665	665	22196
666	666	22171
667	667	22192
668	668	22175
669	669	22168
670	670	22188
671	671	22195
672	672	22196
673	673	22187
674	674	22170
675	675	22170
676	676	22184
677	677	22176
678	678	22168
679	679	22164
680	680	22165
681	681	22170
682	682	22176
683	683	22152
684	684	22138
685	685	22147
686	686	22173
687	687	22153
688	688	22140
689	689	22166
690	690	22161
691	691	22141
692	692	22128
693	693	22145
694	694	22120
695	695	22122
696	696	22129
697	697	22134
698	698	22112
699	699	22122
700	700	22087
701	701	22087
702	702	22115
703	703	22113
704	704	22143
705	705	22163
706	706	22144
707	707	22123
708	708	22134
709	709	22140
710	710	22113
711	711	22144
712	712	22148
713	713	22137
714	714	22126
715	715	22097
716	716	22144
717	717	22125
718	718	22135
719	719	22119
720	720	22107
721	721	22126
722	722	22101
723	723	22110
724	724	22129
725	725	22118
726	726	22121
727	727	22112
728	728	22103
729	729	22086
730	730	22115
731	731	22133
732	732	22112
733	733	22106
734	734	22121
735	735	22119
736	736	22090
737	737	22108
738	738	22094
739	739	22109
740	740	22113
741	741	22100
742	742	22082
743	743	22101
744	744	22079
745	745	22096
746	746	22118
747	747	22104
748	748	22117
749	749	22110
750	750	22085
751	751	22090
752	752	22104
753	753	22077
754	754	22066
755	755	22103
756	756	22069
757	757	22082
758	758	22094
759	759	22088
760	760	22094
761	761	22064
762	762	22072
763	763	22103
764	764	22057
765	765	22087
766	766	22080
767	767	22119
768	768	22079
769	769	22101
770	770	22098
771	771	22104
772	772	22081
773	773	22100
774	774	22063
775	775	22050
776	776	22069
777	777	22066
778	778	22062
779	779	22068
780	780	22104
781	781	22077
782	782	22051
783	783	22071
784	784	22061
785	785	22065
786	786	22084
787	787	22061
788	788	22038
789	789	22041
790	790	22075
791	791	22076
792	792	22062
793	793	22059
794	794	22038
795	795	22050
796	796	22051
797	797	22084
798	798	22061
799	799	22045
800	800	22051
801	801	22063
802	802	22035
803	803	22018
804	804	22036
805	805	22056
806	806	22048
807	807	22044
808	808	22061
809	809	22064
810	810	22058
811	811	22065
812	812	22050
813	813	22038
814	814	22053
815	815	22064
816	816	22055
817	817	22044
818	818	22079
819	819	22030
820	820	22017
821	821	22021
822	822	22015
823	823	22009
824	824	22058
825	825	22041
826	826	22019
827	827	22048
828	828	22017
829	829	22027
830	830	22042
831	831	22052
832	832	22008
833	833	22015
834	834	22048
835	835	22024
836	836	22023
837	837	22020
838	838	22025
839	839	22044
840	840	22014
841	841	22028
842	842	22027
843	843	22019
844	844	22034
845	845	22051
846	846	22048
847	847	22048
848	848	22017
849	849	22020
850	850	22054
851	851	22030
852	852	22008
853	853	22056
854	854	22015
855	855	22040
856	856	22035
857	857	22024
858	858	22006
859	859	22032
860	860	22024
861	861	22030
862	862	22043
863	863	22015
864	864	22035
865	865	22038
866	866	22026
867	867	22010
868	868	22015
869	869	22022
870	870	21996
871	871	22015
872	872	22023
873	873	22004
874	874	21992
875	875	22001
876	876	22023
877	877	22033
878	878	22024
879	879	21994
880	880	22003
881	881	22024
882	882	22023
883	883	22016
884	884	21988
885	885	21974
886	886	21994
887	887	21972
888	888	21980
889	889	22020
890	890	21995
891	891	22013
892	892	21955
893	893	21971
894	894	21963
895	895	22001
896	896	22000
897	897	22011
898	898	21996
899	899	22003
900	900	21968
901	901	21987
902	902	21978
903	903	22002
904	904	21974
905	905	22000
906	906	21987
907	907	21982
908	908	22002
909	909	22000
910	910	21978
911	911	21980
912	912	22001
913	913	21989
914	914	21962
915	915	22001
916	916	21963
917	917	21951
918	918	21993
919	919	21956
920	920	21953
921	921	21963
922	922	21949
923	923	21974
924	924	21962
925	925	21953
926	926	21971
927	927	21961
928	928	21964
929	929	21985
930	930	22001
931	931	21978
932	932	21989
933	933	21974
934	934	21953
935	935	21936
936	936	21933
937	937	21913
938	938	21949
939	939	21964
940	940	21982
941	941	21955
942	942	21948
943	943	21945
944	944	21958
945	945	21955
946	946	21957
947	947	21962
948	948	21953
949	949	21942
950	950	21931
951	951	21957
952	952	21947
953	953	21925
954	954	21936
955	955	21939
956	956	21917
957	957	21937
958	958	21935
959	959	21906
960	960	21936
961	961	21944
962	962	21952
963	963	21949
964	964	21930
965	965	21946
966	966	21930
967	967	21939
968	968	21922
969	969	21950
970	970	21879
971	971	21910
972	972	21915
973	973	21909
974	974	21922
975	975	21933
976	976	21913
977	977	21917
978	978	21934
979	979	21930
980	980	21913
981	981	21906
982	982	21929
983	983	21945
984	984	21929
985	985	21927
986	986	21927
987	987	21949
988	988	21885
989	989	21890
990	990	21915
991	991	21906
992	992	21895
993	993	21898
994	994	21887
995	995	21902
996	996	21913
997	997	21928
998	998	21892
999	999	21875
1000	1000	21898
1001	1001	21878
1002	1002	21871
1003	1003	21870
1004	1004	21890
1005	1005	21920
1006	1006	21872
1007	1007	21914
1008	1008	21894
1009	1009	21883
1010	1010	21892
1011	1011	21906
1012	1012	21869
1013	1013	21875
1014	1014	21872
1015	1015	21909
1016	1016	21883
1017	1017	21874
1018	1018	21869
1019	1019	21870
1020	1020	21862
1021	1021	21854
1022	1022	21862
1023	1023	21876
1024	1024	21871
1025	1025	21864
1026	1026	21866
1027	1027	21891
1028	1028	21878
1029	1029	21866
1030	1030	21882
1031	1031	21886
1032	1032	21860
1033	1033	21886
1034	1034	21885
1035	1035	21849
1036	1036	21852
1037	1037	21829
1038	1038	21858
1039	1039	21864
1040	1040	21876
1041	1041	21854
1042	1042	21839
1043	1043	21827
1044	1044	21869
1045	1045	21880
1046	1046	21894
1047	1047	21887
1048	1048	21880
1049	1049	21852
1050	1050	21839
1051	1051	21875
1052	1052	21817
1053	1053	21850
1054	1054	21865
1055	1055	21853
1056	1056	21863
1057	1057	21858
1058	1058	21877
1059	1059	21852
1060	1060	21878
1061	1061	21856
1062	1062	21865
1063	1063	21867
1064	1064	21869
1065	1065	21832
1066	1066	21838
1067	1067	21825
1068	1068	21823
1069	1069	21803
1070	1070	21814
1071	1071	21820
1072	1072	21838
1073	1073	21855
1074	1074	21845
1075	1075	21859
1076	1076	21863
1077	1077	21875
1078	1078	21877
1079	1079	21871
1080	1080	21853
1081	1081	21860
1082	1082	21851
1083	1083	21854
1084	1084	21836
1085	1085	21863
1086	1086	21841
1087	1087	21838
1088	1088	21837
1089	1089	21813
1090	1090	21809
1091	1091	21827
1092	1092	21833
1093	1093	21852
1094	1094	21824
1095	1095	21820
1096	1096	21831
1097	1097	21838
1098	1098	21833
1099	1099	21856
1100	1100	21829
1101	1101	21848
1102	1102	21836
1103	1103	21809
1104	1104	21813
1105	1105	21832
1106	1106	21821
1107	1107	21829
1108	1108	21817
1109	1109	21828
1110	1110	21834
1111	1111	21857
1112	1112	21836
1113	1113	21826
1114	1114	21871
1115	1115	21840
1116	1116	21867
1117	1117	21863
1118	1118	21839
1119	1119	21832
1120	1120	21832
1121	1121	21779
1122	1122	21801
1123	1123	21803
1124	1124	21804
1125	1125	21804
1126	1126	21820
1127	1127	21802
1128	1128	21790
1129	1129	21799
1130	1130	21808
1131	1131	21817
1132	1132	21814
1133	1133	21837
1134	1134	21813
1135	1135	21799
1136	1136	21786
1137	1137	21812
1138	1138	21819
1139	1139	21839
1140	1140	21783
1141	1141	21803
1142	1142	21768
1143	1143	21805
1144	1144	21807
1145	1145	21830
1146	1146	21813
1147	1147	21805
1148	1148	21797
1149	1149	21821
1150	1150	21797
1151	1151	21818
1152	1152	21778
1153	1153	21799
1154	1154	21812
1155	1155	21817
1156	1156	21789
1157	1157	21785
1158	1158	21775
1159	1159	21802
1160	1160	21794
1161	1161	21748
1162	1162	21826
1163	1163	21767
1164	1164	21811
1165	1165	21823
1166	1166	21801
1167	1167	21784
1168	1168	21813
1169	1169	21806
1170	1170	21778
1171	1171	21795
1172	1172	21803
1173	1173	21800
1174	1174	21788
1175	1175	21804
1176	1176	21789
1177	1177	21783
1178	1178	21791
1179	1179	21797
1180	1180	21799
1181	1181	21776
1182	1182	21780
1183	1183	21812
1184	1184	21760
1185	1185	21790
1186	1186	21763
1187	1187	21797
1188	1188	21783
1189	1189	21789
1190	1190	21788
1191	1191	21768
1192	1192	21785
1193	1193	21773
1194	1194	21761
1195	1195	21767
1196	1196	21775
1197	1197	21786
1198	1198	21800
1199	1199	21793
1200	1200	21773
1201	1201	21742
1202	1202	21732
1203	1203	21730
1204	1204	21754
1205	1205	21768
1206	1206	21757
1207	1207	21742
1208	1208	21751
1209	1209	21771
1210	1210	21759
1211	1211	21813
1212	1212	21804
1213	1213	21786
1214	1214	21795
1215	1215	21768
1216	1216	21797
1217	1217	21773
1218	1218	21779
1219	1219	21776
1220	1220	21739
1221	1221	21759
1222	1222	21763
1223	1223	21781
1224	1224	21794
1225	1225	21774
1226	1226	21786
1227	1227	21760
1228	1228	21758
1229	1229	21778
1230	1230	21773
1231	1231	21785
1232	1232	21770
1233	1233	21750
1234	1234	21755
1235	1235	21736
1236	1236	21751
1237	1237	21749
1238	1238	21747
1239	1239	21737
1240	1240	21743
1241	1241	21752
1242	1242	21729
1243	1243	21760
1244	1244	21733
1245	1245	21760
1246	1246	21761
1247	1247	21703
1248	1248	21725
1249	1249	21761
1250	1250	21747
1251	1251	21734
1252	1252	21745
1253	1253	21747
1254	1254	21712
1255	1255	21720
1256	1256	21735
1257	1257	21760
1258	1258	21733
1259	1259	21733
1260	1260	21727
1261	1261	21743
1262	1262	21731
1263	1263	21738
1264	1264	21746
1265	1265	21752
1266	1266	21737
1267	1267	21774
1268	1268	21749
1269	1269	21735
1270	1270	21728
1271	1271	21729
1272	1272	21742
1273	1273	21729
1274	1274	21708
1275	1275	21731
1276	1276	21754
1277	1277	21730
1278	1278	21709
1279	1279	21706
1280	1280	21722
1281	1281	21737
1282	1282	21722
1283	1283	21732
1284	1284	21723
1285	1285	21734
1286	1286	21675
1287	1287	21687
1288	1288	21668
1289	1289	21710
1290	1290	21715
1291	1291	21708
1292	1292	21724
1293	1293	21724
1294	1294	21714
1295	1295	21717
1296	1296	21719
1297	1297	21719
1298	1298	21669
1299	1299	21725
1300	1300	21690
1301	1301	21683
1302	1302	21694
1303	1303	21681
1304	1304	21689
1305	1305	21711
1306	1306	21708
1307	1307	21701
1308	1308	21687
1309	1309	21696
1310	1310	21687
1311	1311	21691
1312	1312	21688
1313	1313	21698
1314	1314	21684
1315	1315	21676
1316	1316	21658
1317	1317	21666
1318	1318	21665
1319	1319	21664
1320	1320	21700
1321	1321	21701
1322	1322	21669
1323	1323	21688
1324	1324	21686
1325	1325	21695
1326	1326	21688
1327	1327	21692
1328	1328	21655
1329	1329	21680
1330	1330	21677
1331	1331	21666
1332	1332	21680
1333	1333	21670
1334	1334	21720
1335	1335	21673
1336	1336	21654
1337	1337	21687
1338	1338	21666
1339	1339	21659
1340	1340	21654
1341	1341	21706
1342	1342	21652
1343	1343	21657
1344	1344	21662
1345	1345	21688
1346	1346	21641
1347	1347	21657
1348	1348	21664
1349	1349	21691
1350	1350	21672
1351	1351	21671
1352	1352	21668
1353	1353	21655
1354	1354	21679
1355	1355	21684
1356	1356	21679
1357	1357	21671
1358	1358	21683
1359	1359	21642
1360	1360	21688
1361	1361	21662
1362	1362	21661
1363	1363	21654
1364	1364	21679
1365	1365	21700
1366	1366	21684
1367	1367	21667
1368	1368	21682
1369	1369	21652
1370	1370	21644
1371	1371	21654
1372	1372	21640
1373	1373	21636
1374	1374	21623
1375	1375	21636
1376	1376	21658
1377	1377	21642
1378	1378	21635
1379	1379	21604
1380	1380	21624
1381	1381	21628
1382	1382	21624
1383	1383	21662
1384	1384	21633
1385	1385	21648
1386	1386	21631
1387	1387	21638
1388	1388	21596
1389	1389	21620
1390	1390	21620
1391	1391	21641
1392	1392	21636
1393	1393	21624
1394	1394	21638
1395	1395	21653
1396	1396	21624
1397	1397	21623
1398	1398	21631
1399	1399	21600
1400	1400	21609
1401	1401	21619
1402	1402	21637
1403	1403	21614
1404	1404	21615
1405	1405	21567
1406	1406	21624
1407	1407	21639
1408	1408	21640
1409	1409	21647
1410	1410	21606
1411	1411	21604
1412	1412	21598
1413	1413	21595
1414	1414	21613
1415	1415	21605
1416	1416	21607
1417	1417	21606
1418	1418	21597
1419	1419	21562
1420	1420	21595
1421	1421	21581
1422	1422	21627
1423	1423	21595
1424	1424	21611
1425	1425	21596
1426	1426	21605
1427	1427	21631
1428	1428	21580
1429	1429	21587
1430	1430	21597
1431	1431	21623
1432	1432	21614
1433	1433	21634
1434	1434	21618
1435	1435	21612
1436	1436	21599
1437	1437	21581
1438	1438	21563
1439	1439	21596
1440	1440	21596
1441	1441	21568
1442	1442	21559
1443	1443	21581
1444	1444	21593
1445	1445	21591
1446	1446	21617
1447	1447	21610
1448	1448	21603
1449	1449	21551
1450	1450	21599
1451	1451	21599
1452	1452	21601
1453	1453	21580
1454	1454	21593
1455	1455	21588
1456	1456	21583
1457	1457	21599
1458	1458	21583
1459	1459	21604
1460	1460	21591
1461	1461	21564
1462	1462	21548
1463	1463	21589
1464	1464	21589
1465	1465	21587
1466	1466	21596
1467	1467	21588
1468	1468	21602
1469	1469	21544
1470	1470	21578
1471	1471	21552
1472	1472	21547
1473	1473	21581
1474	1474	21552
1475	1475	21567
1476	1476	21572
1477	1477	21581
1478	1478	21559
1479	1479	21578
1480	1480	21583
1481	1481	21587
1482	1482	21572
1483	1483	21548
1484	1484	21527
1485	1485	21562
1486	1486	21570
1487	1487	21556
1488	1488	21558
1489	1489	21561
1490	1490	21540
1491	1491	21520
1492	1492	21540
1493	1493	21574
1494	1494	21559
1495	1495	21555
1496	1496	21554
1497	1497	21519
1498	1498	21535
1499	1499	21583
1500	1500	21531
1501	1501	21532
1502	1502	21526
1503	1503	21549
1504	1504	21557
1505	1505	21584
1506	1506	21573
1507	1507	21547
1508	1508	21561
1509	1509	21563
1510	1510	21577
1511	1511	21577
1512	1512	21566
1513	1513	21595
1514	1514	21562
1515	1515	21589
1516	1516	21566
1517	1517	21598
1518	1518	21577
1519	1519	21553
1520	1520	21574
1521	1521	21519
1522	1522	21549
1523	1523	21582
1524	1524	21576
1525	1525	21559
1526	1526	21543
1527	1527	21554
1528	1528	21562
1529	1529	21565
1530	1530	21535
1531	1531	21559
1532	1532	21577
1533	1533	21559
1534	1534	21570
1535	1535	21545
1536	1536	21577
1537	1537	21540
1538	1538	21556
1539	1539	21554
1540	1540	21543
1541	1541	21551
1542	1542	21521
1543	1543	21535
1544	1544	21551
1545	1545	21541
1546	1546	21589
1547	1547	21545
1548	1548	21562
1549	1549	21537
1550	1550	21537
1551	1551	21546
1552	1552	21511
1553	1553	21539
1554	1554	21522
1555	1555	21511
1556	1556	21519
1557	1557	21515
1558	1558	21552
1559	1559	21518
1560	1560	21516
1561	1561	21518
1562	1562	21529
1563	1563	21526
1564	1564	21519
1565	1565	21545
1566	1566	21517
1567	1567	21545
1568	1568	21554
1569	1569	21523
1570	1570	21510
1571	1571	21556
1572	1572	21527
1573	1573	21531
1574	1574	21501
1575	1575	21522
1576	1576	21522
1577	1577	21556
1578	1578	21561
1579	1579	21563
1580	1580	21544
1581	1581	21563
1582	1582	21518
1583	1583	21533
1584	1584	21539
1585	1585	21531
1586	1586	21538
1587	1587	21541
1588	1588	21516
1589	1589	21526
1590	1590	21539
1591	1591	21497
1592	1592	21529
1593	1593	21523
1594	1594	21514
1595	1595	21548
1596	1596	21533
1597	1597	21546
1598	1598	21532
1599	1599	21535
1600	1600	21496
1601	1601	21524
1602	1602	21515
1603	1603	21534
1604	1604	21528
1605	1605	21543
1606	1606	21512
1607	1607	21512
1608	1608	21523
1609	1609	21503
1610	1610	21511
1611	1611	21513
1612	1612	21512
1613	1613	21519
1614	1614	21500
1615	1615	21483
1616	1616	21514
1617	1617	21498
1618	1618	21500
1619	1619	21525
1620	1620	21492
1621	1621	21473
1622	1622	21479
1623	1623	21507
1624	1624	21475
1625	1625	21454
1626	1626	21489
1627	1627	21456
1628	1628	21459
1629	1629	21486
1630	1630	21502
1631	1631	21472
1632	1632	21425
1633	1633	21480
1634	1634	21498
1635	1635	21442
1636	1636	21461
1637	1637	21456
1638	1638	21479
1639	1639	21453
1640	1640	21452
1641	1641	21467
1642	1642	21460
1643	1643	21490
1644	1644	21470
1645	1645	21468
1646	1646	21473
1647	1647	21440
1648	1648	21438
1649	1649	21473
1650	1650	21438
1651	1651	21460
1652	1652	21459
1653	1653	21444
1654	1654	21455
1655	1655	21448
1656	1656	21428
1657	1657	21472
1658	1658	21508
1659	1659	21478
1660	1660	21479
1661	1661	21447
1662	1662	21449
1663	1663	21479
1664	1664	21411
1665	1665	21463
1666	1666	21422
1667	1667	21436
1668	1668	21452
1669	1669	21443
1670	1670	21450
1671	1671	21450
1672	1672	21414
1673	1673	21417
1674	1674	21465
1675	1675	21444
1676	1676	21440
1677	1677	21451
1678	1678	21452
1679	1679	21432
1680	1680	21488
1681	1681	21446
1682	1682	21456
1683	1683	21494
1684	1684	21445
1685	1685	21442
1686	1686	21448
1687	1687	21426
1688	1688	21452
1689	1689	21456
1690	1690	21419
1691	1691	21393
1692	1692	21426
1693	1693	21435
1694	1694	21439
1695	1695	21400
1696	1696	21432
1697	1697	21418
1698	1698	21423
1699	1699	21435
1700	1700	21432
1701	1701	21415
1702	1702	21424
1703	1703	21418
1704	1704	21449
1705	1705	21429
1706	1706	21402
1707	1707	21429
1708	1708	21429
1709	1709	21445
1710	1710	21429
1711	1711	21440
1712	1712	21397
1713	1713	21401
1714	1714	21415
1715	1715	21453
1716	1716	21447
1717	1717	21420
1718	1718	21423
1719	1719	21401
1720	1720	21436
1721	1721	21430
1722	1722	21463
1723	1723	21433
1724	1724	21409
1725	1725	21401
1726	1726	21406
1727	1727	21409
1728	1728	21415
1729	1729	21384
1730	1730	21421
1731	1731	21407
1732	1732	21411
1733	1733	21430
1734	1734	21421
1735	1735	21402
1736	1736	21414
1737	1737	21408
1738	1738	21418
1739	1739	21414
1740	1740	21425
1741	1741	21426
1742	1742	21394
1743	1743	21427
1744	1744	21430
1745	1745	21421
1746	1746	21423
1747	1747	21436
1748	1748	21414
1749	1749	21385
1750	1750	21387
1751	1751	21423
1752	1752	21429
1753	1753	21435
1754	1754	21383
1755	1755	21402
1756	1756	21375
1757	1757	21352
1758	1758	21411
1759	1759	21391
1760	1760	21377
1761	1761	21370
1762	1762	21391
1763	1763	21402
1764	1764	21393
1765	1765	21396
1766	1766	21374
1767	1767	21409
1768	1768	21408
1769	1769	21401
1770	1770	21384
1771	1771	21393
1772	1772	21409
1773	1773	21417
1774	1774	21362
1775	1775	21388
1776	1776	21417
1777	1777	21383
1778	1778	21385
1779	1779	21416
1780	1780	21394
1781	1781	21406
1782	1782	21434
1783	1783	21393
1784	1784	21394
1785	1785	21382
1786	1786	21379
1787	1787	21359
1788	1788	21373
1789	1789	21389
1790	1790	21362
1791	1791	21364
1792	1792	21378
1793	1793	21363
1794	1794	21364
1795	1795	21373
1796	1796	21375
1797	1797	21356
1798	1798	21344
1799	1799	21331
1800	1800	21373
1801	1801	21346
1802	1802	21379
1803	1803	21363
1804	1804	21344
1805	1805	21333
1806	1806	21367
1807	1807	21381
1808	1808	21364
1809	1809	21355
1810	1810	21326
1811	1811	21329
1812	1812	21344
1813	1813	21346
1814	1814	21323
1815	1815	21343
1816	1816	21333
1817	1817	21336
1818	1818	21344
1819	1819	21344
1820	1820	21347
1821	1821	21342
1822	1822	21345
1823	1823	21360
1824	1824	21318
1825	1825	21341
1826	1826	21353
1827	1827	21342
1828	1828	21329
1829	1829	21361
1830	1830	21365
1831	1831	21347
1832	1832	21337
1833	1833	21349
1834	1834	21326
1835	1835	21347
1836	1836	21342
1837	1837	21321
1838	1838	21334
1839	1839	21335
1840	1840	21326
1841	1841	21319
1842	1842	21317
1843	1843	21313
1844	1844	21289
1845	1845	21346
1846	1846	21342
1847	1847	21330
1848	1848	21301
1849	1849	21300
1850	1850	21312
1851	1851	21322
1852	1852	21340
1853	1853	21330
1854	1854	21341
1855	1855	21305
1856	1856	21317
1857	1857	21319
1858	1858	21304
1859	1859	21306
1860	1860	21318
1861	1861	21290
1862	1862	21296
1863	1863	21316
1864	1864	21283
1865	1865	21298
1866	1866	21317
1867	1867	21311
1868	1868	21304
1869	1869	21359
1870	1870	21305
1871	1871	21306
1872	1872	21271
1873	1873	21307
1874	1874	21280
1875	1875	21291
1876	1876	21273
1877	1877	21282
1878	1878	21317
1879	1879	21315
1880	1880	21305
1881	1881	21289
1882	1882	21298
1883	1883	21290
1884	1884	21242
1885	1885	21321
1886	1886	21322
1887	1887	21291
1888	1888	21268
1889	1889	21297
1890	1890	21280
1891	1891	21244
1892	1892	21266
1893	1893	21275
1894	1894	21261
1895	1895	21272
1896	1896	21269
1897	1897	21277
1898	1898	21273
1899	1899	21269
1900	1900	21304
1901	1901	21279
1902	1902	21272
1903	1903	21284
1904	1904	21259
1905	1905	21272
1906	1906	21260
1907	1907	21253
1908	1908	21252
1909	1909	21238
1910	1910	21276
1911	1911	21243
1912	1912	21267
1913	1913	21276
1914	1914	21206
1915	1915	21212
1916	1916	21228
1917	1917	21230
1918	1918	21231
1919	1919	21250
1920	1920	21236
1921	1921	21234
1922	1922	21214
1923	1923	21231
1924	1924	21227
1925	1925	21224
1926	1926	21218
1927	1927	21215
1928	1928	21184
1929	1929	21206
1930	1930	21215
1931	1931	21233
1932	1932	21169
1933	1933	21191
1934	1934	21193
1935	1935	21190
1936	1936	21195
1937	1937	21204
1938	1938	21204
1939	1939	21204
1940	1940	21216
1941	1941	21173
1942	1942	21200
1943	1943	21174
1944	1944	21224
1945	1945	21195
1946	1946	21188
1947	1947	21179
1948	1948	21188
1949	1949	21193
1950	1950	21215
1951	1951	21191
1952	1952	21191
1953	1953	21196
1954	1954	21184
1955	1955	21199
1956	1956	21186
1957	1957	21246
1958	1958	21263
1959	1959	21214
1960	1960	21225
1961	1961	21211
1962	1962	21222
1963	1963	21234
1964	1964	21235
1965	1965	21188
1966	1966	21219
1967	1967	21222
1968	1968	21225
1969	1969	21204
1970	1970	21213
1971	1971	21207
1972	1972	21222
1973	1973	21242
1974	1974	21207
1975	1975	21241
1976	1976	21229
1977	1977	21221
1978	1978	21226
1979	1979	21232
1980	1980	21220
1981	1981	21224
1982	1982	21222
1983	1983	21197
1984	1984	21187
1985	1985	21203
1986	1986	21209
1987	1987	21228
1988	1988	21213
1989	1989	21208
1990	1990	21195
1991	1991	21171
1992	1992	21185
1993	1993	21230
1994	1994	21212
1995	1995	21204
1996	1996	21171
1997	1997	21231
1998	1998	21198
1999	1999	21190
2000	2000	21202
2001	2001	21208
2002	2002	21191
2003	2003	21195
2004	2004	21239
2005	2005	21211
2006	2006	21200
2007	2007	21197
2008	2008	21216
2009	2009	21208
2010	2010	21223
2011	2011	21200
2012	2012	21212
2013	2013	21190
2014	2014	21192
2015	2015	21216
2016	2016	21165
2017	2017	21208
2018	2018	21179
2019	2019	21190
2020	2020	21177
2021	2021	21205
2022	2022	21199
2023	2023	21188
2024	2024	21201
2025	2025	21196
2026	2026	21219
2027	2027	21212
2028	2028	21238
2029	2029	21205
2030	2030	21200
2031	2031	21192
2032	2032	21189
2033	2033	21203
2034	2034	21187
2035	2035	21208
2036	2036	21216
2037	2037	21197
2038	2038	21196
2039	2039	21199
2040	2040	21171
2041	2041	21197
2042	2042	21206
2043	2043	21211
2044	2044	21238
2045	2045	21205
2046	2046	21194
2047	2047	21172
2048	2048	21161
2049	2049	21192
2050	2050	21198
2051	2051	21202
2052	2052	21204
2053	2053	21195
2054	2054	21181
2055	2055	21214
2056	2056	21186
2057	2057	21177
2058	2058	21188
2059	2059	21217
2060	2060	21183
2061	2061	21172
2062	2062	21204
2063	2063	21180
2064	2064	21204
2065	2065	21181
2066	2066	21172
2067	2067	21193
2068	2068	21178
2069	2069	21186
2070	2070	21171
2071	2071	21175
2072	2072	21169
2073	2073	21186
2074	2074	21179
2075	2075	21152
2076	2076	21186
2077	2077	21141
2078	2078	21139
2079	2079	21150
2080	2080	21171
2081	2081	21154
2082	2082	21150
2083	2083	21151
2084	2084	21152
2085	2085	21147
2086	2086	21148
2087	2087	21136
2088	2088	21192
2089	2089	21143
2090	2090	21166
2091	2091	21139
2092	2092	21160
2093	2093	21174
2094	2094	21189
2095	2095	21158
2096	2096	21170
2097	2097	21150
2098	2098	21129
2099	2099	21125
2100	2100	21161
2101	2101	21146
2102	2102	21163
2103	2103	21172
2104	2104	21136
2105	2105	21176
2106	2106	21125
2107	2107	21152
2108	2108	21137
2109	2109	21153
2110	2110	21156
2111	2111	21116
2112	2112	21137
2113	2113	21127
2114	2114	21157
2115	2115	21179
2116	2116	21160
2117	2117	21136
2118	2118	21137
2119	2119	21126
2120	2120	21136
2121	2121	21143
2122	2122	21128
2123	2123	21135
2124	2124	21166
2125	2125	21138
2126	2126	21138
2127	2127	21171
2128	2128	21160
2129	2129	21159
2130	2130	21124
2131	2131	21139
2132	2132	21108
2133	2133	21140
2134	2134	21140
2135	2135	21136
2136	2136	21139
2137	2137	21149
2138	2138	21147
2139	2139	21132
2140	2140	21164
2141	2141	21132
2142	2142	21132
2143	2143	21127
2144	2144	21108
2145	2145	21094
2146	2146	21102
2147	2147	21126
2148	2148	21127
2149	2149	21128
2150	2150	21064
2151	2151	21121
2152	2152	21105
2153	2153	21127
2154	2154	21102
2155	2155	21108
2156	2156	21119
2157	2157	21118
2158	2158	21124
2159	2159	21126
2160	2160	21121
2161	2161	21125
2162	2162	21089
2163	2163	21106
2164	2164	21090
2165	2165	21096
2166	2166	21093
2167	2167	21105
2168	2168	21073
2169	2169	21103
2170	2170	21101
2171	2171	21052
2172	2172	21088
2173	2173	21093
2174	2174	21081
2175	2175	21095
2176	2176	21078
2177	2177	21100
2178	2178	21105
2179	2179	21106
2180	2180	21065
2181	2181	21078
2182	2182	21054
2183	2183	21075
2184	2184	21041
2185	2185	21049
2186	2186	21077
2187	2187	21066
2188	2188	21070
2189	2189	21068
2190	2190	21064
2191	2191	21051
2192	2192	21075
2193	2193	21088
2194	2194	21077
2195	2195	21052
2196	2196	21075
2197	2197	21051
2198	2198	21077
2199	2199	21065
2200	2200	21053
2201	2201	21064
2202	2202	21044
2203	2203	21025
2204	2204	21069
2205	2205	21057
2206	2206	21068
2207	2207	21080
2208	2208	21061
2209	2209	21052
2210	2210	21050
2211	2211	21032
2212	2212	21059
2213	2213	21059
2214	2214	21043
2215	2215	21065
2216	2216	21060
2217	2217	21065
2218	2218	21045
2219	2219	21057
2220	2220	21084
2221	2221	21071
2222	2222	21089
2223	2223	21031
2224	2224	21059
2225	2225	21029
2226	2226	21053
2227	2227	21042
2228	2228	21046
2229	2229	21033
2230	2230	21035
2231	2231	21032
2232	2232	21055
2233	2233	21039
2234	2234	21056
2235	2235	21051
2236	2236	21058
2237	2237	21068
2238	2238	21012
2239	2239	21056
2240	2240	21027
2241	2241	21052
2242	2242	21068
2243	2243	21025
2244	2244	21027
2245	2245	21054
2246	2246	21045
2247	2247	21026
2248	2248	21014
2249	2249	21000
2250	2250	21030
2251	2251	21026
2252	2252	21041
2253	2253	21021
2254	2254	21039
2255	2255	21039
2256	2256	21032
2257	2257	21027
2258	2258	20998
2259	2259	21043
2260	2260	21035
2261	2261	21048
2262	2262	21045
2263	2263	21033
2264	2264	21021
2265	2265	21051
2266	2266	21030
2267	2267	21012
2268	2268	21030
2269	2269	21026
2270	2270	21051
2271	2271	21050
2272	2272	21050
2273	2273	21032
2274	2274	21023
2275	2275	21006
2276	2276	20999
2277	2277	21004
2278	2278	21041
2279	2279	21031
2280	2280	21015
2281	2281	21019
2282	2282	20935
2283	2283	21008
2284	2284	21017
2285	2285	21022
2286	2286	21024
2287	2287	21000
2288	2288	21024
2289	2289	20995
2290	2290	20999
2291	2291	21035
2292	2292	21006
2293	2293	20998
2294	2294	21013
2295	2295	20982
2296	2296	20985
2297	2297	20994
2298	2298	21021
2299	2299	21013
2300	2300	21013
2301	2301	21009
2302	2302	20992
2303	2303	21000
2304	2304	21016
2305	2305	21015
2306	2306	21012
2307	2307	21032
2308	2308	20998
2309	2309	21019
2310	2310	21003
2311	2311	21027
2312	2312	21011
2313	2313	21010
2314	2314	20990
2315	2315	21005
2316	2316	20991
2317	2317	20984
2318	2318	20998
2319	2319	20992
2320	2320	20974
2321	2321	20975
2322	2322	20996
2323	2323	20995
2324	2324	20993
2325	2325	20980
2326	2326	20986
2327	2327	21004
2328	2328	20991
2329	2329	20975
2330	2330	21000
2331	2331	20989
2332	2332	20999
2333	2333	21004
2334	2334	20968
2335	2335	20993
2336	2336	20977
2337	2337	21002
2338	2338	21001
2339	2339	20953
2340	2340	20982
2341	2341	20961
2342	2342	20960
2343	2343	20998
2344	2344	21027
2345	2345	20996
2346	2346	20986
2347	2347	20987
2348	2348	20988
2349	2349	21010
2350	2350	20988
2351	2351	20994
2352	2352	20983
2353	2353	20968
2354	2354	20948
2355	2355	20960
2356	2356	20924
2357	2357	20983
2358	2358	20990
2359	2359	20979
2360	2360	20950
2361	2361	20960
2362	2362	20949
2363	2363	20976
2364	2364	20952
2365	2365	20949
2366	2366	20977
2367	2367	20995
2368	2368	20970
2369	2369	20967
2370	2370	20980
2371	2371	20938
2372	2372	20965
2373	2373	20967
2374	2374	20933
2375	2375	20951
2376	2376	20950
2377	2377	20966
2378	2378	20968
2379	2379	20938
2380	2380	20965
2381	2381	20970
2382	2382	20935
2383	2383	20945
2384	2384	20965
2385	2385	20925
2386	2386	20948
2387	2387	20915
2388	2388	20912
2389	2389	20922
2390	2390	20921
2391	2391	20934
2392	2392	20911
2393	2393	20944
2394	2394	20930
2395	2395	20934
2396	2396	20946
2397	2397	20976
2398	2398	20937
2399	2399	20924
2400	2400	20945
2401	2401	20953
2402	2402	20928
2403	2403	20918
2404	2404	20951
2405	2405	20931
2406	2406	20929
2407	2407	20961
2408	2408	20925
2409	2409	20936
2410	2410	20938
2411	2411	20900
2412	2412	20908
2413	2413	20913
2414	2414	20912
2415	2415	20939
2416	2416	20922
2417	2417	20917
2418	2418	20914
2419	2419	20913
2420	2420	20910
2421	2421	20906
2422	2422	20937
2423	2423	20940
2424	2424	20914
2425	2425	20927
2426	2426	20917
2427	2427	20932
2428	2428	20915
2429	2429	20911
2430	2430	20914
2431	2431	20921
2432	2432	20896
2433	2433	20893
2434	2434	20887
2435	2435	20920
2436	2436	20903
2437	2437	20913
2438	2438	20896
2439	2439	20893
2440	2440	20903
2441	2441	20892
2442	2442	20883
2443	2443	20882
2444	2444	20878
2445	2445	20880
2446	2446	20853
2447	2447	20879
2448	2448	20855
2449	2449	20907
2450	2450	20874
2451	2451	20879
2452	2452	20873
2453	2453	20882
2454	2454	20855
2455	2455	20876
2456	2456	20870
2457	2457	20871
2458	2458	20845
2459	2459	20880
2460	2460	20862
2461	2461	20886
2462	2462	20893
2463	2463	20872
2464	2464	20901
2465	2465	20879
2466	2466	20885
2467	2467	20842
2468	2468	20872
2469	2469	20858
2470	2470	20882
2471	2471	20855
2472	2472	20876
2473	2473	20882
2474	2474	20863
2475	2475	20848
2476	2476	20838
2477	2477	20845
2478	2478	20873
2479	2479	20852
2480	2480	20859
2481	2481	20880
2482	2482	20891
2483	2483	20897
2484	2484	20870
2485	2485	20847
2486	2486	20876
2487	2487	20855
2488	2488	20853
2489	2489	20870
2490	2490	20831
2491	2491	20827
2492	2492	20811
2493	2493	20836
2494	2494	20862
2495	2495	20854
2496	2496	20834
2497	2497	20826
2498	2498	20869
2499	2499	20848
2500	2500	20870
2501	2501	20868
2502	2502	20850
2503	2503	20865
2504	2504	20859
2505	2505	20848
2506	2506	20840
2507	2507	20825
2508	2508	20855
2509	2509	20802
2510	2510	20814
2511	2511	20806
2512	2512	20833
2513	2513	20809
2514	2514	20817
2515	2515	20875
2516	2516	20838
2517	2517	20846
2518	2518	20820
2519	2519	20841
2520	2520	20832
2521	2521	20843
2522	2522	20855
2523	2523	20808
2524	2524	20814
2525	2525	20813
2526	2526	20823
2527	2527	20799
2528	2528	20794
2529	2529	20818
2530	2530	20810
2531	2531	20811
2532	2532	20770
2533	2533	20780
2534	2534	20809
2535	2535	20786
2536	2536	20813
2537	2537	20817
2538	2538	20800
2539	2539	20770
2540	2540	20800
2541	2541	20764
2542	2542	20764
2543	2543	20746
2544	2544	20785
2545	2545	20786
2546	2546	20760
2547	2547	20792
2548	2548	20763
2549	2549	20770
2550	2550	20769
2551	2551	20778
2552	2552	20774
2553	2553	20771
2554	2554	20769
2555	2555	20768
2556	2556	20756
2557	2557	20758
2558	2558	20769
2559	2559	20769
2560	2560	20792
2561	2561	20774
2562	2562	20749
2563	2563	20763
2564	2564	20786
2565	2565	20742
2566	2566	20758
2567	2567	20737
2568	2568	20754
2569	2569	20730
2570	2570	20762
2571	2571	20782
2572	2572	20757
2573	2573	20758
2574	2574	20755
2575	2575	20738
2576	2576	20725
2577	2577	20746
2578	2578	20723
2579	2579	20757
2580	2580	20739
2581	2581	20730
2582	2582	20727
2583	2583	20725
2584	2584	20731
2585	2585	20752
2586	2586	20739
2587	2587	20699
2588	2588	20716
2589	2589	20704
2590	2590	20728
2591	2591	20722
2592	2592	20716
2593	2593	20725
2594	2594	20710
2595	2595	20717
2596	2596	20694
2597	2597	20676
2598	2598	20677
2599	2599	20693
2600	2600	20681
2601	2601	20649
2602	2602	20688
2603	2603	20656
2604	2604	20688
2605	2605	20713
2606	2606	20680
2607	2607	20670
2608	2608	20662
2609	2609	20668
2610	2610	20658
2611	2611	20646
2612	2612	20667
2613	2613	20702
2614	2614	20657
2615	2615	20635
2616	2616	20653
2617	2617	20632
2618	2618	20629
2619	2619	20631
2620	2620	20632
2621	2621	20627
2622	2622	20605
2623	2623	20623
2624	2624	20615
2625	2625	20606
2626	2626	20607
2627	2627	20611
2628	2628	20597
2629	2629	20608
2630	2630	20628
2631	2631	20609
2632	2632	20645
2633	2633	20591
2634	2634	20590
2635	2635	20580
2636	2636	20587
2637	2637	20633
2638	2638	20583
2639	2639	20574
2640	2640	20564
2641	2641	20573
2642	2642	20587
2643	2643	20564
2644	2644	20565
2645	2645	20585
2646	2646	20582
2647	2647	20569
2648	2648	20557
2649	2649	20549
2650	2650	20521
2651	2651	20545
2652	2652	20543
2653	2653	20534
2654	2654	20487
2655	2655	20536
2656	2656	20493
2657	2657	20528
2658	2658	20517
2659	2659	20545
2660	2660	20502
2661	2661	20517
2662	2662	20503
2663	2663	20490
2664	2664	20505
2665	2665	20509
2666	2666	20492
2667	2667	20474
2668	2668	20451
2669	2669	20470
2670	2670	20453
2671	2671	20461
2672	2672	20457
2673	2673	20411
2674	2674	20417
2675	2675	20412
2676	2676	20385
2677	2677	20431
2678	2678	20433
2679	2679	20417
2680	2680	20396
2681	2681	20416
2682	2682	20371
2683	2683	20376
2684	2684	20394
2685	2685	20320
2686	2686	20316
2687	2687	20320
2688	2688	20334
2689	2689	20338
2690	2690	20315
2691	2691	20293
2692	2692	20299
2693	2693	20290
2694	2694	20279
2695	2695	20300
2696	2696	20268
2697	2697	20300
2698	2698	20271
2699	2699	20257
2700	2700	20220
2701	2701	20218
2702	2702	20228
2703	2703	20238
2704	2704	20211
2705	2705	20204
2706	2706	20176
2707	2707	20199
2708	2708	20201
2709	2709	20184
2710	2710	20152
2711	2711	20169
2712	2712	20171
2713	2713	20168
2714	2714	20159
2715	2715	20122
2716	2716	20143
2717	2717	20103
2718	2718	20108
2719	2719	20071
2720	2720	20087
2721	2721	20091
2722	2722	20058
2723	2723	20073
2724	2724	20073
2725	2725	20044
2726	2726	20033
2727	2727	19999
2728	2728	20001
2729	2729	20000
2730	2730	20010
2731	2731	19983
2732	2732	19995
2733	2733	19956
2734	2734	19921
2735	2735	19930
2736	2736	19927
2737	2737	19941
2738	2738	19893
2739	2739	19867
2740	2740	19901
2741	2741	19871
2742	2742	19892
2743	2743	19881
2744	2744	19854
2745	2745	19855
2746	2746	19851
2747	2747	19833
2748	2748	19814
2749	2749	19826
2750	2750	19832
2751	2751	19816
2752	2752	19775
2753	2753	19746
2754	2754	19749
2755	2755	19731
2756	2756	19726
2757	2757	19695
2758	2758	19699
2759	2759	19678
2760	2760	19679
2761	2761	19696
2762	2762	19645
2763	2763	19639
2764	2764	19674
2765	2765	19658
2766	2766	19621
2767	2767	19656
2768	2768	19607
2769	2769	19592
2770	2770	19587
2771	2771	19555
2772	2772	19527
2773	2773	19518
2774	2774	19524
2775	2775	19495
2776	2776	19500
2777	2777	19498
2778	2778	19478
2779	2779	19476
2780	2780	19471
2781	2781	19456
2782	2782	19450
2783	2783	19432
2784	2784	19435
2785	2785	19406
2786	2786	19408
2787	2787	19374
2788	2788	19379
2789	2789	19350
2790	2790	19344
2791	2791	19333
2792	2792	19329
2793	2793	19296
2794	2794	19257
2795	2795	19265
2796	2796	19246
2797	2797	19231
2798	2798	19247
2799	2799	19206
2800	2800	19213
2801	2801	19182
2802	2802	19205
2803	2803	19160
2804	2804	19166
2805	2805	19169
2806	2806	19146
2807	2807	19128
2808	2808	19098
2809	2809	19112
2810	2810	19076
2811	2811	19087
2812	2812	19064
2813	2813	19049
2814	2814	19023
2815	2815	19005
2816	2816	19001
2817	2817	19004
2818	2818	18976
2819	2819	18986
2820	2820	18923
2821	2821	18924
2822	2822	18936
2823	2823	18913
2824	2824	18889
2825	2825	18841
2826	2826	18818
2827	2827	18809
2828	2828	18784
2829	2829	18784
2830	2830	18778
2831	2831	18746
2832	2832	18742
2833	2833	18761
2834	2834	18721
2835	2835	18722
2836	2836	18665
2837	2837	18652
2838	2838	18649
2839	2839	18641
2840	2840	18573
2841	2841	18586
2842	2842	18555
2843	2843	18525
2844	2844	18523
2845	2845	18493
2846	2846	18496
2847	2847	18453
2848	2848	18429
2849	2849	18379
2850	2850	18390
2851	2851	18371
2852	2852	18363
2853	2853	18294
2854	2854	18308
2855	2855	18274
2856	2856	18255
2857	2857	18223
2858	2858	18238
2859	2859	18217
2860	2860	18186
2861	2861	18208
2862	2862	18133
2863	2863	18132
2864	2864	18116
2865	2865	18083
2866	2866	18082
2867	2867	18036
2868	2868	17983
2869	2869	18010
2870	2870	17988
2871	2871	17957
2872	2872	17924
2873	2873	17906
2874	2874	17885
2875	2875	17873
2876	2876	17837
2877	2877	17822
2878	2878	17815
2879	2879	17772
2880	2880	17754
2881	2881	17744
2882	2882	17720
2883	2883	17697
2884	2884	17659
2885	2885	17670
2886	2886	17619
2887	2887	17624
2888	2888	17582
2889	2889	17555
2890	2890	17521
2891	2891	17507
2892	2892	17493
2893	2893	17459
2894	2894	17473
2895	2895	17394
2896	2896	18210
2897	2897	18206
2898	2898	18185
2899	2899	18149
2900	2900	18121
2901	2901	18122
2902	2902	18095
2903	2903	18073
2904	2904	18025
2905	2905	18021
2906	2906	17992
2907	2907	17981
2908	2908	17935
2909	2909	17918
2910	2910	17888
2911	2911	17847
2912	2912	17819
2913	2913	17790
2914	2914	17774
2915	2915	17736
2916	2916	17707
2917	2917	17674
2918	2918	17634
2919	2919	17619
2920	2920	17596
2921	2921	17598
2922	2922	17575
2923	2923	17515
2924	2924	17506
2925	2925	17480
2926	2926	17469
2927	2927	17460
2928	2928	17417
2929	2929	17402
2930	2930	17356
2931	2931	17331
2932	2932	17349
2933	2933	17317
2934	2934	17253
2935	2935	17236
2936	2936	17198
2937	2937	17196
2938	2938	17152
2939	2939	17139
2940	2940	17122
2941	2941	17091
2942	2942	17057
2943	2943	17058
2944	2944	17024
2945	2945	16999
2946	2946	16951
2947	2947	16921
2948	2948	16924
2949	2949	16876
2950	2950	16861
2951	2951	16805
2952	2952	16793
2953	2953	16763
2954	2954	16756
2955	2955	16728
2956	2956	16669
2957	2957	16661
2958	2958	16647
2959	2959	16640
2960	2960	16622
2961	2961	16576
2962	2962	16549
2963	2963	16548
2964	2964	16495
2965	2965	16465
2966	2966	16457
2967	2967	16407
2968	2968	16384
2969	2969	16347
2970	2970	16317
2971	2971	16302
2972	2972	16281
2973	2973	16264
2974	2974	16242
2975	2975	16186
2976	2976	16154
2977	2977	16145
2978	2978	16124
2979	2979	16101
2980	2980	16057
2981	2981	16034
2982	2982	16028
2983	2983	16006
2984	2984	15984
2985	2985	15936
2986	2986	15923
2987	2987	15912
2988	2988	15873
2989	2989	15837
2990	2990	15803
2991	2991	15798
2992	2992	15785
2993	2993	15754
2994	2994	15728
2995	2995	15690
2996	2996	15677
2997	2997	15670
2998	2998	15629
2999	2999	15607
3000	3000	15608
3001	3001	15530
3002	3002	15493
3003	3003	15486
3004	3004	15439
3005	3005	15422
3006	3006	15371
3007	3007	15341
3008	3008	15301
3009	3009	15279
3010	3010	15246
3011	3011	15263
3012	3012	15243
3013	3013	15211
3014	3014	15154
3015	3015	15170
3016	3016	15126
3017	3017	15077
3018	3018	15052
3019	3019	15031
3020	3020	14992
3021	3021	14978
3022	3022	14945
3023	3023	14912
3024	3024	14892
3025	3025	14880
3026	3026	14809
3027	3027	14797
3028	3028	14786
3029	3029	14788
3030	3030	14710
3031	3031	14687
3032	3032	14636
3033	3033	14608
3034	3034	14554
3035	3035	14539
3036	3036	14521
3037	3037	14480
3038	3038	14453
3039	3039	14433
3040	3040	14390
3041	3041	14354
3042	3042	14341
3043	3043	14321
3044	3044	14288
3045	3045	14267
3046	3046	14242
3047	3047	14210
3048	3048	14170
3049	3049	14177
3050	3050	14133
3051	3051	14138
3052	3052	14076
3053	3053	14060
3054	3054	14030
3055	3055	13998
3056	3056	13961
3057	3057	13923
3058	3058	13918
3059	3059	13869
3060	3060	13827
3061	3061	13809
3062	3062	13795
3063	3063	13754
3064	3064	13737
3065	3065	13710
3066	3066	13678
3067	3067	13638
3068	3068	13613
3069	3069	13625
3070	3070	13588
3071	3071	13557
3072	3072	13546
3073	3073	13515
3074	3074	13459
3075	3075	13454
3076	3076	13403
3077	3077	13414
3078	3078	13386
3079	3079	13339
3080	3080	13320
3081	3081	13287
3082	3082	13229
3083	3083	13229
3084	3084	13206
3085	3085	13151
3086	3086	13122
3087	3087	13094
3088	3088	13061
3089	3089	13039
3090	3090	13030
3091	3091	13013
3092	3092	12950
3093	3093	12952
3094	3094	12932
3095	3095	12878
3096	3096	12882
3097	3097	12876
3098	3098	12820
3099	3099	12787
3100	3100	12756
3101	3101	12724
3102	3102	12691
3103	3103	12684
3104	3104	12656
3105	3105	12602
3106	3106	12594
3107	3107	12572
3108	3108	12550
3109	3109	12530
3110	3110	12498
3111	3111	12468
3112	3112	12435
3113	3113	12432
3114	3114	12402
3115	3115	12359
3116	3116	12356
3117	3117	12341
3118	3118	12267
3119	3119	12273
3120	3120	12241
3121	3121	12196
3122	3122	12197
3123	3123	12156
3124	3124	12134
3125	3125	12108
3126	3126	12090
3127	3127	12051
3128	3128	12059
3129	3129	11998
3130	3130	12000
3131	3131	11984
3132	3132	11953
3133	3133	11909
3134	3134	11874
3135	3135	11858
3136	3136	11811
3137	3137	11790
3138	3138	11770
3139	3139	11765
3140	3140	11705
3141	3141	11677
3142	3142	11651
3143	3143	11647
3144	3144	11635
3145	3145	11571
3146	3146	11561
3147	3147	11533
3148	3148	11519
3149	3149	11488
3150	3150	11451
3151	3151	11434
3152	3152	11375
3153	3153	11363
3154	3154	11325
3155	3155	11319
3156	3156	11295
3157	3157	11290
3158	3158	11251
3159	3159	11218
3160	3160	11187
3161	3161	11786
3162	3162	11753
3163	3163	11747
3164	3164	11726
3165	3165	11706
3166	3166	11702
3167	3167	11659
3168	3168	11645
3169	3169	11623
3170	3170	11585
3171	3171	11556
3172	3172	11578
3173	3173	11504
3174	3174	11478
3175	3175	11427
3176	3176	11456
3177	3177	11401
3178	3178	11381
3179	3179	11388
3180	3180	11334
3181	3181	11304
3182	3182	11287
3183	3183	11248
3184	3184	11205
3185	3185	11172
3186	3186	11158
3187	3187	11174
3188	3188	11137
3189	3189	11121
3190	3190	11120
3191	3191	11078
3192	3192	11056
3193	3193	11044
3194	3194	11027
3195	3195	10972
3196	3196	10971
3197	3197	10968
3198	3198	10920
3199	3199	10924
3200	3200	10899
3201	3201	10866
3202	3202	10856
3203	3203	10829
3204	3204	10803
3205	3205	10794
3206	3206	10776
3207	3207	10719
3208	3208	10702
3209	3209	10660
3210	3210	10655
3211	3211	10632
3212	3212	10609
3213	3213	10587
3214	3214	10582
3215	3215	10557
3216	3216	10532
3217	3217	10509
3218	3218	10461
3219	3219	10456
3220	3220	10398
3221	3221	10404
3222	3222	10415
3223	3223	10393
3224	3224	10369
3225	3225	10351
3226	3226	10340
3227	3227	10320
3228	3228	10293
3229	3229	10262
3230	3230	10248
3231	3231	10259
3232	3232	10215
3233	3233	10204
3234	3234	10174
3235	3235	10167
3236	3236	10152
3237	3237	10121
3238	3238	10077
3239	3239	10059
3240	3240	10056
3241	3241	10012
3242	3242	10004
3243	3243	9979
3244	3244	9948
3245	3245	9953
3246	3246	9900
3247	3247	9886
3248	3248	9884
3249	3249	9866
3250	3250	9838
3251	3251	9821
3252	3252	9821
3253	3253	9778
3254	3254	9748
3255	3255	9736
3256	3256	9720
3257	3257	9718
3258	3258	9677
3259	3259	9683
3260	3260	9654
3261	3261	9613
3262	3262	9602
3263	3263	9609
3264	3264	9610
3265	3265	9561
3266	3266	9546
3267	3267	9565
3268	3268	9517
3269	3269	9470
3270	3270	9451
3271	3271	9460
3272	3272	9440
3273	3273	9403
3274	3274	9397
3275	3275	9357
3276	3276	9371
3277	3277	9330
3278	3278	9276
3279	3279	9255
3280	3280	9269
3281	3281	9245
3282	3282	9222
3283	3283	9198
3284	3284	9179
3285	3285	9138
3286	3286	9162
3287	3287	9126
3288	3288	9110
3289	3289	9086
3290	3290	9062
3291	3291	9048
3292	3292	9051
3293	3293	9006
3294	3294	8985
3295	3295	8974
3296	3296	8948
3297	3297	8901
3298	3298	8927
3299	3299	8890
3300	3300	8843
3301	3301	8823
3302	3302	8812
3303	3303	8803
3304	3304	8804
3305	3305	8758
3306	3306	8730
3307	3307	8701
3308	3308	8665
3309	3309	8653
3310	3310	8601
3311	3311	8620
3312	3312	8589
3313	3313	8574
3314	3314	8544
3315	3315	8536
3316	3316	8514
3317	3317	8486
3318	3318	8466
3319	3319	8447
3320	3320	8440
3321	3321	8416
3322	3322	8414
3323	3323	8383
3324	3324	8372
3325	3325	8353
3326	3326	8321
3327	3327	8332
3328	3328	8320
3329	3329	8287
3330	3330	8274
3331	3331	8255
3332	3332	8223
3333	3333	8216
3334	3334	8203
3335	3335	8170
3336	3336	8172
3337	3337	8142
3338	3338	8133
3339	3339	8110
3340	3340	8116
3341	3341	8114
3342	3342	8089
3343	3343	8054
3344	3344	8047
3345	3345	8043
3346	3346	8023
3347	3347	8015
3348	3348	8021
3349	3349	7981
3350	3350	7970
3351	3351	7950
3352	3352	7956
3353	3353	7950
3354	3354	7929
3355	3355	7911
3356	3356	7894
3357	3357	7904
3358	3358	7876
3359	3359	7869
3360	3360	7867
3361	3361	7826
3362	3362	7848
3363	3363	7830
3364	3364	7779
3365	3365	7794
3366	3366	7780
3367	3367	7741
3368	3368	7740
3369	3369	7758
3370	3370	7697
3371	3371	7704
3372	3372	7688
3373	3373	7682
3374	3374	7661
3375	3375	7652
3376	3376	7630
3377	3377	7631
3378	3378	7592
3379	3379	7598
3380	3380	7583
3381	3381	7569
3382	3382	7538
3383	3383	7546
3384	3384	7540
3385	3385	7533
3386	3386	7507
3387	3387	7485
3388	3388	7475
3389	3389	7451
3390	3390	7445
3391	3391	7445
3392	3392	7445
3393	3393	7407
3394	3394	7394
3395	3395	7379
3396	3396	7390
3397	3397	7358
3398	3398	7356
3399	3399	7320
3400	3400	7331
3401	3401	7295
3402	3402	7285
3403	3403	7261
3404	3404	7258
3405	3405	7250
3406	3406	7250
3407	3407	7232
3408	3408	7222
3409	3409	7200
3410	3410	7202
3411	3411	7155
3412	3412	7174
3413	3413	7146
3414	3414	7109
3415	3415	7112
3416	3416	7099
3417	3417	7099
3418	3418	7105
3419	3419	7100
3420	3420	7081
3421	3421	7072
3422	3422	7039
3423	3423	7039
3424	3424	7025
3425	3425	7012
3426	3426	7021
3427	3427	7021
3428	3428	6990
3429	3429	6975
3430	3430	6973
3431	3431	6980
3432	3432	6955
3433	3433	6933
3434	3434	6935
3435	3435	6901
3436	3436	6904
3437	3437	6884
3438	3438	6866
3439	3439	6863
3440	3440	6855
3441	3441	6845
3442	3442	6825
3443	3443	6829
3444	3444	6822
3445	3445	6818
3446	3446	6820
3447	3447	6797
3448	3448	6778
3449	3449	6785
3450	3450	6779
3451	3451	6758
3452	3452	6733
3453	3453	6703
3454	3454	6696
3455	3455	6700
3456	3456	6694
3457	3457	6688
3458	3458	6661
3459	3459	6671
3460	3460	6644
3461	3461	6624
3462	3462	6641
3463	3463	6630
3464	3464	6634
3465	3465	6599
3466	3466	6601
3467	3467	6589
3468	3468	6565
3469	3469	6585
3470	3470	6556
3471	3471	6545
3472	3472	6529
3473	3473	6513
3474	3474	6496
3475	3475	6513
3476	3476	6487
3477	3477	6469
3478	3478	6448
3479	3479	6448
3480	3480	6453
3481	3481	6432
3482	3482	6415
3483	3483	6414
3484	3484	6413
3485	3485	6401
3486	3486	6382
3487	3487	6384
3488	3488	6358
3489	3489	6353
3490	3490	6322
3491	3491	6339
3492	3492	6293
3493	3493	6302
3494	3494	6297
3495	3495	6267
3496	3496	6244
3497	3497	6265
3498	3498	6245
3499	3499	6238
3500	3500	6234
3501	3501	6225
3502	3502	6217
3503	3503	6205
3504	3504	6762
3505	3505	6728
3506	3506	6713
3507	3507	6703
3508	3508	6705
3509	3509	6668
3510	3510	6688
3511	3511	6667
3512	3512	6681
3513	3513	6652
3514	3514	6661
3515	3515	6643
3516	3516	6634
3517	3517	6622
3518	3518	6642
3519	3519	6632
3520	3520	6618
3521	3521	6598
3522	3522	6591
3523	3523	6588
3524	3524	6574
3525	3525	6580
3526	3526	6553
3527	3527	6556
3528	3528	6537
3529	3529	6521
3530	3530	6508
3531	3531	6515
3532	3532	6513
3533	3533	6461
3534	3534	6491
3535	3535	6478
3536	3536	6488
3537	3537	6476
3538	3538	6443
3539	3539	6448
3540	3540	6442
3541	3541	6401
3542	3542	6406
3543	3543	6411
3544	3544	6408
3545	3545	6391
3546	3546	6408
3547	3547	6385
3548	3548	6395
3549	3549	6385
3550	3550	6381
3551	3551	6368
3552	3552	6361
3553	3553	6353
3554	3554	6333
3555	3555	6342
3556	3556	6363
3557	3557	6339
3558	3558	6366
3559	3559	6351
3560	3560	6354
3561	3561	6344
3562	3562	6341
3563	3563	6325
3564	3564	6315
3565	3565	6292
3566	3566	6306
3567	3567	6295
3568	3568	6275
3569	3569	6269
3570	3570	6273
3571	3571	6244
3572	3572	6241
3573	3573	6222
3574	3574	6223
3575	3575	6232
3576	3576	6207
3577	3577	6209
3578	3578	6170
3579	3579	6191
3580	3580	6178
3581	3581	6133
3582	3582	6141
3583	3583	6156
3584	3584	6147
3585	3585	6124
3586	3586	6148
3587	3587	6126
3588	3588	6103
3589	3589	6113
3590	3590	6136
3591	3591	6103
3592	3592	6074
3593	3593	6077
3594	3594	6061
3595	3595	6063
3596	3596	6059
3597	3597	6066
3598	3598	6040
3599	3599	6034
3600	3600	6033
3601	3601	6031
3602	3602	6010
3603	3603	5968
3604	3604	5993
3605	3605	5974
3606	3606	6000
3607	3607	5988
3608	3608	5992
3609	3609	5939
3610	3610	5938
3611	3611	5943
3612	3612	5898
3613	3613	5924
3614	3614	5914
3615	3615	5909
3616	3616	5921
3617	3617	5883
3618	3618	5895
3619	3619	5884
3620	3620	5855
3621	3621	5881
3622	3622	5860
3623	3623	5875
3624	3624	5851
3625	3625	5823
3626	3626	5779
3627	3627	5820
3628	3628	5798
3629	3629	5810
3630	3630	5797
3631	3631	5786
3632	3632	5786
3633	3633	5752
3634	3634	5717
3635	3635	5727
3636	3636	5722
3637	3637	5743
3638	3638	5719
3639	3639	5696
3640	3640	5713
3641	3641	5713
3642	3642	5686
3643	3643	5682
3644	3644	5676
3645	3645	5671
3646	3646	5646
3647	3647	5640
3648	3648	5636
3649	3649	5666
3650	3650	5638
3651	3651	5628
3652	3652	5628
3653	3653	5606
3654	3654	5617
3655	3655	5624
3656	3656	5609
3657	3657	5588
3658	3658	5594
3659	3659	5591
3660	3660	5561
3661	3661	5580
3662	3662	5563
3663	3663	5560
3664	3664	5545
3665	3665	5552
3666	3666	5545
3667	3667	5523
3668	3668	5518
3669	3669	5506
3670	3670	5501
3671	3671	5514
3672	3672	5470
3673	3673	5483
3674	3674	5476
3675	3675	5480
3676	3676	5468
3677	3677	5457
3678	3678	5460
3679	3679	5444
3680	3680	5437
3681	3681	5442
3682	3682	5441
3683	3683	5438
3684	3684	5426
3685	3685	5415
3686	3686	5415
3687	3687	5408
3688	3688	5399
3689	3689	5403
3690	3690	5418
3691	3691	5387
3692	3692	5381
3693	3693	5392
3694	3694	5357
3695	3695	5342
3696	3696	5329
3697	3697	5354
3698	3698	5327
3699	3699	5331
3700	3700	5316
3701	3701	5297
3702	3702	5285
3703	3703	5296
3704	3704	5298
3705	3705	5301
3706	3706	5262
3707	3707	5262
3708	3708	5257
3709	3709	5293
3710	3710	5262
3711	3711	5274
3712	3712	5230
3713	3713	5235
3714	3714	5222
3715	3715	5225
3716	3716	5220
3717	3717	5248
3718	3718	5229
3719	3719	5231
3720	3720	5233
3721	3721	5223
3722	3722	5228
3723	3723	5216
3724	3724	5212
3725	3725	5220
3726	3726	5221
3727	3727	5174
3728	3728	5198
3729	3729	5193
3730	3730	5162
3731	3731	5170
3732	3732	5191
3733	3733	5157
3734	3734	5156
3735	3735	5162
3736	3736	5134
3737	3737	5122
3738	3738	5129
3739	3739	5129
3740	3740	5113
3741	3741	5118
3742	3742	5098
3743	3743	5104
3744	3744	5084
3745	3745	5068
3746	3746	5065
3747	3747	5074
3748	3748	5059
3749	3749	5047
3750	3750	5070
3751	3751	5071
3752	3752	5032
3753	3753	5046
3754	3754	5034
3755	3755	5032
3756	3756	5039
3757	3757	5011
3758	3758	5016
3759	3759	5011
3760	3760	5006
3761	3761	4978
3762	3762	4981
3763	3763	4966
3764	3764	4966
3765	3765	4984
3766	3766	4948
3767	3767	4930
3768	3768	4955
3769	3769	4937
3770	3770	4939
3771	3771	4951
3772	3772	4930
3773	3773	4929
3774	3774	4922
3775	3775	4936
3776	3776	4914
3777	3777	4915
3778	3778	4912
3779	3779	4921
3780	3780	4920
3781	3781	4892
3782	3782	4898
3783	3783	4904
3784	3784	4893
3785	3785	4889
3786	3786	4882
3787	3787	4870
3788	3788	4855
3789	3789	4862
3790	3790	4855
3791	3791	4853
3792	3792	4843
3793	3793	4837
3794	3794	4834
3795	3795	4833
3796	3796	4834
3797	3797	4844
3798	3798	4830
3799	3799	4817
3800	3800	4835
3801	3801	4829
3802	3802	4814
3803	3803	4854
3804	3804	4822
3805	3805	4829
3806	3806	4800
3807	3807	4810
3808	3808	4804
3809	3809	4797
3810	3810	4816
3811	3811	4803
3812	3812	4759
3813	3813	4771
3814	3814	4760
3815	3815	4747
3816	3816	4740
3817	3817	4766
3818	3818	4731
3819	3819	4726
3820	3820	4734
3821	3821	4747
3822	3822	4718
3823	3823	4716
3824	3824	4710
3825	3825	4687
3826	3826	4707
3827	3827	4711
3828	3828	4709
3829	3829	4694
3830	3830	4692
3831	3831	4689
3832	3832	4688
3833	3833	4673
3834	3834	4686
3835	3835	4695
3836	3836	4673
3837	3837	4666
3838	3838	4667
3839	3839	4670
3840	3840	4658
3841	3841	4644
3842	3842	4666
3843	3843	4671
3844	3844	4671
3845	3845	4655
3846	3846	4640
3847	3847	4632
3848	3848	4648
3849	3849	4624
3850	3850	4620
3851	3851	4606
3852	3852	4625
3853	3853	4641
3854	3854	4623
3855	3855	4618
3856	3856	4638
3857	3857	4608
3858	3858	4611
3859	3859	4614
3860	3860	4605
3861	3861	4594
3862	3862	4580
3863	3863	4599
3864	3864	4584
3865	3865	4613
3866	3866	4587
3867	3867	4572
3868	3868	4593
3869	3869	4578
3870	3870	4577
3871	3871	4586
3872	3872	4579
3873	3873	4585
3874	3874	4577
3875	3875	4580
3876	3876	4584
3877	3877	4587
3878	3878	4561
3879	3879	4574
3880	3880	4553
3881	3881	4550
3882	3882	4552
3883	3883	4531
3884	3884	4546
3885	3885	4556
3886	3886	4546
3887	3887	4509
3888	3888	4532
3889	3889	4534
3890	3890	4533
3891	3891	4514
3892	3892	4522
3893	3893	4503
3894	3894	4496
3895	3895	4497
3896	3896	4484
3897	3897	4497
3898	3898	4493
3899	3899	4497
3900	3900	4498
3901	3901	4494
3902	3902	4487
3903	3903	4495
3904	3904	4473
3905	3905	4488
3906	3906	4488
3907	3907	4499
3908	3908	4478
3909	3909	4452
3910	3910	4472
3911	3911	4463
3912	3912	4478
3913	3913	4456
3914	3914	4462
3915	3915	4452
3916	3916	4438
3917	3917	4447
3918	3918	4445
3919	3919	4449
3920	3920	4434
3921	3921	4434
3922	3922	4452
3923	3923	4458
3924	3924	4437
3925	3925	4438
3926	3926	4431
3927	3927	4433
3928	3928	4425
3929	3929	4443
3930	3930	4427
3931	3931	4433
3932	3932	4432
3933	3933	4442
3934	3934	4416
3935	3935	4395
3936	3936	4395
3937	3937	4389
3938	3938	4408
3939	3939	4384
3940	3940	4417
3941	3941	4399
3942	3942	4372
3943	3943	4387
3944	3944	4421
3945	3945	4364
3946	3946	4379
3947	3947	4371
3948	3948	4394
3949	3949	4371
3950	3950	4378
3951	3951	4358
3952	3952	4365
3953	3953	4351
3954	3954	4348
3955	3955	4345
3956	3956	4343
3957	3957	4333
3958	3958	4348
3959	3959	4329
3960	3960	4318
3961	3961	4332
3962	3962	4327
3963	3963	4315
3964	3964	4314
3965	3965	4297
3966	3966	4320
3967	3967	4320
3968	3968	4311
3969	3969	4300
3970	3970	4291
3971	3971	4303
3972	3972	4303
3973	3973	4284
3974	3974	4286
3975	3975	4307
3976	3976	4283
3977	3977	4277
3978	3978	4285
3979	3979	4266
3980	3980	4276
3981	3981	4265
3982	3982	4283
3983	3983	4258
3984	3984	4275
3985	3985	4265
3986	3986	4268
3987	3987	4254
3988	3988	4260
3989	3989	4249
3990	3990	4252
3991	3991	4260
3992	3992	4267
3993	3993	4276
3994	3994	4272
3995	3995	4249
3996	3996	4264
3997	3997	4259
3998	3998	4268
3999	3999	4244
4000	4000	4232
4001	4001	4218
4002	4002	4223
4003	4003	4232
4004	4004	4232
4005	4005	4226
4006	4006	4209
4007	4007	4194
4008	4008	4189
4009	4009	4169
4010	4010	4186
4011	4011	4199
4012	4012	4183
4013	4013	4173
4014	4014	4180
4015	4015	4186
4016	4016	4166
4017	4017	4189
4018	4018	4178
4019	4019	4171
4020	4020	4194
4021	4021	4170
4022	4022	4188
4023	4023	4184
4024	4024	4164
4025	4025	4177
4026	4026	4153
4027	4027	4168
4028	4028	4190
4029	4029	4156
4030	4030	4155
4031	4031	4150
4032	4032	4144
4033	4033	4158
4034	4034	4139
4035	4035	4137
4036	4036	4132
4037	4037	4143
4038	4038	4133
4039	4039	4115
4040	4040	4113
4041	4041	4113
4042	4042	4129
4043	4043	4130
4044	4044	4139
4045	4045	4119
4046	4046	4115
4047	4047	4113
4048	4048	4108
4049	4049	4101
4050	4050	4099
4051	4051	4110
4052	4052	4107
4053	4053	4099
4054	4054	4110
4055	4055	4082
4056	4056	4094
4057	4057	4128
4058	4058	4117
4059	4059	4117
4060	4060	4115
4061	4061	4105
4062	4062	4104
4063	4063	4084
4064	4064	4066
4065	4065	4072
4066	4066	4076
4067	4067	4059
4068	4068	4091
4069	4069	4085
4070	4070	4075
4071	4071	4068
4072	4072	4053
4073	4073	4045
4074	4074	4055
4075	4075	4054
4076	4076	4049
4077	4077	4048
4078	4078	4074
4079	4079	4055
4080	4080	4052
4081	4081	4052
4082	4082	4027
4083	4083	4045
4084	4084	4043
4085	4085	4025
4086	4086	4039
4087	4087	4019
4088	4088	4015
4089	4089	4008
4090	4090	4022
4091	4091	3989
4092	4092	4005
4093	4093	4017
4094	4094	4005
4095	4095	4015
4096	4096	3990
4097	4097	3991
4098	4098	3992
4099	4099	3999
4100	4100	4041
4101	4101	4016
4102	4102	4001
4103	4103	3999
4104	4104	4011
4105	4105	3994
4106	4106	3998
4107	4107	3990
4108	4108	3970
4109	4109	3966
4110	4110	3960
4111	4111	3942
4112	4112	3958
4113	4113	3973
4114	4114	3965
4115	4115	3951
4116	4116	3959
4117	4117	3943
4118	4118	3969
4119	4119	3948
4120	4120	3942
4121	4121	3946
4122	4122	3931
4123	4123	3931
4124	4124	3946
4125	4125	3960
4126	4126	3944
4127	4127	3962
4128	4128	3935
4129	4129	3938
4130	4130	3939
4131	4131	3946
4132	4132	3955
4133	4133	3947
4134	4134	3920
4135	4135	3940
4136	4136	3942
4137	4137	3957
4138	4138	3947
4139	4139	3947
4140	4140	3949
4141	4141	3932
4142	4142	3926
4143	4143	3911
4144	4144	3921
4145	4145	3915
4146	4146	3938
4147	4147	3911
4148	4148	3914
4149	4149	3910
4150	4150	3873
4151	4151	3902
4152	4152	3922
4153	4153	3909
4154	4154	3931
4155	4155	3914
4156	4156	3899
4157	4157	3887
4158	4158	3887
4159	4159	3892
4160	4160	3893
4161	4161	3882
4162	4162	3866
4163	4163	3883
4164	4164	3875
4165	4165	3862
4166	4166	3847
4167	4167	3837
4168	4168	3844
4169	4169	3835
4170	4170	3836
4171	4171	3830
4172	4172	3839
4173	4173	3812
4174	4174	3821
4175	4175	3843
4176	4176	3836
4177	4177	3843
4178	4178	3826
4179	4179	3850
4180	4180	3828
4181	4181	3832
4182	4182	3823
4183	4183	3830
4184	4184	3822
4185	4185	3791
4186	4186	3825
4187	4187	3807
4188	4188	3819
4189	4189	3794
4190	4190	3802
4191	4191	3808
4192	4192	3797
4193	4193	3776
4194	4194	3815
4195	4195	3790
4196	4196	3777
4197	4197	3773
4198	4198	3791
4199	4199	3782
4200	4200	3789
4201	4201	3803
4202	4202	3772
4203	4203	3776
4204	4204	3785
4205	4205	3779
4206	4206	3758
4207	4207	3744
4208	4208	3752
4209	4209	3765
4210	4210	3775
4211	4211	3753
4212	4212	3752
4213	4213	3754
4214	4214	3751
4215	4215	3760
4216	4216	3749
4217	4217	3752
4218	4218	3753
4219	4219	3714
4220	4220	3729
4221	4221	3729
4222	4222	3743
4223	4223	3722
4224	4224	3742
4225	4225	3722
4226	4226	3732
4227	4227	3734
4228	4228	3723
4229	4229	3728
4230	4230	3724
4231	4231	3718
4232	4232	3703
4233	4233	3705
4234	4234	3712
4235	4235	3696
4236	4236	3694
4237	4237	3715
4238	4238	3700
4239	4239	3718
4240	4240	3693
4241	4241	3694
4242	4242	3708
4243	4243	3705
4244	4244	3706
4245	4245	3698
4246	4246	3691
4247	4247	3695
4248	4248	3699
4249	4249	3692
4250	4250	3689
4251	4251	3689
4252	4252	3692
4253	4253	3676
4254	4254	3676
4255	4255	3678
4256	4256	3681
4257	4257	3665
4258	4258	3655
4259	4259	3681
4260	4260	3649
4261	4261	3669
4262	4262	3674
4263	4263	3667
4264	4264	3653
4265	4265	3660
4266	4266	3662
4267	4267	3658
4268	4268	3638
4269	4269	3656
4270	4270	3652
4271	4271	3644
4272	4272	3647
4273	4273	3639
4274	4274	3629
4275	4275	3614
4276	4276	3623
4277	4277	3615
4278	4278	3621
4279	4279	3623
4280	4280	3624
4281	4281	3619
4282	4282	3621
4283	4283	3610
4284	4284	3621
4285	4285	3615
4286	4286	3590
4287	4287	3588
4288	4288	3602
4289	4289	3597
4290	4290	3602
4291	4291	3577
4292	4292	3584
4293	4293	3589
4294	4294	3588
4295	4295	3582
4296	4296	3589
4297	4297	3574
4298	4298	3580
4299	4299	3592
4300	4300	3559
4301	4301	3560
4302	4302	3567
4303	4303	3577
4304	4304	3565
4305	4305	3560
4306	4306	3553
4307	4307	3566
4308	4308	3571
4309	4309	3565
4310	4310	3554
4311	4311	3566
4312	4312	3564
4313	4313	3557
4314	4314	3554
4315	4315	3535
4316	4316	3525
4317	4317	3540
4318	4318	3528
4319	4319	3529
4320	4320	3534
4321	4321	3541
4322	4322	3528
4323	4323	3537
4324	4324	3543
4325	4325	3530
4326	4326	3562
4327	4327	3535
4328	4328	3537
4329	4329	3548
4330	4330	3550
4331	4331	3536
4332	4332	3525
4333	4333	3524
4334	4334	3528
4335	4335	3531
4336	4336	3548
4337	4337	3528
4338	4338	3518
4339	4339	3525
4340	4340	3511
4341	4341	3524
4342	4342	3537
4343	4343	3521
4344	4344	3505
4345	4345	3522
4346	4346	3519
4347	4347	3508
4348	4348	3519
4349	4349	3508
4350	4350	3488
4351	4351	3507
4352	4352	3505
4353	4353	3506
4354	4354	3508
4355	4355	3510
4356	4356	3510
4357	4357	3493
4358	4358	3501
4359	4359	3474
4360	4360	3474
4361	4361	3472
4362	4362	3486
4363	4363	3478
4364	4364	3471
4365	4365	3474
4366	4366	3492
4367	4367	3492
4368	4368	3480
4369	4369	3486
4370	4370	3490
4371	4371	3501
4372	4372	3466
4373	4373	3449
4374	4374	3472
4375	4375	3471
4376	4376	3452
4377	4377	3453
4378	4378	3457
4379	4379	3453
4380	4380	3476
4381	4381	3467
4382	4382	3472
4383	4383	3441
4384	4384	3436
4385	4385	3456
4386	4386	3468
4387	4387	3448
4388	4388	3466
4389	4389	3446
4390	4390	3454
4391	4391	3460
4392	4392	3442
4393	4393	3436
4394	4394	3451
4395	4395	3451
4396	4396	3436
4397	4397	3437
4398	4398	3432
4399	4399	3420
4400	4400	3421
4401	4401	3427
4402	4402	3449
4403	4403	3436
4404	4404	3438
4405	4405	3428
4406	4406	3416
4407	4407	3436
4408	4408	3405
4409	4409	3429
4410	4410	3418
4411	4411	3383
4412	4412	3411
4413	4413	3393
4414	4414	3399
4415	4415	3395
4416	4416	3397
4417	4417	3411
4418	4418	3395
4419	4419	3403
4420	4420	3395
4421	4421	3399
4422	4422	3408
4423	4423	3384
4424	4424	3390
4425	4425	3397
4426	4426	3396
4427	4427	3385
4428	4428	3389
4429	4429	3374
4430	4430	3382
4431	4431	3361
4432	4432	3381
4433	4433	3356
4434	4434	3356
4435	4435	3366
4436	4436	3344
4437	4437	3345
4438	4438	3350
4439	4439	3350
4440	4440	3351
4441	4441	3351
4442	4442	3339
4443	4443	3335
4444	4444	3336
4445	4445	3343
4446	4446	3336
4447	4447	3339
4448	4448	3331
4449	4449	3319
4450	4450	3336
4451	4451	3356
4452	4452	3339
4453	4453	3351
4454	4454	3335
4455	4455	3350
4456	4456	3345
4457	4457	3353
4458	4458	3342
4459	4459	3324
4460	4460	3345
4461	4461	3342
4462	4462	3320
4463	4463	3331
4464	4464	3336
4465	4465	3334
4466	4466	3329
4467	4467	3338
4468	4468	3316
4469	4469	3303
4470	4470	3324
4471	4471	3308
4472	4472	3319
4473	4473	3315
4474	4474	3301
4475	4475	3315
4476	4476	3320
4477	4477	3309
4478	4478	3302
4479	4479	3304
4480	4480	3298
4481	4481	3313
4482	4482	3299
4483	4483	3313
4484	4484	3302
4485	4485	3296
4486	4486	3304
4487	4487	3285
4488	4488	3275
4489	4489	3293
4490	4490	3288
4491	4491	3298
4492	4492	3282
4493	4493	3304
4494	4494	3277
4495	4495	3286
4496	4496	3291
4497	4497	3289
4498	4498	3264
4499	4499	3289
4500	4500	3282
4501	4501	3269
4502	4502	3276
4503	4503	3272
4504	4504	3269
4505	4505	3282
4506	4506	3264
4507	4507	3274
4508	4508	3270
4509	4509	3267
4510	4510	3282
4511	4511	3268
4512	4512	3277
4513	4513	3263
4514	4514	3264
4515	4515	3254
4516	4516	3257
4517	4517	3261
4518	4518	3254
4519	4519	3262
4520	4520	3269
4521	4521	3244
4522	4522	3249
4523	4523	3248
4524	4524	3239
4525	4525	3235
4526	4526	3230
4527	4527	3224
4528	4528	3234
4529	4529	3227
4530	4530	3234
4531	4531	3222
4532	4532	3204
4533	4533	3226
4534	4534	3220
4535	4535	3207
4536	4536	3202
4537	4537	3208
4538	4538	3221
4539	4539	3210
4540	4540	3216
4541	4541	3213
4542	4542	3207
4543	4543	3194
4544	4544	3192
4545	4545	3197
4546	4546	3215
4547	4547	3207
4548	4548	3199
4549	4549	3189
4550	4550	3180
4551	4551	3200
4552	4552	3200
4553	4553	3187
4554	4554	3194
4555	4555	3193
4556	4556	3172
4557	4557	3184
4558	4558	3176
4559	4559	3174
4560	4560	3165
4561	4561	3178
4562	4562	3183
4563	4563	3191
4564	4564	3164
4565	4565	3165
4566	4566	3148
4567	4567	3169
4568	4568	3178
4569	4569	3170
4570	4570	3179
4571	4571	3158
4572	4572	3140
4573	4573	3153
4574	4574	3139
4575	4575	3158
4576	4576	3153
4577	4577	3164
4578	4578	3162
4579	4579	3145
4580	4580	3143
4581	4581	3146
4582	4582	3149
4583	4583	3167
4584	4584	3152
4585	4585	3153
4586	4586	3146
4587	4587	3136
4588	4588	3124
4589	4589	3147
4590	4590	3162
4591	4591	3146
4592	4592	3141
4593	4593	3146
4594	4594	3144
4595	4595	3120
4596	4596	3119
4597	4597	3144
4598	4598	3117
4599	4599	3140
4600	4600	3123
4601	4601	3125
4602	4602	3148
4603	4603	3143
4604	4604	3128
4605	4605	3160
4606	4606	3126
4607	4607	3137
4608	4608	3132
4609	4609	3128
4610	4610	3106
4611	4611	3129
4612	4612	3110
4613	4613	3118
4614	4614	3098
4615	4615	3103
4616	4616	3116
4617	4617	3111
4618	4618	3110
4619	4619	3111
4620	4620	3116
4621	4621	3117
4622	4622	3098
4623	4623	3094
4624	4624	3101
4625	4625	3112
4626	4626	3086
4627	4627	3099
4628	4628	3095
4629	4629	3092
4630	4630	3084
4631	4631	3088
4632	4632	3097
4633	4633	3086
4634	4634	3090
4635	4635	3082
4636	4636	3087
4637	4637	3070
4638	4638	3076
4639	4639	3093
4640	4640	3091
4641	4641	3084
4642	4642	3084
4643	4643	3082
4644	4644	3079
4645	4645	3090
4646	4646	3085
4647	4647	3078
4648	4648	3073
4649	4649	3076
4650	4650	3061
4651	4651	3074
4652	4652	3059
4653	4653	3075
4654	4654	3044
4655	4655	3071
4656	4656	3063
4657	4657	3067
4658	4658	3042
4659	4659	3053
4660	4660	3079
4661	4661	3045
4662	4662	3063
4663	4663	3070
4664	4664	3062
4665	4665	3050
4666	4666	3069
4667	4667	3055
4668	4668	3036
4669	4669	3027
4670	4670	3055
4671	4671	3052
4672	4672	3036
4673	4673	3048
4674	4674	3034
4675	4675	3030
4676	4676	3051
4677	4677	3039
4678	4678	3045
4679	4679	3046
4680	4680	3051
4681	4681	3039
4682	4682	3042
4683	4683	3038
4684	4684	3046
4685	4685	3026
4686	4686	3032
4687	4687	3032
4688	4688	3022
4689	4689	3040
4690	4690	3029
4691	4691	3016
4692	4692	3020
4693	4693	3013
4694	4694	3014
4695	4695	3018
4696	4696	3016
4697	4697	3017
4698	4698	2995
4699	4699	3026
4700	4700	3010
4701	4701	3010
4702	4702	3021
4703	4703	3003
4704	4704	3022
4705	4705	3018
4706	4706	3012
4707	4707	3017
4708	4708	3010
4709	4709	3001
4710	4710	3014
4711	4711	2989
4712	4712	3010
4713	4713	3008
4714	4714	3020
4715	4715	3021
4716	4716	3010
4717	4717	2996
4718	4718	2989
4719	4719	2997
4720	4720	2996
4721	4721	2987
4722	4722	2995
4723	4723	3007
4724	4724	2997
4725	4725	3002
4726	4726	3008
4727	4727	2996
4728	4728	2972
4729	4729	3000
4730	4730	2998
4731	4731	2986
4732	4732	2988
4733	4733	2993
4734	4734	3010
4735	4735	2987
4736	4736	2979
4737	4737	2984
4738	4738	2986
4739	4739	2990
4740	4740	2980
4741	4741	2977
4742	4742	2982
4743	4743	2967
4744	4744	2974
4745	4745	2973
4746	4746	2976
4747	4747	2980
4748	4748	2968
4749	4749	2967
4750	4750	2964
4751	4751	2970
4752	4752	2966
4753	4753	2971
4754	4754	2967
4755	4755	2957
4756	4756	2946
4757	4757	2964
4758	4758	2953
4759	4759	2960
4760	4760	2978
4761	4761	2975
4762	4762	2937
4763	4763	2973
4764	4764	2962
4765	4765	2959
4766	4766	2980
4767	4767	2970
4768	4768	2960
4769	4769	2971
4770	4770	2964
4771	4771	2950
4772	4772	2937
4773	4773	2946
4774	4774	2958
4775	4775	2951
4776	4776	2961
4777	4777	2937
4778	4778	2947
4779	4779	2959
4780	4780	2945
4781	4781	2960
4782	4782	2952
4783	4783	2939
4784	4784	2943
4785	4785	2935
4786	4786	2935
4787	4787	2946
4788	4788	2949
4789	4789	2937
4790	4790	2940
4791	4791	2948
4792	4792	2942
4793	4793	2933
4794	4794	2963
4795	4795	2951
4796	4796	2956
4797	4797	2940
4798	4798	2955
4799	4799	2942
4800	4800	2944
4801	4801	2948
4802	4802	2922
4803	4803	2955
4804	4804	2943
4805	4805	2944
4806	4806	2936
4807	4807	2928
4808	4808	2915
4809	4809	2911
4810	4810	2913
4811	4811	2920
4812	4812	2903
4813	4813	2893
4814	4814	2902
4815	4815	2913
4816	4816	2912
4817	4817	2906
4818	4818	2907
4819	4819	2908
4820	4820	2913
4821	4821	2912
4822	4822	2903
4823	4823	2910
4824	4824	2912
4825	4825	2890
4826	4826	2900
4827	4827	2910
4828	4828	2895
4829	4829	2902
4830	4830	2903
4831	4831	2896
4832	4832	2895
4833	4833	2887
4834	4834	2888
4835	4835	2899
4836	4836	2888
4837	4837	2892
4838	4838	2900
4839	4839	2892
4840	4840	2889
4841	4841	2894
4842	4842	2909
4843	4843	2885
4844	4844	2887
4845	4845	2887
4846	4846	2872
4847	4847	2881
4848	4848	2892
4849	4849	2890
4850	4850	2894
4851	4851	2897
4852	4852	2898
4853	4853	2885
4854	4854	2889
4855	4855	2869
4856	4856	2871
4857	4857	2874
4858	4858	2880
4859	4859	2878
4860	4860	2881
4861	4861	2876
4862	4862	2884
4863	4863	2881
4864	4864	2887
4865	4865	2867
4866	4866	2874
4867	4867	2888
4868	4868	2878
4869	4869	2866
4870	4870	2875
4871	4871	2872
4872	4872	2864
4873	4873	2880
4874	4874	2871
4875	4875	2886
4876	4876	2888
4877	4877	2880
4878	4878	2874
4879	4879	2862
4880	4880	2857
4881	4881	2860
4882	4882	2873
4883	4883	2864
4884	4884	2864
4885	4885	2858
4886	4886	2871
4887	4887	2849
4888	4888	2846
4889	4889	2865
4890	4890	2875
4891	4891	2865
4892	4892	2860
4893	4893	2864
4894	4894	2855
4895	4895	2853
4896	4896	2854
4897	4897	2864
4898	4898	2871
4899	4899	2860
4900	4900	2850
4901	4901	2841
4902	4902	2839
4903	4903	2860
4904	4904	2831
4905	4905	2839
4906	4906	2838
4907	4907	2819
4908	4908	2837
4909	4909	2811
4910	4910	2830
4911	4911	2823
4912	4912	2851
4913	4913	2830
4914	4914	2824
4915	4915	2834
4916	4916	2832
4917	4917	2835
4918	4918	2822
4919	4919	2815
4920	4920	2818
4921	4921	2837
4922	4922	2841
4923	4923	2834
4924	4924	2841
4925	4925	2858
4926	4926	2834
4927	4927	2819
4928	4928	2821
4929	4929	2832
4930	4930	2841
4931	4931	2825
4932	4932	2821
4933	4933	2809
4934	4934	2825
4935	4935	2809
4936	4936	2813
4937	4937	2814
4938	4938	2806
4939	4939	2813
4940	4940	2812
4941	4941	2804
4942	4942	2816
4943	4943	2810
4944	4944	2800
4945	4945	2807
4946	4946	2804
4947	4947	2831
4948	4948	2833
4949	4949	2819
4950	4950	2815
4951	4951	2811
4952	4952	2797
4953	4953	2798
4954	4954	2805
4955	4955	2793
4956	4956	2796
4957	4957	2804
4958	4958	2796
4959	4959	2799
4960	4960	2796
4961	4961	2779
4962	4962	2799
4963	4963	2787
4964	4964	2796
4965	4965	2780
4966	4966	2805
4967	4967	2776
4968	4968	2771
4969	4969	2777
4970	4970	2785
4971	4971	2784
4972	4972	2785
4973	4973	2799
4974	4974	2794
4975	4975	2790
4976	4976	2775
4977	4977	2772
4978	4978	2787
4979	4979	2788
4980	4980	2780
4981	4981	2780
4982	4982	2778
4983	4983	2766
4984	4984	2761
4985	4985	2774
4986	4986	2765
4987	4987	2780
4988	4988	2763
4989	4989	2766
4990	4990	2748
4991	4991	2764
4992	4992	2748
4993	4993	2739
4994	4994	2746
4995	4995	2737
4996	4996	2733
4997	4997	2743
4998	4998	2747
4999	4999	2749
5000	5000	2742
5001	5001	2763
5002	5002	2753
5003	5003	2760
5004	5004	2757
5005	5005	2748
5006	5006	2735
5007	5007	2751
5008	5008	2768
5009	5009	2757
5010	5010	2755
5011	5011	2749
5012	5012	2746
5013	5013	2756
5014	5014	2723
5015	5015	2758
5016	5016	2734
5017	5017	2734
5018	5018	2725
5019	5019	2735
5020	5020	2738
5021	5021	2731
5022	5022	2725
5023	5023	2738
5024	5024	2748
5025	5025	2727
5026	5026	2722
5027	5027	2715
5028	5028	2711
5029	5029	2713
5030	5030	2734
5031	5031	2723
5032	5032	2713
5033	5033	2721
5034	5034	2725
5035	5035	2729
5036	5036	2710
5037	5037	2736
5038	5038	2725
5039	5039	2722
5040	5040	2722
5041	5041	2726
5042	5042	2725
5043	5043	2729
5044	5044	2725
5045	5045	2733
5046	5046	2725
5047	5047	2732
5048	5048	2725
5049	5049	2732
5050	5050	2727
5051	5051	2717
5052	5052	2731
5053	5053	2713
5054	5054	2716
5055	5055	2738
5056	5056	2710
5057	5057	2707
5058	5058	2733
5059	5059	2692
5060	5060	2707
5061	5061	2723
5062	5062	2728
5063	5063	2718
5064	5064	2707
5065	5065	2722
5066	5066	2712
5067	5067	2693
5068	5068	2714
5069	5069	2703
5070	5070	2709
5071	5071	2708
5072	5072	2715
5073	5073	2719
5074	5074	2707
5075	5075	2721
5076	5076	2714
5077	5077	2692
5078	5078	2695
5079	5079	2694
5080	5080	2704
5081	5081	2701
5082	5082	2689
5083	5083	2689
5084	5084	2698
5085	5085	2688
5086	5086	2695
5087	5087	2686
5088	5088	2699
5089	5089	2694
5090	5090	2693
5091	5091	2683
5092	5092	2682
5093	5093	2695
5094	5094	2701
5095	5095	2681
5096	5096	2677
5097	5097	2677
5098	5098	2688
5099	5099	2671
5100	5100	2678
5101	5101	2688
5102	5102	2684
5103	5103	2709
5104	5104	2681
5105	5105	2676
5106	5106	2683
5107	5107	2670
5108	5108	2660
5109	5109	2684
5110	5110	2660
5111	5111	2668
5112	5112	2670
5113	5113	2669
5114	5114	2677
5115	5115	2689
5116	5116	2685
5117	5117	2673
5118	5118	2678
5119	5119	2672
5120	5120	2682
5121	5121	2655
5122	5122	2665
5123	5123	2659
5124	5124	2669
5125	5125	2665
5126	5126	2663
5127	5127	2665
5128	5128	2667
5129	5129	2675
5130	5130	2662
5131	5131	2653
5132	5132	2655
5133	5133	3191
5134	5134	2653
5135	5135	2664
5136	5136	2654
5137	5137	2662
5138	5138	2654
5139	5139	3198
5140	5140	3175
5141	5141	2675
5142	5142	2668
5143	5143	3168
5144	5144	2652
5145	5145	2677
5146	5146	3176
5147	5147	2659
5148	5148	2668
5149	5149	2674
5150	5150	2668
5151	5151	2664
5152	5152	2661
5153	5153	2669
5154	5154	2659
5155	5155	2658
5156	5156	2665
5157	5157	2671
5158	5158	2660
5159	5159	2650
5160	5160	2654
5161	5161	2652
5162	5162	2651
5163	5163	3190
5164	5164	3197
5165	5165	3170
5166	5166	3176
5167	5167	3224
5168	5168	2671
5169	5169	2662
5170	5170	3208
5171	5171	2632
5172	5172	3192
5173	5173	3172
5174	5174	2655
5175	5175	3189
5176	5176	3167
5177	5177	3167
5178	5178	2627
5179	5179	3175
5180	5180	3160
5181	5181	2628
5182	5182	3173
5183	5183	3159
5184	5184	3143
5185	5185	3152
5186	5186	3152
5187	5187	3157
5188	5188	3152
5189	5189	3169
5190	5190	3149
5191	5191	3180
5192	5192	3138
5193	5193	3139
5194	5194	3124
5195	5195	3126
5196	5196	3138
5197	5197	3142
5198	5198	3129
5199	5199	3141
5200	5200	3153
5201	5201	3150
5202	5202	3172
5203	5203	3143
5204	5204	3141
5205	5205	3137
5206	5206	3145
5207	5207	3133
5208	5208	3130
5209	5209	3169
5210	5210	3123
5211	5211	3128
5212	5212	3145
5213	5213	3124
5214	5214	3132
5215	5215	3115
5216	5216	3091
5217	5217	3108
5218	5218	3135
5219	5219	3126
5220	5220	3121
5221	5221	3112
5222	5222	3112
5223	5223	3106
5224	5224	3115
5225	5225	3135
5226	5226	3123
5227	5227	3126
5228	5228	3110
5229	5229	3127
5230	5230	3117
5231	5231	3098
5232	5232	3113
5233	5233	3109
5234	5234	3096
5235	5235	3098
5236	5236	3092
5237	5237	3116
5238	5238	3128
5239	5239	3145
5240	5240	3099
5241	5241	3117
5242	5242	3121
5243	5243	3117
5244	5244	3092
5245	5245	3104
5246	5246	3122
5247	5247	3106
5248	5248	3111
5249	5249	3097
5250	5250	3091
5251	5251	3120
5252	5252	3125
5253	5253	3124
5254	5254	3118
5255	5255	3123
5256	5256	3099
5257	5257	3121
5258	5258	3127
5259	5259	3103
5260	5260	3107
5261	5261	3099
5262	5262	3079
5263	5263	3071
5264	5264	3091
5265	5265	3084
5266	5266	3072
5267	5267	3079
5268	5268	3075
5269	5269	3084
5270	5270	3092
5271	5271	3089
5272	5272	3062
5273	5273	3095
5274	5274	3053
5275	5275	3097
5276	5276	3073
5277	5277	3067
5278	5278	3077
5279	5279	3069
5280	5280	3068
5281	5281	3076
5282	5282	3074
5283	5283	3077
5284	5284	3069
5285	5285	3096
5286	5286	3051
5287	5287	3079
5288	5288	3054
5289	5289	3073
5290	5290	3061
5291	5291	3070
5292	5292	3073
5293	5293	3094
5294	5294	3064
5295	5295	3059
5296	5296	3064
5297	5297	3073
5298	5298	3043
5299	5299	3065
5300	5300	3058
5301	5301	3053
5302	5302	3058
5303	5303	3044
5304	5304	3078
5305	5305	3080
5306	5306	3067
5307	5307	3071
5308	5308	3054
5309	5309	3079
5310	5310	3053
5311	5311	3041
5312	5312	3070
5313	5313	3041
5314	5314	3045
5315	5315	3063
5316	5316	3058
5317	5317	3058
5318	5318	3047
5319	5319	3075
5320	5320	3019
5321	5321	3044
5322	5322	3046
5323	5323	3039
5324	5324	3077
5325	5325	3057
5326	5326	3065
5327	5327	3057
5328	5328	3037
5329	5329	3048
5330	5330	3060
5331	5331	3050
5332	5332	3049
5333	5333	3045
5334	5334	3016
5335	5335	3034
5336	5336	3031
5337	5337	3037
5338	5338	3024
5339	5339	3054
5340	5340	3020
5341	5341	3038
5342	5342	3027
5343	5343	3027
5344	5344	3055
5345	5345	3030
5346	5346	3029
5347	5347	3023
5348	5348	3039
5349	5349	3038
5350	5350	3019
5351	5351	3032
5352	5352	3028
5353	5353	3022
5354	5354	3028
5355	5355	3014
5356	5356	3033
5357	5357	3029
