 	slice	peaks
1	1	10160
2	2	10143
3	3	10146
4	4	10168
5	5	10161
6	6	10157
7	7	10114
8	8	10126
9	9	10129
10	10	10126
11	11	10099
12	12	10101
13	13	10102
14	14	10107
15	15	10121
16	16	10105
17	17	10089
18	18	10087
19	19	10104
20	20	10090
21	21	10096
22	22	10101
23	23	10094
24	24	10031
25	25	10053
26	26	10057
27	27	10016
28	28	10082
29	29	10083
30	30	10078
31	31	10093
32	32	10076
33	33	10081
34	34	10082
35	35	10088
36	36	10073
37	37	10073
38	38	10065
39	39	10070
40	40	10077
41	41	10082
42	42	10080
43	43	10059
44	44	10084
45	45	10097
46	46	10073
47	47	10075
48	48	10093
49	49	10073
50	50	10063
51	51	10094
52	52	10063
53	53	10074
54	54	10071
55	55	10067
56	56	10080
57	57	10087
58	58	10076
59	59	10081
60	60	10058
61	61	10078
62	62	10079
63	63	10059
64	64	10067
65	65	10068
66	66	10058
67	67	10073
68	68	10050
69	69	10056
70	70	10038
71	71	10040
72	72	10041
73	73	10042
74	74	10027
75	75	10038
76	76	10027
77	77	10022
78	78	10004
79	79	10022
80	80	10023
81	81	10009
82	82	10000
83	83	10002
84	84	9986
85	85	10004
86	86	9998
87	87	9982
88	88	9995
89	89	9993
90	90	9987
91	91	9963
92	92	9994
93	93	9963
94	94	9973
95	95	9983
96	96	10005
97	97	9994
98	98	9969
99	99	9988
100	100	9986
101	101	9968
102	102	9962
103	103	9970
104	104	9967
105	105	9968
106	106	9966
107	107	9967
108	108	9950
109	109	9956
110	110	9940
111	111	9960
112	112	9975
113	113	9953
114	114	9958
115	115	9946
116	116	9956
117	117	9958
118	118	9957
119	119	9952
120	120	9938
121	121	9965
122	122	9928
123	123	9924
124	124	9942
125	125	9933
126	126	9945
127	127	9928
128	128	9941
129	129	9924
130	130	9929
131	131	9927
132	132	9919
133	133	9930
134	134	9919
135	135	9929
136	136	9928
137	137	9919
138	138	9910
139	139	9919
140	140	9915
141	141	9920
142	142	9925
143	143	9918
144	144	9919
145	145	9906
146	146	9908
147	147	9913
148	148	9927
149	149	9914
150	150	9903
151	151	9897
152	152	9921
153	153	9902
154	154	9899
155	155	9885
156	156	9886
157	157	9891
158	158	9907
159	159	9894
160	160	9918
161	161	9893
162	162	9888
163	163	9904
164	164	9897
165	165	9906
166	166	9889
167	167	9896
168	168	9890
169	169	9886
170	170	9877
171	171	9883
172	172	9879
173	173	9878
174	174	9876
175	175	9863
176	176	9888
177	177	9888
178	178	9875
179	179	9889
180	180	9880
181	181	9896
182	182	9871
183	183	9866
184	184	9856
185	185	9860
186	186	9854
187	187	9848
188	188	9863
189	189	9854
190	190	9857
191	191	9862
192	192	9867
193	193	9838
194	194	9859
195	195	9869
196	196	9852
197	197	9847
198	198	9846
199	199	9851
200	200	9842
201	201	9851
202	202	9848
203	203	9857
204	204	9844
205	205	9856
206	206	9852
207	207	9838
208	208	9851
209	209	9836
210	210	9839
211	211	9839
212	212	9852
213	213	9834
214	214	9840
215	215	9846
216	216	9845
217	217	9824
218	218	9842
219	219	9857
220	220	9841
221	221	9845
222	222	9813
223	223	9830
224	224	9824
225	225	9828
226	226	9814
227	227	9824
228	228	9828
229	229	9830
230	230	9826
231	231	9817
232	232	9826
233	233	9817
234	234	9820
235	235	9836
236	236	9851
237	237	9817
238	238	9808
239	239	9822
240	240	9813
241	241	9822
242	242	9823
243	243	9805
244	244	9809
245	245	9812
246	246	9802
247	247	9821
248	248	9805
249	249	9806
250	250	9782
251	251	9802
252	252	9815
253	253	9813
254	254	9818
255	255	9811
256	256	9808
257	257	9806
258	258	9807
259	259	9807
260	260	9804
261	261	9801
262	262	9801
263	263	9804
264	264	9798
265	265	9786
266	266	9764
267	267	9784
268	268	9779
269	269	9792
270	270	9806
271	271	9777
272	272	9766
273	273	9786
274	274	9787
275	275	9773
276	276	9778
277	277	9783
278	278	9772
279	279	9774
280	280	9781
281	281	9769
282	282	9762
283	283	9782
284	284	9775
285	285	9775
286	286	9781
287	287	9794
288	288	9771
289	289	9781
290	290	9745
291	291	9764
292	292	9753
293	293	9782
294	294	9763
295	295	9746
296	296	9750
297	297	9738
298	298	9749
299	299	9747
300	300	9741
301	301	9755
302	302	9739
303	303	9733
304	304	9742
305	305	9735
306	306	9744
307	307	9730
308	308	9729
309	309	9727
310	310	9743
311	311	9740
312	312	9735
313	313	9725
314	314	9717
315	315	9743
316	316	9723
317	317	9747
318	318	9722
319	319	9726
320	320	9706
321	321	9730
322	322	9711
323	323	9735
324	324	9725
325	325	9713
326	326	9716
327	327	9723
328	328	9706
329	329	9713
330	330	9706
331	331	9720
332	332	9712
333	333	9688
334	334	9710
335	335	9702
336	336	9698
337	337	9699
338	338	9687
339	339	9680
340	340	9688
341	341	9676
342	342	9692
343	343	9678
344	344	9690
345	345	9681
346	346	9696
347	347	9678
348	348	9683
349	349	9688
350	350	9681
351	351	9687
352	352	9680
353	353	9681
354	354	9680
355	355	9673
356	356	9677
357	357	9671
358	358	9686
359	359	9679
360	360	9670
361	361	9688
362	362	9672
363	363	9674
364	364	9653
365	365	9655
366	366	9645
367	367	9664
368	368	9650
369	369	9649
370	370	9664
371	371	9653
372	372	9630
373	373	9639
374	374	9628
375	375	9638
376	376	9652
377	377	9656
378	378	9628
379	379	9624
380	380	9653
381	381	9638
382	382	9639
383	383	9622
384	384	9627
385	385	9591
386	386	9612
387	387	9635
388	388	9641
389	389	9618
390	390	9634
391	391	9629
392	392	9635
393	393	9611
394	394	9607
395	395	9604
396	396	9628
397	397	9612
398	398	9626
399	399	9611
400	400	9619
401	401	9620
402	402	9620
403	403	9609
404	404	9628
405	405	9602
406	406	9621
407	407	9607
408	408	9608
409	409	9600
410	410	9606
411	411	9609
412	412	9596
413	413	9595
414	414	9583
415	415	9585
416	416	9597
417	417	9581
418	418	9596
419	419	9612
420	420	9607
421	421	9608
422	422	9618
423	423	9617
424	424	9613
425	425	9595
426	426	9596
427	427	9589
428	428	9603
429	429	9601
430	430	9623
431	431	9599
432	432	9592
433	433	9588
434	434	9608
435	435	9591
436	436	9593
437	437	9582
438	438	9584
439	439	9582
440	440	9593
441	441	9579
442	442	9596
443	443	9578
444	444	9583
445	445	9588
446	446	9565
447	447	9576
448	448	9587
449	449	9587
450	450	9576
451	451	9602
452	452	9589
453	453	9599
454	454	9575
455	455	9569
456	456	9567
457	457	9571
458	458	9570
459	459	9587
460	460	9569
461	461	9584
462	462	9558
463	463	9546
464	464	9566
465	465	9563
466	466	9563
467	467	9548
468	468	9558
469	469	9546
470	470	9574
471	471	9550
472	472	9553
473	473	9571
474	474	9560
475	475	9569
476	476	9566
477	477	9566
478	478	9556
479	479	9561
480	480	9563
481	481	9542
482	482	9548
483	483	9548
484	484	9553
485	485	9544
486	486	9552
487	487	9545
488	488	9572
489	489	9562
490	490	9553
491	491	9550
492	492	9549
493	493	9571
494	494	9545
495	495	9536
496	496	9554
497	497	9549
498	498	9532
499	499	9531
500	500	9553
501	501	9549
502	502	9534
503	503	9547
504	504	9539
505	505	9530
506	506	9535
507	507	9548
508	508	9529
509	509	9534
510	510	9530
511	511	9539
512	512	9528
513	513	9535
514	514	9524
515	515	9520
516	516	9513
517	517	9516
518	518	9514
519	519	9524
520	520	9498
521	521	9510
522	522	9524
523	523	9515
524	524	9505
525	525	9520
526	526	9509
527	527	9518
528	528	9504
529	529	9499
530	530	9500
531	531	9506
532	532	9501
533	533	9495
534	534	9504
535	535	9495
536	536	9489
537	537	9483
538	538	9506
539	539	9492
540	540	9498
541	541	9473
542	542	9473
543	543	9484
544	544	9477
545	545	9474
546	546	9478
547	547	9478
548	548	9464
549	549	9481
550	550	9460
551	551	9458
552	552	9461
553	553	9486
554	554	9461
555	555	9481
556	556	9465
557	557	9443
558	558	9456
559	559	9445
560	560	9463
561	561	9464
562	562	9454
563	563	9457
564	564	9443
565	565	9449
566	566	9448
567	567	9463
568	568	9449
569	569	9428
570	570	9441
571	571	9431
572	572	9419
573	573	9439
574	574	9448
575	575	9416
576	576	9441
577	577	9427
578	578	9429
579	579	9417
580	580	9422
581	581	9430
582	582	9425
583	583	9411
584	584	9417
585	585	9420
586	586	9431
587	587	9406
588	588	9418
589	589	9441
590	590	9411
591	591	9424
592	592	9418
593	593	9424
594	594	9410
595	595	9420
596	596	9429
597	597	9413
598	598	9404
599	599	9400
600	600	9406
601	601	9407
602	602	9415
603	603	9404
604	604	9411
605	605	9386
606	606	9401
607	607	9414
608	608	9402
609	609	9409
610	610	9406
611	611	9390
612	612	9420
613	613	9400
614	614	9396
615	615	9407
616	616	9409
617	617	9396
618	618	9380
619	619	9393
620	620	9397
621	621	9403
622	622	9395
623	623	9397
624	624	9377
625	625	9404
626	626	9398
627	627	9402
628	628	9372
629	629	9389
630	630	9386
631	631	9380
632	632	9389
633	633	9378
634	634	9376
635	635	9391
636	636	9392
637	637	9367
638	638	9371
639	639	9382
640	640	9385
641	641	9371
642	642	9364
643	643	9367
644	644	9382
645	645	9382
646	646	9384
647	647	9372
648	648	9378
649	649	9360
650	650	9361
651	651	9371
652	652	9380
653	653	9364
654	654	9339
655	655	9363
656	656	9371
657	657	9364
658	658	9366
659	659	9358
660	660	9357
661	661	9367
662	662	9332
663	663	9355
664	664	9361
665	665	9342
666	666	9368
667	667	9342
668	668	9341
669	669	9346
670	670	9342
671	671	9369
672	672	9341
673	673	9355
674	674	9338
675	675	9325
676	676	9341
677	677	9335
678	678	9326
679	679	9335
680	680	9320
681	681	9324
682	682	9318
683	683	9325
684	684	9323
685	685	9324
686	686	9309
687	687	9308
688	688	9324
689	689	9304
690	690	9306
691	691	9299
692	692	9298
693	693	9284
694	694	9288
695	695	9298
696	696	9277
697	697	9279
698	698	9254
699	699	9275
700	700	9271
701	701	9278
702	702	9246
703	703	9432
704	704	9427
705	705	9231
706	706	9252
707	707	9235
708	708	9235
709	709	9209
710	710	9220
711	711	9230
712	712	9218
713	713	9198
714	714	9210
715	715	9187
716	716	9193
717	717	9171
718	718	9170
719	719	9159
720	720	9150
721	721	9126
722	722	9127
723	723	9107
724	724	9103
725	725	9095
726	726	9081
727	727	9058
728	728	9038
729	729	9032
730	730	9026
731	731	9002
732	732	8988
733	733	8979
734	734	8937
735	735	8945
736	736	8928
737	737	8883
738	738	8870
739	739	8846
740	740	8843
741	741	8821
742	742	8806
743	743	8774
744	744	8735
745	745	8709
746	746	8706
747	747	8673
748	748	8655
749	749	8641
750	750	8613
751	751	8597
752	752	8563
753	753	8544
754	754	8516
755	755	8499
756	756	8476
757	757	8439
758	758	8415
759	759	8400
760	760	8389
761	761	8358
762	762	8323
763	763	8291
764	764	8279
765	765	8231
766	766	8203
767	767	8189
768	768	8147
769	769	8126
770	770	8092
771	771	8055
772	772	8054
773	773	7992
774	774	7982
775	775	7951
776	776	7923
777	777	7888
778	778	7859
779	779	7828
780	780	7827
781	781	7782
782	782	7757
783	783	7737
784	784	7693
785	785	7668
786	786	7638
787	787	7612
788	788	7586
789	789	7544
790	790	7503
791	791	7484
792	792	7474
793	793	7438
794	794	7402
795	795	7370
796	796	7318
797	797	7269
798	798	7492
799	799	7437
800	800	7436
801	801	7411
802	802	7382
803	803	7340
804	804	7313
805	805	7253
806	806	7223
807	807	7203
808	808	7168
809	809	7156
810	810	7150
811	811	7111
812	812	7062
813	813	7024
814	814	7016
815	815	6989
816	816	6975
817	817	6913
818	818	6886
819	819	6875
820	820	6831
821	821	6830
822	822	6796
823	823	6778
824	824	6737
825	825	6702
826	826	6654
827	827	6631
828	828	6604
829	829	6584
830	830	6569
831	831	6526
832	832	6512
833	833	6486
834	834	6450
835	835	6418
836	836	6404
837	837	6395
838	838	6328
839	839	6300
840	840	6268
841	841	6246
842	842	6234
843	843	6194
844	844	6172
845	845	6164
846	846	6103
847	847	6096
848	848	6052
849	849	6052
850	850	6017
851	851	5999
852	852	5966
853	853	5931
854	854	5940
855	855	5892
856	856	5877
857	857	5828
858	858	5781
859	859	5790
860	860	5750
861	861	5724
862	862	5702
863	863	5672
864	864	5639
865	865	5637
866	866	5629
867	867	5600
868	868	5579
869	869	5576
870	870	5541
871	871	5529
872	872	5508
873	873	5488
874	874	5457
875	875	5437
876	876	5424
877	877	5389
878	878	5350
879	879	5354
880	880	5321
881	881	5321
882	882	5276
883	883	5272
884	884	5250
885	885	5233
886	886	5232
887	887	5183
888	888	5170
889	889	5152
890	890	5123
891	891	5103
892	892	5089
893	893	5058
894	894	5052
895	895	4998
896	896	5020
897	897	5004
898	898	4991
899	899	4963
900	900	4964
901	901	4942
902	902	4917
903	903	4916
904	904	4898
905	905	4869
906	906	4848
907	907	4845
908	908	4820
909	909	4806
910	910	4819
911	911	4803
912	912	4780
913	913	4765
914	914	4764
915	915	4748
916	916	4715
917	917	4699
918	918	4674
919	919	4670
920	920	4655
921	921	4627
922	922	4599
923	923	4591
924	924	4580
925	925	4573
926	926	4840
927	927	4824
928	928	4820
929	929	4794
930	930	4786
931	931	4742
932	932	4746
933	933	4765
934	934	4729
935	935	4733
936	936	4702
937	937	4670
938	938	4664
939	939	4672
940	940	4640
941	941	4649
942	942	4620
943	943	4624
944	944	4618
945	945	4577
946	946	4566
947	947	4556
948	948	4541
949	949	4544
950	950	4522
951	951	4492
952	952	4511
953	953	4502
954	954	4509
955	955	4466
956	956	4477
957	957	4456
958	958	4431
959	959	4434
960	960	4398
961	961	4410
962	962	4382
963	963	4370
964	964	4358
965	965	4361
966	966	4345
967	967	4328
968	968	4329
969	969	4286
970	970	4283
971	971	4301
972	972	4287
973	973	4263
974	974	4234
975	975	4229
976	976	4216
977	977	4224
978	978	4208
979	979	4203
980	980	4196
981	981	4191
982	982	4163
983	983	4181
984	984	4187
985	985	4175
986	986	4167
987	987	4149
988	988	4138
989	989	4118
990	990	4102
991	991	4107
992	992	4101
993	993	4088
994	994	4077
995	995	4078
996	996	4081
997	997	4064
998	998	4052
999	999	4065
1000	1000	4030
1001	1001	4031
1002	1002	4017
1003	1003	4008
1004	1004	4005
1005	1005	3998
1006	1006	3986
1007	1007	3978
1008	1008	3968
1009	1009	3936
1010	1010	3950
1011	1011	3938
1012	1012	3925
1013	1013	3901
1014	1014	3907
1015	1015	3891
1016	1016	3898
1017	1017	3882
1018	1018	3886
1019	1019	3888
1020	1020	3874
1021	1021	3857
1022	1022	3862
1023	1023	3838
1024	1024	3832
1025	1025	3830
1026	1026	3832
1027	1027	3808
1028	1028	3807
1029	1029	3812
1030	1030	3798
1031	1031	3781
1032	1032	3775
1033	1033	3782
1034	1034	3764
1035	1035	3781
1036	1036	3734
1037	1037	3745
1038	1038	3737
1039	1039	3744
1040	1040	3748
1041	1041	3715
1042	1042	3712
1043	1043	3704
1044	1044	3678
1045	1045	3687
1046	1046	3674
1047	1047	3668
1048	1048	3655
1049	1049	3633
1050	1050	3648
1051	1051	3625
1052	1052	3650
1053	1053	3634
1054	1054	3623
1055	1055	3610
1056	1056	3614
1057	1057	3614
1058	1058	3576
1059	1059	3577
1060	1060	3593
1061	1061	3560
1062	1062	3574
1063	1063	3553
1064	1064	3547
1065	1065	3528
1066	1066	3529
1067	1067	3551
1068	1068	3515
1069	1069	3537
1070	1070	3517
1071	1071	3501
1072	1072	3523
1073	1073	3504
1074	1074	3475
1075	1075	3475
1076	1076	3475
1077	1077	3467
1078	1078	3450
1079	1079	3473
1080	1080	3448
1081	1081	3444
1082	1082	3444
1083	1083	3438
1084	1084	3434
1085	1085	3453
1086	1086	3412
1087	1087	3441
1088	1088	3422
1089	1089	3384
1090	1090	3384
1091	1091	3403
1092	1092	3374
1093	1093	3368
1094	1094	3349
1095	1095	3365
1096	1096	3368
1097	1097	3354
1098	1098	3350
1099	1099	3356
1100	1100	3354
1101	1101	3334
1102	1102	3350
1103	1103	3336
1104	1104	3310
1105	1105	3309
1106	1106	3307
1107	1107	3303
1108	1108	3308
1109	1109	3280
1110	1110	3303
1111	1111	3284
1112	1112	3277
1113	1113	3253
1114	1114	3253
1115	1115	3273
1116	1116	3254
1117	1117	3250
1118	1118	3253
1119	1119	3248
1120	1120	3250
1121	1121	3233
1122	1122	3240
1123	1123	3234
1124	1124	3204
1125	1125	3192
1126	1126	3218
1127	1127	3211
1128	1128	3211
1129	1129	3190
1130	1130	3187
1131	1131	3183
1132	1132	3181
1133	1133	3162
1134	1134	3161
1135	1135	3183
1136	1136	3146
1137	1137	3172
1138	1138	3151
1139	1139	3151
1140	1140	3135
1141	1141	3115
1142	1142	3127
1143	1143	3125
1144	1144	3113
1145	1145	3105
1146	1146	3110
1147	1147	3116
1148	1148	3109
1149	1149	3084
1150	1150	3081
1151	1151	3067
1152	1152	3075
1153	1153	3075
1154	1154	3095
1155	1155	3135
1156	1156	3134
1157	1157	3082
1158	1158	3082
1159	1159	3070
1160	1160	3062
1161	1161	3054
1162	1162	3034
1163	1163	3027
1164	1164	3046
1165	1165	3023
1166	1166	3019
1167	1167	3013
1168	1168	3007
1169	1169	3041
1170	1170	3009
1171	1171	3004
1172	1172	2981
1173	1173	2992
1174	1174	2999
1175	1175	3005
1176	1176	3006
1177	1177	2990
1178	1178	2988
1179	1179	2985
1180	1180	2986
1181	1181	2985
1182	1182	2989
1183	1183	2969
1184	1184	2985
1185	1185	2992
1186	1186	2956
1187	1187	2998
1188	1188	2982
1189	1189	2962
1190	1190	2968
1191	1191	2966
1192	1192	2989
1193	1193	2972
1194	1194	2958
1195	1195	2958
1196	1196	2966
1197	1197	2955
1198	1198	2929
1199	1199	2935
1200	1200	2922
1201	1201	2937
1202	1202	2939
1203	1203	2949
1204	1204	2898
1205	1205	2921
1206	1206	2911
1207	1207	2918
1208	1208	2899
1209	1209	2883
1210	1210	2901
1211	1211	2877
1212	1212	2893
1213	1213	2908
1214	1214	2897
1215	1215	2886
1216	1216	2872
1217	1217	2890
1218	1218	2857
1219	1219	2875
1220	1220	2879
1221	1221	2885
1222	1222	2879
1223	1223	2878
1224	1224	2871
1225	1225	2862
1226	1226	2856
1227	1227	2829
1228	1228	2826
1229	1229	2828
1230	1230	2835
1231	1231	2860
1232	1232	2847
1233	1233	2829
1234	1234	2849
1235	1235	2816
1236	1236	2814
1237	1237	2822
1238	1238	2807
1239	1239	2795
1240	1240	2815
1241	1241	2800
1242	1242	2802
1243	1243	2788
1244	1244	2794
1245	1245	2787
1246	1246	2762
1247	1247	2787
1248	1248	2789
1249	1249	2781
1250	1250	2765
1251	1251	2770
1252	1252	2771
1253	1253	2772
1254	1254	2762
1255	1255	2759
1256	1256	2760
1257	1257	2763
1258	1258	2768
1259	1259	2755
1260	1260	2757
1261	1261	2740
1262	1262	2732
1263	1263	2741
1264	1264	2747
1265	1265	2743
1266	1266	2748
1267	1267	2740
1268	1268	2742
1269	1269	2731
1270	1270	2708
1271	1271	2712
1272	1272	2715
1273	1273	2745
1274	1274	2717
1275	1275	2721
1276	1276	2727
1277	1277	2728
1278	1278	2726
1279	1279	2710
1280	1280	2718
1281	1281	2711
1282	1282	2730
1283	1283	2732
1284	1284	2722
1285	1285	2710
1286	1286	2702
1287	1287	2706
1288	1288	2711
1289	1289	2685
1290	1290	2681
1291	1291	2703
1292	1292	2694
1293	1293	2680
1294	1294	2665
1295	1295	2683
1296	1296	2674
1297	1297	2674
1298	1298	2673
1299	1299	2678
1300	1300	2679
1301	1301	2695
1302	1302	2680
1303	1303	2674
1304	1304	2656
1305	1305	2671
1306	1306	2684
1307	1307	2687
1308	1308	2676
1309	1309	2676
1310	1310	2668
1311	1311	2681
1312	1312	2671
1313	1313	2673
1314	1314	2652
1315	1315	2662
1316	1316	2641
1317	1317	2640
1318	1318	2653
1319	1319	2652
1320	1320	2646
1321	1321	2659
1322	1322	2657
1323	1323	2650
1324	1324	2639
1325	1325	2654
1326	1326	2616
1327	1327	2614
1328	1328	2615
1329	1329	2606
1330	1330	2621
1331	1331	2601
1332	1332	2639
1333	1333	2621
1334	1334	2605
1335	1335	2592
1336	1336	2605
1337	1337	2600
1338	1338	2587
1339	1339	2581
1340	1340	3177
1341	1341	3199
1342	1342	3226
1343	1343	3198
1344	1344	3223
1345	1345	3174
1346	1346	3162
1347	1347	3179
1348	1348	3159
1349	1349	3162
1350	1350	3184
1351	1351	3163
1352	1352	3170
1353	1353	3171
1354	1354	3170
1355	1355	3153
1356	1356	3164
1357	1357	3124
1358	1358	3150
1359	1359	3177
1360	1360	3158
1361	1361	3145
1362	1362	3149
1363	1363	3168
1364	1364	3130
1365	1365	3153
1366	1366	3143
1367	1367	3150
1368	1368	3173
1369	1369	3162
1370	1370	3167
1371	1371	3141
1372	1372	3141
1373	1373	3146
1374	1374	3145
1375	1375	3121
1376	1376	3154
1377	1377	3102
1378	1378	3136
1379	1379	3116
1380	1380	3119
1381	1381	3107
1382	1382	3109
1383	1383	3116
1384	1384	3107
1385	1385	3107
1386	1386	3107
1387	1387	3105
1388	1388	3068
1389	1389	3107
1390	1390	3127
1391	1391	3120
1392	1392	3150
1393	1393	3141
1394	1394	3146
1395	1395	3089
1396	1396	3092
1397	1397	3121
1398	1398	3105
1399	1399	3102
1400	1400	3089
1401	1401	3128
1402	1402	3121
1403	1403	3108
1404	1404	3145
1405	1405	3119
1406	1406	3116
1407	1407	3116
1408	1408	3107
1409	1409	3145
1410	1410	3116
1411	1411	3099
1412	1412	3087
1413	1413	3075
1414	1414	3062
1415	1415	3091
1416	1416	3080
1417	1417	3102
1418	1418	3064
1419	1419	3092
1420	1420	3097
1421	1421	3075
1422	1422	3093
1423	1423	3087
1424	1424	3085
1425	1425	3087
1426	1426	3099
1427	1427	3094
1428	1428	3071
1429	1429	3065
1430	1430	3061
1431	1431	3096
1432	1432	3047
1433	1433	3076
1434	1434	3063
1435	1435	3039
1436	1436	3049
1437	1437	3095
1438	1438	3052
1439	1439	3055
1440	1440	3043
1441	1441	3042
1442	1442	3061
1443	1443	3028
1444	1444	3012
1445	1445	3005
1446	1446	3025
1447	1447	3009
1448	1448	2982
1449	1449	3006
1450	1450	3025
1451	1451	3013
1452	1452	3041
1453	1453	3042
1454	1454	3040
1455	1455	3002
1456	1456	3028
1457	1457	3002
1458	1458	3018
1459	1459	2999
1460	1460	3038
1461	1461	3003
1462	1462	3009
1463	1463	3007
1464	1464	3001
1465	1465	3011
1466	1466	2997
1467	1467	2977
1468	1468	2969
1469	1469	2982
1470	1470	3010
1471	1471	2992
1472	1472	2994
1473	1473	3005
1474	1474	2979
1475	1475	2984
1476	1476	2977
1477	1477	2971
1478	1478	2964
1479	1479	2950
1480	1480	2974
1481	1481	2994
1482	1482	2975
1483	1483	2982
1484	1484	2972
1485	1485	2982
1486	1486	2952
1487	1487	2978
1488	1488	2959
1489	1489	2957
1490	1490	2934
1491	1491	2967
1492	1492	2928
1493	1493	2979
1494	1494	2926
1495	1495	2979
1496	1496	2945
1497	1497	2951
1498	1498	2919
1499	1499	2925
1500	1500	2887
1501	1501	2915
1502	1502	2898
1503	1503	2939
1504	1504	2949
1505	1505	2953
1506	1506	2903
1507	1507	2932
1508	1508	2913
1509	1509	2921
1510	1510	2920
1511	1511	2927
1512	1512	2912
1513	1513	2932
1514	1514	2914
1515	1515	2938
1516	1516	2922
1517	1517	2957
1518	1518	2920
1519	1519	2925
1520	1520	2915
1521	1521	2921
1522	1522	2887
1523	1523	2914
1524	1524	2884
1525	1525	2884
1526	1526	2881
1527	1527	2866
1528	1528	2885
1529	1529	2857
1530	1530	2868
1531	1531	2846
1532	1532	2876
1533	1533	2838
1534	1534	2832
1535	1535	2857
1536	1536	2882
1537	1537	2838
1538	1538	2848
1539	1539	2875
1540	1540	2836
1541	1541	2836
1542	1542	2862
1543	1543	2875
1544	1544	2838
1545	1545	2869
1546	1546	2866
1547	1547	2887
1548	1548	2842
1549	1549	2881
1550	1550	2851
1551	1551	2854
1552	1552	2846
1553	1553	2834
1554	1554	2800
1555	1555	2833
1556	1556	2846
1557	1557	2848
1558	1558	2824
1559	1559	2830
1560	1560	2815
1561	1561	2861
1562	1562	2835
1563	1563	2822
1564	1564	2831
1565	1565	2824
1566	1566	2821
1567	1567	2817
1568	1568	2812
1569	1569	2813
1570	1570	2838
1571	1571	2815
1572	1572	2820
1573	1573	2790
1574	1574	2811
1575	1575	2795
1576	1576	2786
1577	1577	2805
1578	1578	2781
1579	1579	2783
1580	1580	2781
1581	1581	2800
1582	1582	2807
1583	1583	2808
1584	1584	2775
1585	1585	2779
1586	1586	2789
1587	1587	2750
1588	1588	2762
1589	1589	2765
1590	1590	2794
1591	1591	2756
1592	1592	2785
1593	1593	2747
1594	1594	2739
1595	1595	2781
1596	1596	2756
1597	1597	2787
1598	1598	2770
1599	1599	2770
1600	1600	2764
1601	1601	2777
1602	1602	2761
1603	1603	2781
1604	1604	2756
1605	1605	2746
1606	1606	2737
1607	1607	2735
1608	1608	2754
1609	1609	2743
1610	1610	2725
1611	1611	2750
1612	1612	2751
1613	1613	2755
1614	1614	2760
1615	1615	2741
1616	1616	2743
1617	1617	2752
1618	1618	2747
1619	1619	2750
1620	1620	2767
1621	1621	2801
1622	1622	2736
1623	1623	2766
1624	1624	2759
1625	1625	2774
1626	1626	2755
1627	1627	2762
1628	1628	2765
1629	1629	2759
1630	1630	2733
1631	1631	2707
1632	1632	2750
1633	1633	2755
1634	1634	2739
1635	1635	2748
1636	1636	2744
1637	1637	2707
1638	1638	2736
1639	1639	2741
1640	1640	2714
1641	1641	2759
1642	1642	2758
1643	1643	2755
1644	1644	2712
1645	1645	2739
1646	1646	2731
1647	1647	2701
1648	1648	2721
1649	1649	2706
1650	1650	2673
1651	1651	2712
1652	1652	2726
1653	1653	2681
1654	1654	2727
1655	1655	2714
1656	1656	2724
1657	1657	2676
1658	1658	2696
1659	1659	2683
1660	1660	2715
1661	1661	2687
1662	1662	2729
1663	1663	2698
1664	1664	2696
1665	1665	2735
1666	1666	2699
1667	1667	2694
1668	1668	2716
1669	1669	2709
1670	1670	2724
1671	1671	2675
1672	1672	2726
1673	1673	2714
1674	1674	2700
1675	1675	2751
1676	1676	2717
1677	1677	2701
1678	1678	2723
1679	1679	2672
1680	1680	2706
1681	1681	2710
1682	1682	2706
1683	1683	2696
1684	1684	2706
1685	1685	2669
1686	1686	2710
1687	1687	2661
1688	1688	2731
1689	1689	2702
1690	1690	2738
1691	1691	2686
1692	1692	2698
1693	1693	2679
1694	1694	2670
1695	1695	2722
1696	1696	2733
1697	1697	2702
1698	1698	2688
1699	1699	2671
1700	1700	2712
1701	1701	2728
1702	1702	2708
1703	1703	2695
1704	1704	2665
1705	1705	2715
1706	1706	2680
1707	1707	2733
1708	1708	2703
1709	1709	2701
1710	1710	2664
1711	1711	2685
1712	1712	2669
1713	1713	2675
1714	1714	2689
1715	1715	2651
1716	1716	2665
1717	1717	2665
1718	1718	2677
1719	1719	2664
1720	1720	2653
1721	1721	2663
1722	1722	2663
1723	1723	2655
1724	1724	2653
1725	1725	2657
1726	1726	2647
1727	1727	2657
1728	1728	2692
1729	1729	2677
1730	1730	2657
1731	1731	2669
1732	1732	2673
1733	1733	2662
1734	1734	2643
1735	1735	2658
1736	1736	2665
1737	1737	2706
1738	1738	2679
1739	1739	2704
1740	1740	2650
1741	1741	2662
1742	1742	2674
1743	1743	2664
1744	1744	2646
1745	1745	2651
1746	1746	2656
1747	1747	2635
1748	1748	2670
1749	1749	2652
1750	1750	2636
1751	1751	2631
1752	1752	2619
1753	1753	2670
1754	1754	2664
1755	1755	2640
1756	1756	2635
1757	1757	2632
1758	1758	2648
1759	1759	2634
1760	1760	2608
1761	1761	2619
1762	1762	2633
1763	1763	2620
1764	1764	2606
1765	1765	2595
1766	1766	2620
1767	1767	2603
1768	1768	2607
1769	1769	2632
1770	1770	2648
1771	1771	2629
1772	1772	2672
1773	1773	2645
1774	1774	2630
1775	1775	2618
1776	1776	2609
1777	1777	2643
1778	1778	2635
1779	1779	2648
1780	1780	2649
1781	1781	2644
1782	1782	2620
1783	1783	2633
1784	1784	2653
1785	1785	2610
1786	1786	2597
1787	1787	2600
1788	1788	2615
1789	1789	2629
1790	1790	2615
1791	1791	2609
1792	1792	2655
1793	1793	2630
1794	1794	2625
1795	1795	2635
1796	1796	2625
1797	1797	2614
1798	1798	2638
1799	1799	2593
1800	1800	2604
1801	1801	2602
1802	1802	2590
1803	1803	2613
1804	1804	2604
1805	1805	2611
1806	1806	2606
1807	1807	2619
1808	1808	2594
1809	1809	2593
1810	1810	2587
1811	1811	2584
1812	1812	2570
1813	1813	2596
1814	1814	2576
1815	1815	2590
1816	1816	2589
1817	1817	2606
1818	1818	2610
1819	1819	2599
1820	1820	2638
1821	1821	2608
1822	1822	2598
1823	1823	2571
1824	1824	2615
1825	1825	2584
1826	1826	2591
1827	1827	2610
1828	1828	2595
1829	1829	2563
1830	1830	2578
1831	1831	2596
1832	1832	2586
1833	1833	2581
1834	1834	2581
1835	1835	2575
1836	1836	2590
1837	1837	2587
1838	1838	2601
1839	1839	2583
1840	1840	2607
1841	1841	2595
1842	1842	2584
1843	1843	2595
1844	1844	2576
1845	1845	2583
1846	1846	2590
1847	1847	2612
1848	1848	2573
1849	1849	2548
1850	1850	2535
1851	1851	2572
1852	1852	2607
1853	1853	2578
1854	1854	2551
1855	1855	2536
1856	1856	2577
1857	1857	2582
1858	1858	2550
1859	1859	2568
1860	1860	2590
1861	1861	2574
1862	1862	2560
1863	1863	2577
1864	1864	2536
1865	1865	2558
1866	1866	2569
1867	1867	2563
1868	1868	2575
1869	1869	2570
1870	1870	2555
1871	1871	2578
1872	1872	2552
1873	1873	2559
1874	1874	2550
1875	1875	2563
1876	1876	2569
1877	1877	2606
1878	1878	2573
1879	1879	2581
1880	1880	2569
1881	1881	2534
1882	1882	2594
1883	1883	2582
1884	1884	2587
1885	1885	2572
1886	1886	2575
1887	1887	2619
1888	1888	2572
1889	1889	2582
1890	1890	2617
1891	1891	2564
1892	1892	2598
1893	1893	2585
1894	1894	2600
1895	1895	2572
1896	1896	2602
1897	1897	2593
1898	1898	2596
1899	1899	2573
1900	1900	2573
1901	1901	2576
1902	1902	2552
1903	1903	2568
1904	1904	2532
1905	1905	2580
1906	1906	2579
1907	1907	2567
1908	1908	2538
1909	1909	2548
1910	1910	2538
1911	1911	2555
1912	1912	2540
1913	1913	2553
1914	1914	2573
1915	1915	2588
1916	1916	2555
1917	1917	2543
1918	1918	2548
1919	1919	2568
1920	1920	2522
1921	1921	2534
1922	1922	2547
1923	1923	2570
1924	1924	2535
1925	1925	2547
1926	1926	2538
1927	1927	2534
1928	1928	2544
1929	1929	2547
1930	1930	2513
1931	1931	2559
1932	1932	2535
1933	1933	2538
1934	1934	2494
1935	1935	2535
1936	1936	2521
1937	1937	2535
1938	1938	2509
1939	1939	2506
1940	1940	2545
1941	1941	2553
1942	1942	2516
1943	1943	2537
1944	1944	2520
1945	1945	2540
1946	1946	2532
1947	1947	2544
1948	1948	2549
1949	1949	2525
1950	1950	2545
1951	1951	2543
1952	1952	2494
1953	1953	2501
1954	1954	2505
1955	1955	2520
1956	1956	2519
1957	1957	2521
1958	1958	2512
1959	1959	2527
1960	1960	2525
1961	1961	2517
1962	1962	2527
1963	1963	2521
1964	1964	2523
1965	1965	2543
1966	1966	2557
1967	1967	2503
1968	1968	2500
1969	1969	2536
1970	1970	2514
1971	1971	2490
1972	1972	2501
1973	1973	2517
1974	1974	2494
1975	1975	2517
1976	1976	2518
1977	1977	2490
1978	1978	2503
1979	1979	2520
1980	1980	2512
1981	1981	2515
1982	1982	2532
1983	1983	2512
1984	1984	2521
1985	1985	2487
1986	1986	2518
1987	1987	2485
1988	1988	2527
1989	1989	2507
1990	1990	2518
1991	1991	2535
1992	1992	2533
1993	1993	2502
1994	1994	2497
1995	1995	2524
1996	1996	2504
1997	1997	2494
1998	1998	2456
1999	1999	2515
2000	2000	2465
2001	2001	2496
2002	2002	2499
2003	2003	2503
2004	2004	2493
2005	2005	2492
2006	2006	2471
2007	2007	2472
2008	2008	2468
2009	2009	2479
2010	2010	2518
2011	2011	2518
2012	2012	2507
2013	2013	2512
2014	2014	2501
2015	2015	2490
2016	2016	2530
2017	2017	2485
2018	2018	2498
2019	2019	2503
2020	2020	2474
2021	2021	2490
2022	2022	2500
2023	2023	2502
2024	2024	2466
2025	2025	2456
2026	2026	2463
2027	2027	2449
2028	2028	2458
2029	2029	2498
2030	2030	2470
2031	2031	2483
2032	2032	2480
2033	2033	2471
2034	2034	2481
2035	2035	2497
2036	2036	2456
2037	2037	2480
2038	2038	2468
2039	2039	2453
2040	2040	2472
2041	2041	2499
2042	2042	2465
2043	2043	2468
2044	2044	2464
2045	2045	2476
2046	2046	2461
2047	2047	2444
2048	2048	2462
2049	2049	2516
2050	2050	2465
2051	2051	2493
2052	2052	2497
2053	2053	2474
2054	2054	2480
2055	2055	2489
2056	2056	2456
2057	2057	2462
2058	2058	2465
2059	2059	2464
2060	2060	2482
2061	2061	2473
2062	2062	2485
2063	2063	2477
2064	2064	2450
2065	2065	2469
2066	2066	2458
2067	2067	2470
2068	2068	2468
2069	2069	2478
2070	2070	2448
2071	2071	2456
2072	2072	2457
2073	2073	2440
2074	2074	2465
2075	2075	2481
2076	2076	2460
2077	2077	2448
2078	2078	2476
2079	2079	2455
2080	2080	2446
2081	2081	2438
2082	2082	2435
2083	2083	2459
2084	2084	2451
2085	2085	2447
2086	2086	2491
2087	2087	2447
2088	2088	2422
2089	2089	2451
2090	2090	2455
2091	2091	2466
2092	2092	2437
2093	2093	2441
2094	2094	2433
2095	2095	2426
2096	2096	2420
2097	2097	2413
2098	2098	2435
2099	2099	2425
2100	2100	2466
2101	2101	2441
2102	2102	2468
2103	2103	2432
2104	2104	2435
2105	2105	2425
2106	2106	2446
2107	2107	2442
2108	2108	2413
2109	2109	2446
2110	2110	2418
2111	2111	2435
2112	2112	2415
2113	2113	2434
2114	2114	2413
2115	2115	2399
2116	2116	2423
2117	2117	2426
2118	2118	2425
2119	2119	2406
2120	2120	2411
2121	2121	2428
2122	2122	2418
2123	2123	2447
2124	2124	2413
2125	2125	2412
2126	2126	2428
2127	2127	2432
2128	2128	2425
2129	2129	2422
2130	2130	2457
2131	2131	2430
2132	2132	2447
2133	2133	2410
2134	2134	2419
2135	2135	2432
2136	2136	2415
2137	2137	2412
2138	2138	2411
2139	2139	2402
2140	2140	2412
2141	2141	2390
2142	2142	2407
2143	2143	2441
2144	2144	2418
2145	2145	2399
2146	2146	2436
2147	2147	2397
2148	2148	2420
2149	2149	2400
2150	2150	2399
2151	2151	2427
2152	2152	2399
2153	2153	2413
2154	2154	2424
2155	2155	2419
2156	2156	2405
2157	2157	2416
2158	2158	2423
2159	2159	2414
2160	2160	2445
2161	2161	2417
2162	2162	2403
2163	2163	2408
2164	2164	2418
2165	2165	2446
2166	2166	2454
2167	2167	2402
2168	2168	2433
2169	2169	2394
2170	2170	2412
2171	2171	2395
2172	2172	2415
2173	2173	2424
2174	2174	2432
2175	2175	2374
2176	2176	2413
2177	2177	2399
2178	2178	2408
2179	2179	2352
2180	2180	2396
2181	2181	2418
2182	2182	2393
2183	2183	2403
2184	2184	2412
2185	2185	2362
2186	2186	2387
2187	2187	2433
2188	2188	2380
2189	2189	2389
2190	2190	2379
2191	2191	2378
2192	2192	2408
2193	2193	2419
2194	2194	2423
2195	2195	2400
2196	2196	2417
2197	2197	2421
2198	2198	2401
2199	2199	2440
2200	2200	2393
2201	2201	2404
2202	2202	2407
2203	2203	2431
2204	2204	2402
2205	2205	2434
2206	2206	2426
2207	2207	2399
2208	2208	2408
2209	2209	2425
2210	2210	2445
2211	2211	2412
2212	2212	2408
2213	2213	2430
2214	2214	2420
2215	2215	2381
2216	2216	2418
2217	2217	2367
2218	2218	2409
2219	2219	2407
2220	2220	2405
2221	2221	2411
2222	2222	2390
2223	2223	2414
2224	2224	2400
2225	2225	2367
2226	2226	2392
2227	2227	2400
2228	2228	2396
2229	2229	2404
2230	2230	2389
2231	2231	2403
2232	2232	2429
2233	2233	2420
2234	2234	2398
2235	2235	2396
2236	2236	2382
2237	2237	2409
2238	2238	2368
2239	2239	2440
2240	2240	2409
2241	2241	2411
2242	2242	2376
2243	2243	2358
2244	2244	2384
2245	2245	2378
2246	2246	2353
2247	2247	2398
2248	2248	2382
2249	2249	2392
2250	2250	2368
2251	2251	2372
2252	2252	2370
2253	2253	2375
2254	2254	2374
2255	2255	2387
2256	2256	2366
2257	2257	2401
2258	2258	2379
2259	2259	2377
2260	2260	2375
2261	2261	2362
2262	2262	2387
2263	2263	2387
2264	2264	2389
2265	2265	2353
2266	2266	2363
2267	2267	2358
2268	2268	2372
2269	2269	2350
2270	2270	2338
2271	2271	2374
2272	2272	2389
2273	2273	2359
2274	2274	2345
2275	2275	2374
2276	2276	2374
2277	2277	2345
2278	2278	2350
2279	2279	2365
2280	2280	2375
2281	2281	2385
2282	2282	2357
2283	2283	2377
2284	2284	2360
2285	2285	2380
2286	2286	2381
2287	2287	2351
2288	2288	2357
2289	2289	2346
2290	2290	2368
2291	2291	2364
2292	2292	2339
2293	2293	2384
2294	2294	2375
2295	2295	2376
2296	2296	2374
2297	2297	2409
2298	2298	2357
2299	2299	2383
2300	2300	2339
2301	2301	2364
2302	2302	2340
2303	2303	2323
2304	2304	2353
2305	2305	2387
2306	2306	2391
2307	2307	2338
2308	2308	2371
2309	2309	2373
2310	2310	2352
2311	2311	2360
2312	2312	2346
2313	2313	2361
2314	2314	2353
2315	2315	2363
2316	2316	2351
2317	2317	2399
2318	2318	2357
2319	2319	2379
2320	2320	2349
2321	2321	2387
2322	2322	2323
2323	2323	2358
2324	2324	2341
2325	2325	2347
2326	2326	2337
2327	2327	2338
2328	2328	2339
2329	2329	2333
2330	2330	2340
2331	2331	2325
2332	2332	2334
2333	2333	2325
2334	2334	2318
2335	2335	2325
2336	2336	2329
2337	2337	2358
2338	2338	2321
2339	2339	2330
2340	2340	2338
2341	2341	2351
2342	2342	2346
2343	2343	2320
2344	2344	2309
2345	2345	2400
2346	2346	2394
2347	2347	2395
2348	2348	2460
2349	2349	2426
2350	2350	2424
2351	2351	2386
2352	2352	2409
2353	2353	2399
2354	2354	2373
2355	2355	2362
2356	2356	2349
2357	2357	2347
2358	2358	2321
2359	2359	2323
2360	2360	2341
2361	2361	2337
2362	2362	2326
2363	2363	2329
2364	2364	2356
2365	2365	2333
2366	2366	2337
2367	2367	2333
2368	2368	2328
2369	2369	2303
2370	2370	2345
2371	2371	2321
2372	2372	2357
2373	2373	2349
2374	2374	2342
2375	2375	2312
2376	2376	2277
2377	2377	2319
2378	2378	2336
2379	2379	2342
2380	2380	2350
2381	2381	2310
2382	2382	2350
2383	2383	2319
2384	2384	2316
2385	2385	2332
2386	2386	2332
2387	2387	2291
2388	2388	2295
2389	2389	2302
2390	2390	2292
2391	2391	2302
2392	2392	2316
2393	2393	2290
2394	2394	2323
2395	2395	2329
2396	2396	2290
2397	2397	2266
2398	2398	2269
2399	2399	2261
2400	2400	2333
2401	2401	2306
2402	2402	2321
2403	2403	2295
2404	2404	2285
2405	2405	2335
2406	2406	2326
2407	2407	2292
2408	2408	2348
2409	2409	2284
2410	2410	2310
2411	2411	2319
2412	2412	2320
2413	2413	2299
2414	2414	2337
2415	2415	2298
2416	2416	2307
2417	2417	2305
2418	2418	2317
2419	2419	2347
2420	2420	2299
2421	2421	2292
2422	2422	2288
2423	2423	2324
2424	2424	2320
2425	2425	2306
2426	2426	2307
2427	2427	2276
2428	2428	2312
2429	2429	2316
2430	2430	2276
2431	2431	2328
2432	2432	2325
2433	2433	2312
2434	2434	2328
2435	2435	2327
2436	2436	2310
2437	2437	2309
2438	2438	2309
2439	2439	2307
2440	2440	2311
2441	2441	2296
2442	2442	2369
2443	2443	2332
2444	2444	2308
2445	2445	2281
2446	2446	2306
2447	2447	2330
2448	2448	2281
2449	2449	2317
2450	2450	2314
2451	2451	2297
2452	2452	2309
2453	2453	2327
2454	2454	2314
2455	2455	2334
2456	2456	2345
2457	2457	2375
2458	2458	2331
2459	2459	2309
2460	2460	2297
2461	2461	2340
2462	2462	2318
2463	2463	2291
2464	2464	2302
2465	2465	2310
2466	2466	2289
2467	2467	2305
2468	2468	2272
2469	2469	2271
2470	2470	2299
2471	2471	2334
2472	2472	2316
2473	2473	2290
2474	2474	2317
2475	2475	2344
2476	2476	2319
2477	2477	2364
2478	2478	2322
2479	2479	2347
2480	2480	2333
2481	2481	2328
2482	2482	2284
2483	2483	2308
2484	2484	2311
2485	2485	2311
2486	2486	2335
2487	2487	2313
2488	2488	2353
2489	2489	2298
2490	2490	2292
2491	2491	2298
2492	2492	2337
2493	2493	2280
2494	2494	2332
2495	2495	2309
2496	2496	2366
2497	2497	2310
2498	2498	2310
2499	2499	2306
2500	2500	2307
2501	2501	2321
2502	2502	2342
2503	2503	2327
2504	2504	2330
2505	2505	2305
2506	2506	2304
2507	2507	2305
2508	2508	2325
2509	2509	2303
2510	2510	2317
2511	2511	2314
2512	2512	2294
2513	2513	2321
2514	2514	2306
2515	2515	2284
2516	2516	2322
2517	2517	2268
2518	2518	2318
2519	2519	2309
2520	2520	2315
2521	2521	2332
2522	2522	2308
2523	2523	2302
2524	2524	2316
2525	2525	2307
2526	2526	2343
2527	2527	2305
2528	2528	2310
2529	2529	2309
2530	2530	2297
2531	2531	2309
2532	2532	2325
2533	2533	2320
2534	2534	2321
2535	2535	2341
2536	2536	2321
2537	2537	2345
2538	2538	2293
2539	2539	2306
2540	2540	2330
2541	2541	2318
2542	2542	2320
2543	2543	2301
2544	2544	2313
2545	2545	2326
2546	2546	2334
2547	2547	2326
2548	2548	2294
2549	2549	2304
2550	2550	2321
2551	2551	2340
2552	2552	2321
2553	2553	2314
2554	2554	2302
2555	2555	2322
2556	2556	2310
2557	2557	2300
2558	2558	2315
2559	2559	2317
2560	2560	2350
2561	2561	2302
2562	2562	2297
2563	2563	2285
2564	2564	2346
2565	2565	2293
2566	2566	2357
2567	2567	2334
2568	2568	2317
2569	2569	2336
2570	2570	2321
2571	2571	2287
2572	2572	2332
2573	2573	2293
2574	2574	2307
2575	2575	2323
2576	2576	2337
2577	2577	2327
2578	2578	2309
2579	2579	2281
2580	2580	2307
2581	2581	2333
2582	2582	2324
2583	2583	2323
2584	2584	2316
2585	2585	2330
2586	2586	2314
2587	2587	2296
2588	2588	2294
2589	2589	2323
2590	2590	2306
2591	2591	2312
2592	2592	2292
2593	2593	2303
2594	2594	2319
2595	2595	2321
2596	2596	2306
2597	2597	2302
2598	2598	2299
2599	2599	2304
2600	2600	2319
2601	2601	2323
2602	2602	2333
2603	2603	2303
2604	2604	2311
2605	2605	2297
2606	2606	2302
2607	2607	2268
2608	2608	2328
2609	2609	2293
2610	2610	2284
2611	2611	2318
2612	2612	2312
2613	2613	2329
2614	2614	2275
2615	2615	2309
2616	2616	2321
2617	2617	2319
2618	2618	2307
2619	2619	2299
2620	2620	2278
2621	2621	2283
2622	2622	2273
2623	2623	2300
2624	2624	2330
2625	2625	2255
2626	2626	2290
2627	2627	2314
2628	2628	2279
2629	2629	2277
2630	2630	2271
2631	2631	2284
2632	2632	2274
2633	2633	2283
2634	2634	2294
2635	2635	2292
2636	2636	2252
2637	2637	2272
2638	2638	2303
2639	2639	2287
2640	2640	2241
2641	2641	2289
2642	2642	2305
2643	2643	2269
2644	2644	2268
2645	2645	2272
2646	2646	2267
2647	2647	2278
2648	2648	2306
2649	2649	2321
2650	2650	2346
2651	2651	2339
2652	2652	2315
2653	2653	2296
2654	2654	2343
2655	2655	2330
2656	2656	2308
2657	2657	2291
2658	2658	2308
2659	2659	2304
2660	2660	2318
2661	2661	2351
2662	2662	2335
2663	2663	2320
2664	2664	2302
2665	2665	2322
2666	2666	2309
2667	2667	2315
2668	2668	2307
2669	2669	2324
2670	2670	2239
2671	2671	2245
2672	2672	2282
2673	2673	2246
2674	2674	2265
2675	2675	2279
2676	2676	2242
2677	2677	2246
2678	2678	2247
2679	2679	2268
2680	2680	2254
2681	2681	2255
2682	2682	2327
2683	2683	2279
2684	2684	2310
2685	2685	2259
2686	2686	2260
2687	2687	2240
2688	2688	2289
2689	2689	2275
2690	2690	2260
2691	2691	2236
2692	2692	2253
2693	2693	2205
2694	2694	2255
2695	2695	2255
2696	2696	2262
2697	2697	2228
2698	2698	2262
2699	2699	2241
2700	2700	2261
2701	2701	2230
2702	2702	2258
2703	2703	2252
2704	2704	2253
2705	2705	2260
2706	2706	2274
2707	2707	2235
2708	2708	2254
2709	2709	2265
2710	2710	2259
2711	2711	2254
2712	2712	2257
2713	2713	2264
2714	2714	2276
2715	2715	2259
2716	2716	2259
2717	2717	2247
2718	2718	2248
2719	2719	2209
2720	2720	2232
2721	2721	2229
2722	2722	2242
2723	2723	2236
2724	2724	2232
2725	2725	2207
2726	2726	2215
2727	2727	2234
2728	2728	2224
2729	2729	2257
2730	2730	2238
2731	2731	2210
2732	2732	2233
2733	2733	2251
2734	2734	2259
2735	2735	2213
2736	2736	2255
2737	2737	2241
2738	2738	2240
2739	2739	2248
2740	2740	2284
2741	2741	2226
2742	2742	2236
2743	2743	2250
2744	2744	2252
2745	2745	2233
2746	2746	2237
2747	2747	2219
2748	2748	2222
2749	2749	2227
2750	2750	2234
2751	2751	2201
2752	2752	2230
2753	2753	2235
2754	2754	2237
2755	2755	2243
2756	2756	2234
2757	2757	2256
2758	2758	2233
2759	2759	2248
2760	2760	2252
2761	2761	2255
2762	2762	2269
2763	2763	2248
2764	2764	2222
2765	2765	2259
2766	2766	2244
2767	2767	2267
2768	2768	2251
2769	2769	2236
2770	2770	2239
2771	2771	2220
2772	2772	2249
2773	2773	2205
2774	2774	2237
2775	2775	2236
2776	2776	2200
2777	2777	2246
2778	2778	2235
2779	2779	2243
2780	2780	2229
2781	2781	2230
2782	2782	2249
2783	2783	2239
2784	2784	2204
2785	2785	2214
2786	2786	2235
2787	2787	2252
2788	2788	2232
2789	2789	2196
2790	2790	2234
2791	2791	2228
2792	2792	2227
2793	2793	2209
2794	2794	2238
2795	2795	2202
2796	2796	2208
2797	2797	2225
2798	2798	2233
2799	2799	2207
2800	2800	2194
2801	2801	2244
2802	2802	2219
2803	2803	2212
2804	2804	2195
2805	2805	2205
2806	2806	2251
2807	2807	2217
2808	2808	2222
2809	2809	2195
2810	2810	2224
2811	2811	2196
2812	2812	2211
2813	2813	2218
2814	2814	2238
2815	2815	2274
2816	2816	2215
2817	2817	2231
2818	2818	2224
2819	2819	2237
2820	2820	2227
2821	2821	2272
2822	2822	2228
2823	2823	2246
2824	2824	2234
2825	2825	2216
2826	2826	2226
2827	2827	2230
2828	2828	2216
2829	2829	2211
2830	2830	2227
2831	2831	2180
2832	2832	2225
2833	2833	2215
2834	2834	2210
2835	2835	2194
2836	2836	2241
2837	2837	2243
2838	2838	2208
2839	2839	2208
2840	2840	2192
2841	2841	2227
2842	2842	2209
2843	2843	2199
2844	2844	2239
2845	2845	2215
2846	2846	2191
2847	2847	2206
2848	2848	2209
2849	2849	2218
2850	2850	2197
2851	2851	2223
2852	2852	2223
2853	2853	2222
2854	2854	2224
2855	2855	2217
2856	2856	2214
2857	2857	2222
2858	2858	2261
2859	2859	2253
2860	2860	2201
2861	2861	2205
2862	2862	2204
2863	2863	2218
2864	2864	2229
2865	2865	2201
2866	2866	2221
2867	2867	2207
2868	2868	2206
2869	2869	2191
2870	2870	2231
2871	2871	2187
2872	2872	2211
2873	2873	2200
2874	2874	2216
2875	2875	2232
2876	2876	2220
2877	2877	2212
2878	2878	2216
2879	2879	2224
2880	2880	2242
2881	2881	2178
2882	2882	2198
2883	2883	2199
2884	2884	2199
2885	2885	2204
2886	2886	2205
2887	2887	2189
2888	2888	2212
2889	2889	2183
2890	2890	2203
2891	2891	2221
2892	2892	2212
2893	2893	2191
2894	2894	2164
2895	2895	2215
2896	2896	2190
2897	2897	2198
2898	2898	2196
2899	2899	2204
2900	2900	2195
2901	2901	2233
2902	2902	2174
2903	2903	2186
2904	2904	2219
2905	2905	2192
2906	2906	2213
2907	2907	2195
2908	2908	2175
2909	2909	2229
2910	2910	2196
2911	2911	2203
2912	2912	2164
2913	2913	2197
2914	2914	2191
2915	2915	2204
2916	2916	2184
2917	2917	2182
2918	2918	2175
2919	2919	2202
2920	2920	2183
2921	2921	2195
2922	2922	2164
2923	2923	2203
2924	2924	2195
2925	2925	2174
2926	2926	2177
2927	2927	2188
2928	2928	2189
2929	2929	2217
2930	2930	2212
2931	2931	2181
2932	2932	2212
2933	2933	2209
2934	2934	2232
2935	2935	2165
2936	2936	2205
2937	2937	2199
2938	2938	2194
2939	2939	2191
2940	2940	2219
2941	2941	2209
2942	2942	2184
2943	2943	2191
2944	2944	2189
2945	2945	2178
2946	2946	2199
2947	2947	2203
2948	2948	2200
2949	2949	2192
2950	2950	2216
2951	2951	2208
2952	2952	2207
2953	2953	2192
2954	2954	2208
2955	2955	2215
2956	2956	2207
2957	2957	2180
2958	2958	2203
2959	2959	2194
2960	2960	2185
2961	2961	2203
2962	2962	2189
2963	2963	2175
2964	2964	2204
2965	2965	2207
2966	2966	2216
2967	2967	2222
2968	2968	2210
2969	2969	2165
2970	2970	2205
2971	2971	2203
2972	2972	2189
2973	2973	2205
2974	2974	2187
2975	2975	2212
2976	2976	2195
2977	2977	2194
2978	2978	2201
2979	2979	2192
2980	2980	2187
2981	2981	2206
2982	2982	2194
2983	2983	2206
2984	2984	2176
2985	2985	2193
2986	2986	2199
2987	2987	2182
2988	2988	2203
2989	2989	2223
2990	2990	2190
2991	2991	2175
2992	2992	2186
2993	2993	2182
2994	2994	2178
2995	2995	2166
2996	2996	2174
2997	2997	2190
2998	2998	2172
2999	2999	2200
3000	3000	2180
3001	3001	2179
3002	3002	2160
3003	3003	2183
3004	3004	2183
3005	3005	2158
3006	3006	2183
3007	3007	2180
3008	3008	2222
3009	3009	2201
3010	3010	2194
3011	3011	2191
3012	3012	2214
3013	3013	2181
3014	3014	2163
3015	3015	2202
3016	3016	2207
3017	3017	2169
3018	3018	2169
3019	3019	2184
3020	3020	2201
3021	3021	2205
3022	3022	2195
3023	3023	2187
3024	3024	2177
3025	3025	2141
3026	3026	2194
3027	3027	2192
3028	3028	2189
3029	3029	2193
3030	3030	2211
3031	3031	2223
3032	3032	2197
3033	3033	2211
3034	3034	2172
3035	3035	2171
3036	3036	2184
3037	3037	2202
3038	3038	2178
3039	3039	2183
3040	3040	2200
3041	3041	2188
3042	3042	2159
3043	3043	2178
3044	3044	2202
3045	3045	2184
3046	3046	2172
3047	3047	2175
3048	3048	2194
3049	3049	2197
3050	3050	2216
3051	3051	2197
3052	3052	2202
3053	3053	2192
3054	3054	2200
3055	3055	2183
3056	3056	2188
3057	3057	2209
3058	3058	2196
3059	3059	2168
3060	3060	2171
3061	3061	2226
3062	3062	2150
3063	3063	2157
3064	3064	2190
3065	3065	2158
3066	3066	2201
3067	3067	2215
3068	3068	2174
3069	3069	2183
3070	3070	2156
3071	3071	2152
3072	3072	2167
3073	3073	2193
3074	3074	2172
3075	3075	2187
3076	3076	2173
3077	3077	2164
3078	3078	2167
3079	3079	2164
3080	3080	2202
3081	3081	2182
3082	3082	2179
3083	3083	2150
3084	3084	2124
3085	3085	2151
3086	3086	2194
3087	3087	2163
3088	3088	2173
3089	3089	2157
3090	3090	2145
3091	3091	2150
3092	3092	2163
3093	3093	2197
3094	3094	2173
3095	3095	2179
3096	3096	2157
3097	3097	2199
3098	3098	2170
3099	3099	2182
3100	3100	2186
3101	3101	2178
3102	3102	2152
3103	3103	2134
3104	3104	2163
3105	3105	2156
3106	3106	2139
3107	3107	2175
3108	3108	2163
3109	3109	2165
3110	3110	2186
3111	3111	2165
3112	3112	2173
3113	3113	2185
3114	3114	2179
3115	3115	2167
3116	3116	2170
3117	3117	2181
3118	3118	2175
3119	3119	2159
3120	3120	2157
3121	3121	2149
3122	3122	2157
3123	3123	2163
3124	3124	2185
3125	3125	2195
3126	3126	2159
3127	3127	2158
3128	3128	2175
3129	3129	2144
3130	3130	2189
3131	3131	2166
3132	3132	2181
3133	3133	2186
3134	3134	2142
3135	3135	2176
3136	3136	2173
3137	3137	2167
3138	3138	2161
3139	3139	2165
3140	3140	2165
3141	3141	2205
3142	3142	2185
3143	3143	2152
3144	3144	2147
3145	3145	2163
3146	3146	2199
3147	3147	2191
3148	3148	2184
3149	3149	2156
3150	3150	2185
3151	3151	2162
3152	3152	2171
3153	3153	2173
3154	3154	2194
3155	3155	2158
3156	3156	2166
3157	3157	2150
3158	3158	2190
3159	3159	2184
3160	3160	2182
3161	3161	2161
3162	3162	2177
3163	3163	2178
3164	3164	2177
3165	3165	2183
3166	3166	2177
3167	3167	2180
3168	3168	2167
3169	3169	2184
3170	3170	2191
3171	3171	2182
3172	3172	2181
3173	3173	2163
3174	3174	2197
3175	3175	2159
3176	3176	2182
3177	3177	2165
3178	3178	2190
3179	3179	2149
3180	3180	2170
3181	3181	2168
3182	3182	2184
3183	3183	2174
3184	3184	2189
3185	3185	2199
3186	3186	2211
3187	3187	2153
3188	3188	2182
3189	3189	2146
3190	3190	2185
3191	3191	2214
3192	3192	2166
3193	3193	2182
3194	3194	2184
3195	3195	2148
3196	3196	2152
3197	3197	2131
3198	3198	2177
3199	3199	2184
3200	3200	2164
3201	3201	2175
3202	3202	2185
3203	3203	2178
3204	3204	2194
3205	3205	2158
3206	3206	2173
3207	3207	2158
3208	3208	2163
3209	3209	2173
3210	3210	2186
3211	3211	2165
3212	3212	2182
3213	3213	2171
3214	3214	2171
3215	3215	2183
3216	3216	2142
3217	3217	2146
3218	3218	2150
3219	3219	2183
3220	3220	2154
3221	3221	2135
3222	3222	2191
3223	3223	2191
3224	3224	2152
3225	3225	2141
3226	3226	2168
3227	3227	2157
3228	3228	2157
3229	3229	2174
3230	3230	2171
3231	3231	2149
3232	3232	2143
3233	3233	2164
3234	3234	2140
3235	3235	2158
3236	3236	2153
3237	3237	2128
3238	3238	2138
3239	3239	2168
3240	3240	2133
3241	3241	2173
3242	3242	2115
3243	3243	2152
3244	3244	2173
3245	3245	2136
3246	3246	2177
3247	3247	2164
3248	3248	2104
3249	3249	2164
3250	3250	2154
3251	3251	2142
3252	3252	2138
3253	3253	2143
3254	3254	2160
3255	3255	2154
3256	3256	2156
3257	3257	2152
3258	3258	2172
3259	3259	2168
3260	3260	2164
3261	3261	2150
3262	3262	2162
3263	3263	2147
3264	3264	2110
3265	3265	2157
3266	3266	2134
3267	3267	2184
3268	3268	2142
3269	3269	2145
3270	3270	2148
3271	3271	2156
3272	3272	2140
3273	3273	2165
3274	3274	2137
3275	3275	2117
3276	3276	2151
3277	3277	2158
3278	3278	2131
3279	3279	2142
3280	3280	2134
3281	3281	2139
3282	3282	2150
3283	3283	2136
3284	3284	2126
3285	3285	2153
3286	3286	2144
3287	3287	2129
3288	3288	2140
3289	3289	2153
3290	3290	2166
3291	3291	2139
3292	3292	2142
3293	3293	2141
3294	3294	2149
3295	3295	2148
3296	3296	2119
3297	3297	2143
3298	3298	2139
3299	3299	2133
3300	3300	2132
3301	3301	2115
3302	3302	2116
3303	3303	2146
3304	3304	2140
3305	3305	2153
3306	3306	2128
3307	3307	2122
3308	3308	2113
3309	3309	2136
3310	3310	2136
3311	3311	2121
3312	3312	2148
3313	3313	2141
3314	3314	2141
3315	3315	2131
3316	3316	2140
3317	3317	2141
3318	3318	2143
3319	3319	2165
3320	3320	2141
3321	3321	2145
3322	3322	2177
3323	3323	2158
3324	3324	2118
3325	3325	2160
3326	3326	2154
3327	3327	2160
3328	3328	2139
3329	3329	2099
3330	3330	2146
3331	3331	2144
3332	3332	2127
3333	3333	2168
3334	3334	2142
3335	3335	2136
3336	3336	2123
3337	3337	2123
3338	3338	2119
3339	3339	2125
3340	3340	2147
3341	3341	2142
3342	3342	2144
3343	3343	2144
3344	3344	2134
3345	3345	2120
3346	3346	2140
3347	3347	2135
3348	3348	2127
3349	3349	2121
3350	3350	2117
3351	3351	2148
3352	3352	2114
3353	3353	2138
3354	3354	2101
3355	3355	2100
3356	3356	2115
3357	3357	2140
3358	3358	2143
3359	3359	2119
3360	3360	2123
3361	3361	2151
3362	3362	2124
3363	3363	2120
3364	3364	2135
3365	3365	2130
3366	3366	2125
3367	3367	2146
3368	3368	2117
3369	3369	2131
3370	3370	2136
3371	3371	2145
3372	3372	2141
3373	3373	2127
3374	3374	2110
3375	3375	2129
3376	3376	2125
3377	3377	2135
3378	3378	2128
3379	3379	2131
3380	3380	2128
3381	3381	2114
3382	3382	2114
3383	3383	2113
3384	3384	2158
3385	3385	2125
3386	3386	2102
3387	3387	2117
3388	3388	2146
3389	3389	2150
3390	3390	2119
3391	3391	2144
3392	3392	2145
3393	3393	2158
3394	3394	2115
3395	3395	2139
3396	3396	2103
3397	3397	2093
3398	3398	2121
3399	3399	2136
3400	3400	2142
3401	3401	2118
3402	3402	2110
3403	3403	2145
3404	3404	2180
3405	3405	2119
3406	3406	2151
3407	3407	2119
3408	3408	2127
3409	3409	2118
3410	3410	2123
3411	3411	2134
3412	3412	2135
3413	3413	2109
3414	3414	2134
3415	3415	2141
3416	3416	2121
3417	3417	2163
3418	3418	2166
3419	3419	2132
3420	3420	2143
3421	3421	2127
3422	3422	2118
3423	3423	2111
3424	3424	2120
3425	3425	2156
3426	3426	2144
3427	3427	2119
3428	3428	2144
3429	3429	2120
3430	3430	2134
3431	3431	2114
3432	3432	2097
3433	3433	2105
3434	3434	2144
3435	3435	2139
3436	3436	2136
3437	3437	2146
3438	3438	2146
3439	3439	2116
3440	3440	2157
3441	3441	2142
3442	3442	2130
3443	3443	2111
3444	3444	2129
3445	3445	2132
3446	3446	2145
3447	3447	2132
3448	3448	2114
3449	3449	2142
3450	3450	2106
3451	3451	2130
3452	3452	2129
3453	3453	2115
3454	3454	2139
3455	3455	2125
3456	3456	2128
3457	3457	2120
3458	3458	2118
3459	3459	2118
3460	3460	2099
3461	3461	2133
3462	3462	2088
3463	3463	2114
3464	3464	2114
3465	3465	2122
3466	3466	2116
3467	3467	2127
3468	3468	2123
3469	3469	2137
3470	3470	2096
3471	3471	2096
3472	3472	2130
3473	3473	2130
3474	3474	2131
3475	3475	2128
3476	3476	2094
3477	3477	2101
3478	3478	2094
3479	3479	2125
3480	3480	2148
3481	3481	2111
3482	3482	2141
3483	3483	2097
3484	3484	2091
3485	3485	2091
3486	3486	2093
3487	3487	2116
3488	3488	2098
3489	3489	2081
3490	3490	2121
3491	3491	2090
3492	3492	2098
3493	3493	2109
3494	3494	2082
3495	3495	2100
3496	3496	2108
3497	3497	2112
3498	3498	2134
3499	3499	2133
3500	3500	2118
3501	3501	2103
3502	3502	2080
3503	3503	2116
3504	3504	2089
3505	3505	2108
3506	3506	2113
3507	3507	2103
3508	3508	2110
3509	3509	2145
3510	3510	2134
3511	3511	2096
3512	3512	2079
3513	3513	2115
3514	3514	2072
3515	3515	2120
3516	3516	2119
3517	3517	2101
3518	3518	2109
3519	3519	2111
3520	3520	2100
3521	3521	2086
3522	3522	2084
3523	3523	2108
3524	3524	2083
3525	3525	2076
3526	3526	2100
3527	3527	2075
3528	3528	2078
3529	3529	2105
3530	3530	2090
3531	3531	2114
3532	3532	2116
3533	3533	2098
3534	3534	2096
3535	3535	2117
3536	3536	2118
3537	3537	2105
3538	3538	2095
3539	3539	2086
3540	3540	2101
3541	3541	2086
3542	3542	2090
3543	3543	2075
3544	3544	2123
3545	3545	2109
3546	3546	2093
3547	3547	2082
3548	3548	2080
3549	3549	2097
3550	3550	2114
3551	3551	2097
3552	3552	2064
3553	3553	2093
3554	3554	2107
3555	3555	2081
3556	3556	2091
3557	3557	2120
3558	3558	2095
3559	3559	2088
3560	3560	2096
3561	3561	2108
3562	3562	2086
3563	3563	2081
3564	3564	2095
3565	3565	2069
3566	3566	2107
3567	3567	2091
3568	3568	2087
3569	3569	2097
3570	3570	2092
3571	3571	2072
3572	3572	2070
3573	3573	2070
3574	3574	2067
3575	3575	2101
3576	3576	2094
3577	3577	2078
3578	3578	2084
3579	3579	2087
3580	3580	2094
3581	3581	2089
3582	3582	2104
3583	3583	2119
3584	3584	2087
3585	3585	2093
3586	3586	2095
3587	3587	2072
3588	3588	2079
3589	3589	2086
3590	3590	2078
3591	3591	2083
3592	3592	2106
3593	3593	2087
3594	3594	2099
3595	3595	2090
3596	3596	2088
3597	3597	2086
3598	3598	2069
3599	3599	2076
3600	3600	2061
3601	3601	2104
3602	3602	2092
3603	3603	2076
3604	3604	2064
3605	3605	2108
3606	3606	2083
3607	3607	2100
3608	3608	2089
3609	3609	2094
3610	3610	2100
3611	3611	2096
3612	3612	2111
3613	3613	2074
3614	3614	2054
3615	3615	2102
3616	3616	2065
3617	3617	2070
3618	3618	2102
3619	3619	2073
3620	3620	2074
3621	3621	2086
3622	3622	2073
3623	3623	2081
