 	slice	peaks
1	1	36481
2	2	36507
3	3	36466
4	4	36451
5	5	36446
6	6	36477
7	7	36382
8	8	36469
9	9	36396
10	10	36415
11	11	36395
12	12	36440
13	13	36391
14	14	36434
15	15	36363
16	16	36435
17	17	36433
18	18	36453
19	19	36464
20	20	36426
21	21	36448
22	22	36445
23	23	36458
24	24	36481
25	25	36534
26	26	36482
27	27	36527
28	28	36512
29	29	36440
30	30	36451
31	31	36446
32	32	36432
33	33	36452
34	34	36453
35	35	36295
36	36	36346
37	37	36402
38	38	36442
39	39	36403
40	40	36424
41	41	36416
42	42	36403
43	43	36344
44	44	36388
45	45	36402
46	46	36374
47	47	36495
48	48	36436
49	49	36409
50	50	36371
51	51	36423
52	52	36439
53	53	36424
54	54	36402
55	55	36426
56	56	36374
57	57	36436
58	58	36394
59	59	36372
60	60	36413
61	61	36425
62	62	36379
63	63	36378
64	64	36373
65	65	36436
66	66	36395
67	67	36422
68	68	36431
69	69	36336
70	70	36395
71	71	36305
72	72	36394
73	73	36382
74	74	36416
75	75	36420
76	76	36356
77	77	36437
78	78	36408
79	79	36532
80	80	36571
81	81	36541
82	82	36598
83	83	36562
84	84	36543
85	85	36543
86	86	36535
87	87	36531
88	88	36522
89	89	36473
90	90	36484
91	91	36512
92	92	36460
93	93	36486
94	94	36453
95	95	36504
96	96	36513
97	97	36518
98	98	36444
99	99	36438
100	100	36397
101	101	36381
102	102	36509
103	103	36387
104	104	36360
105	105	36383
106	106	36334
107	107	36399
108	108	36408
109	109	36397
110	110	36405
111	111	36394
112	112	36410
113	113	36361
114	114	36419
115	115	36435
116	116	36388
117	117	36349
118	118	36403
119	119	36446
120	120	36397
121	121	36432
122	122	36367
123	123	36381
124	124	36369
125	125	36284
126	126	36333
127	127	36316
128	128	36265
129	129	36300
130	130	36329
131	131	36395
132	132	36261
133	133	36330
134	134	36302
135	135	36405
136	136	36403
137	137	36455
138	138	36395
139	139	36328
140	140	36391
141	141	36355
142	142	36432
143	143	36377
144	144	36398
145	145	36372
146	146	36423
147	147	36360
148	148	36404
149	149	36350
150	150	36430
151	151	36386
152	152	36458
153	153	36389
154	154	36402
155	155	36437
156	156	36393
157	157	36357
158	158	36420
159	159	36362
160	160	36404
161	161	36346
162	162	36362
163	163	36442
164	164	36372
165	165	36386
166	166	36370
167	167	36320
168	168	36318
169	169	36412
170	170	36387
171	171	36314
172	172	36317
173	173	36328
174	174	36384
175	175	36353
176	176	36420
177	177	36354
178	178	36294
179	179	36359
180	180	36287
181	181	36284
182	182	36492
183	183	36349
184	184	36319
185	185	36384
186	186	36372
187	187	36287
188	188	36348
189	189	36351
190	190	36321
191	191	36304
192	192	36229
193	193	36205
194	194	36319
195	195	36353
196	196	36304
197	197	36293
198	198	36203
199	199	36266
200	200	36223
201	201	36256
202	202	36254
203	203	36304
204	204	36241
205	205	36298
206	206	36332
207	207	36322
208	208	36309
209	209	36265
210	210	36312
211	211	36342
212	212	36231
213	213	36212
214	214	36236
215	215	36265
216	216	36281
217	217	36239
218	218	36267
219	219	36270
220	220	36262
221	221	36235
222	222	36321
223	223	36223
224	224	36285
225	225	36279
226	226	36275
227	227	36294
228	228	36269
229	229	36287
230	230	36282
231	231	36316
232	232	36352
233	233	36247
234	234	36313
235	235	36309
236	236	36277
237	237	36204
238	238	36378
239	239	36273
240	240	36343
241	241	36313
242	242	36207
243	243	36242
244	244	36305
245	245	36216
246	246	36235
247	247	36282
248	248	36269
249	249	36293
250	250	36248
251	251	36266
252	252	36271
253	253	36303
254	254	36229
255	255	36249
256	256	36340
257	257	36265
258	258	36290
259	259	36257
260	260	36300
261	261	36295
262	262	36266
263	263	36314
264	264	36255
265	265	36223
266	266	36281
267	267	36208
268	268	36296
269	269	36313
270	270	36278
271	271	36219
272	272	36316
273	273	36288
274	274	36368
275	275	36262
276	276	36238
277	277	36268
278	278	36200
279	279	36240
280	280	36217
281	281	36270
282	282	36309
283	283	36314
284	284	36325
285	285	36204
286	286	36290
287	287	36286
288	288	36257
289	289	36297
290	290	36286
291	291	36267
292	292	36191
293	293	36223
294	294	36220
295	295	36267
296	296	36228
297	297	36234
298	298	36238
299	299	36242
300	300	36211
301	301	36228
302	302	36265
303	303	36215
304	304	36226
305	305	36223
306	306	36224
307	307	36243
308	308	36183
309	309	36248
310	310	36178
311	311	36234
312	312	36215
313	313	36135
314	314	36164
315	315	36186
316	316	36164
317	317	36190
318	318	36187
319	319	36285
320	320	36240
321	321	36224
322	322	36237
323	323	36212
324	324	36214
325	325	36196
326	326	36172
327	327	36174
328	328	36196
329	329	36180
330	330	36168
331	331	36193
332	332	36174
333	333	36183
334	334	36203
335	335	36185
336	336	36165
337	337	36191
338	338	36119
339	339	36224
340	340	36147
341	341	36161
342	342	36185
343	343	36138
344	344	36129
345	345	36152
346	346	36164
347	347	36142
348	348	36116
349	349	36159
350	350	36145
351	351	36206
352	352	36207
353	353	36171
354	354	36142
355	355	36167
356	356	36071
357	357	36184
358	358	36171
359	359	36186
360	360	36126
361	361	36138
362	362	36174
363	363	36072
364	364	36131
365	365	36103
366	366	36127
367	367	36198
368	368	36172
369	369	36159
370	370	36186
371	371	36117
372	372	36174
373	373	36174
374	374	36177
375	375	36144
376	376	36174
377	377	36165
378	378	36188
379	379	36122
380	380	36151
381	381	36172
382	382	36132
383	383	36203
384	384	36131
385	385	36189
386	386	36185
387	387	36107
388	388	36144
389	389	36216
390	390	36210
391	391	36123
392	392	36109
393	393	36121
394	394	36224
395	395	36147
396	396	36166
397	397	36075
398	398	36155
399	399	36072
400	400	36127
401	401	36128
402	402	36162
403	403	36125
404	404	36048
405	405	36111
406	406	36155
407	407	36092
408	408	36139
409	409	36197
410	410	36128
411	411	36097
412	412	36146
413	413	36148
414	414	36146
415	415	36170
416	416	36180
417	417	36080
418	418	36145
419	419	36137
420	420	36083
421	421	36090
422	422	36088
423	423	36155
424	424	36129
425	425	36055
426	426	36075
427	427	36083
428	428	36133
429	429	36166
430	430	36050
431	431	36181
432	432	36058
433	433	36111
434	434	36120
435	435	36150
436	436	36159
437	437	36156
438	438	36122
439	439	36098
440	440	36097
441	441	35980
442	442	36060
443	443	36093
444	444	36074
445	445	36117
446	446	36104
447	447	36167
448	448	36051
449	449	36148
450	450	36058
451	451	36201
452	452	36145
453	453	36136
454	454	36123
455	455	36144
456	456	36105
457	457	36093
458	458	36012
459	459	36098
460	460	36064
461	461	36081
462	462	36074
463	463	36079
464	464	36058
465	465	36057
466	466	36134
467	467	36153
468	468	36108
469	469	36144
470	470	36056
471	471	36127
472	472	36080
473	473	36094
474	474	36198
475	475	36146
476	476	36089
477	477	36037
478	478	36088
479	479	36013
480	480	36090
481	481	36058
482	482	36136
483	483	36115
484	484	36068
485	485	36098
486	486	36033
487	487	36106
488	488	36137
489	489	36132
490	490	36115
491	491	36136
492	492	36065
493	493	36166
494	494	36117
495	495	36134
496	496	36084
497	497	36052
498	498	36128
499	499	36048
500	500	36077
501	501	36115
502	502	36013
503	503	36061
504	504	36095
505	505	36074
506	506	36158
507	507	36090
508	508	36079
509	509	36052
510	510	36054
511	511	36053
512	512	36148
513	513	36126
514	514	36090
515	515	36082
516	516	36090
517	517	36030
518	518	36061
519	519	36014
520	520	35966
521	521	35993
522	522	36042
523	523	36023
524	524	36026
525	525	36056
526	526	36031
527	527	35980
528	528	35993
529	529	36005
530	530	36049
531	531	36066
532	532	36084
533	533	36004
534	534	36010
535	535	35978
536	536	36015
537	537	36013
538	538	35995
539	539	35986
540	540	35989
541	541	35983
542	542	35995
543	543	36016
544	544	35965
545	545	35993
546	546	35905
547	547	35981
548	548	35874
549	549	35913
550	550	35935
551	551	36007
552	552	36044
553	553	35966
554	554	35909
555	555	35923
556	556	35934
557	557	35989
558	558	35985
559	559	36023
560	560	36054
561	561	36031
562	562	35952
563	563	36011
564	564	36017
565	565	35990
566	566	35994
567	567	36028
568	568	35982
569	569	36030
570	570	35969
571	571	35964
572	572	35927
573	573	36065
574	574	36028
575	575	36101
576	576	36031
577	577	36008
578	578	36078
579	579	36002
580	580	36026
581	581	36051
582	582	36046
583	583	35968
584	584	35992
585	585	35969
586	586	35984
587	587	36020
588	588	35905
589	589	36015
590	590	35953
591	591	35943
592	592	35956
593	593	36037
594	594	35999
595	595	35984
596	596	35973
597	597	35994
598	598	35977
599	599	35920
600	600	36027
601	601	35985
602	602	35938
603	603	35916
604	604	35936
605	605	35938
606	606	36006
607	607	35995
608	608	36023
609	609	36011
610	610	36028
611	611	35984
612	612	36008
613	613	36068
614	614	36009
615	615	36021
616	616	35947
617	617	36011
618	618	35970
619	619	35936
620	620	35973
621	621	35969
622	622	35949
623	623	35989
624	624	36011
625	625	35944
626	626	35929
627	627	35919
628	628	35901
629	629	35918
630	630	36035
631	631	35986
632	632	36001
633	633	35951
634	634	35928
635	635	35940
636	636	35985
637	637	36007
638	638	35872
639	639	35921
640	640	35894
641	641	35956
642	642	35915
643	643	35943
644	644	36015
645	645	35971
646	646	36030
647	647	35951
648	648	35949
649	649	35932
650	650	35933
651	651	35955
652	652	35979
653	653	35922
654	654	36017
655	655	35956
656	656	35961
657	657	35958
658	658	35978
659	659	35977
660	660	35925
661	661	35937
662	662	35886
663	663	35941
664	664	35858
665	665	35950
666	666	35911
667	667	35916
668	668	35896
669	669	35913
670	670	35895
671	671	35923
672	672	35881
673	673	35955
674	674	35970
675	675	35938
676	676	35900
677	677	35946
678	678	35918
679	679	35823
680	680	35851
681	681	35920
682	682	35891
683	683	35862
684	684	35837
685	685	35851
686	686	35856
687	687	35890
688	688	35993
689	689	35944
690	690	35911
691	691	35959
692	692	35990
693	693	35940
694	694	35955
695	695	35926
696	696	35986
697	697	35976
698	698	35966
699	699	35869
700	700	35876
701	701	35931
702	702	35959
703	703	35955
704	704	35923
705	705	35846
706	706	35936
707	707	35819
708	708	35856
709	709	35863
710	710	35931
711	711	35898
712	712	35871
713	713	35900
714	714	35931
715	715	35917
716	716	35898
717	717	35979
718	718	35922
719	719	35898
720	720	35912
721	721	35990
722	722	35966
723	723	35970
724	724	35915
725	725	35919
726	726	35876
727	727	35956
728	728	35871
729	729	35876
730	730	35937
731	731	35921
732	732	35979
733	733	35859
734	734	35894
735	735	35933
736	736	35936
737	737	35930
738	738	35918
739	739	35876
740	740	35836
741	741	35836
742	742	35894
743	743	35956
744	744	35929
745	745	35940
746	746	35946
747	747	35898
748	748	35901
749	749	35925
750	750	35878
751	751	35889
752	752	35940
753	753	35881
754	754	35931
755	755	35927
756	756	35905
757	757	35913
758	758	35842
759	759	35891
760	760	35906
761	761	35906
762	762	35809
763	763	35775
764	764	35910
765	765	35896
766	766	35866
767	767	35875
768	768	35880
769	769	35857
770	770	35869
771	771	35856
772	772	35863
773	773	35913
774	774	35934
775	775	35915
776	776	35879
777	777	35906
778	778	35892
779	779	35884
780	780	35974
781	781	35952
782	782	35923
783	783	35891
784	784	35878
785	785	35860
786	786	35866
787	787	35850
788	788	35847
789	789	35839
790	790	35891
791	791	35780
792	792	35818
793	793	35819
794	794	35873
795	795	35820
796	796	35842
797	797	35847
798	798	35857
799	799	35895
800	800	35821
801	801	35887
802	802	35773
803	803	35848
804	804	35821
805	805	35861
806	806	35906
807	807	35957
808	808	35911
809	809	35958
810	810	35863
811	811	35803
812	812	35870
813	813	35783
814	814	35790
815	815	35869
816	816	35789
817	817	35840
818	818	35896
819	819	35891
820	820	35847
821	821	35856
822	822	35851
823	823	35832
824	824	35917
825	825	35742
826	826	35817
827	827	35809
828	828	35833
829	829	35835
830	830	35829
831	831	35895
832	832	35799
833	833	35855
834	834	35866
835	835	35837
836	836	35875
837	837	35830
838	838	35808
839	839	35843
840	840	35830
841	841	35830
842	842	35794
843	843	35881
844	844	35874
845	845	35913
846	846	35909
847	847	35875
848	848	35780
849	849	35767
850	850	35810
851	851	35819
852	852	35837
853	853	35911
854	854	35835
855	855	35748
856	856	35853
857	857	35815
858	858	35830
859	859	35902
860	860	35865
861	861	35795
862	862	35862
863	863	35828
864	864	35869
865	865	35772
866	866	35849
867	867	35872
868	868	35830
869	869	35823
870	870	35865
871	871	35790
872	872	35795
873	873	35841
874	874	35862
875	875	35788
876	876	35793
877	877	35840
878	878	35825
879	879	35785
880	880	35763
881	881	35773
882	882	35781
883	883	35787
884	884	35746
885	885	35706
886	886	35819
887	887	35804
888	888	35838
889	889	35819
890	890	35824
891	891	35808
892	892	35798
893	893	35825
894	894	35862
895	895	35855
896	896	35806
897	897	35770
898	898	35812
899	899	35761
900	900	35755
901	901	35736
902	902	35797
903	903	35746
904	904	35749
905	905	35714
906	906	35760
907	907	35783
908	908	35752
909	909	35783
910	910	35758
911	911	35793
912	912	35834
913	913	35806
914	914	35838
915	915	35863
916	916	35800
917	917	35800
918	918	35798
919	919	35741
920	920	35824
921	921	35815
922	922	35775
923	923	35748
924	924	35803
925	925	35728
926	926	35654
927	927	35767
928	928	35781
929	929	35822
930	930	35740
931	931	35757
932	932	35756
933	933	35724
934	934	35734
935	935	35737
936	936	35844
937	937	35733
938	938	35800
939	939	35695
940	940	35769
941	941	35762
942	942	35792
943	943	35761
944	944	35768
945	945	35758
946	946	35736
947	947	35771
948	948	35698
949	949	35737
950	950	35757
951	951	35759
952	952	35755
953	953	35742
954	954	35760
955	955	35736
956	956	35682
957	957	35718
958	958	35730
959	959	35651
960	960	35687
961	961	35704
962	962	35686
963	963	35707
964	964	35680
965	965	35757
966	966	35746
967	967	35680
968	968	35752
969	969	35699
970	970	35717
971	971	35680
972	972	35720
973	973	35738
974	974	35689
975	975	35721
976	976	35714
977	977	35720
978	978	35704
979	979	35693
980	980	35705
981	981	35748
982	982	35760
983	983	35706
984	984	35731
985	985	35676
986	986	35716
987	987	35773
988	988	35732
989	989	35738
990	990	35754
991	991	35765
992	992	35743
993	993	35690
994	994	35678
995	995	35704
996	996	35790
997	997	35691
998	998	35757
999	999	35754
1000	1000	35818
1001	1001	35810
1002	1002	35764
1003	1003	35741
1004	1004	35638
1005	1005	35730
1006	1006	35714
1007	1007	35721
1008	1008	35728
1009	1009	35744
1010	1010	35731
1011	1011	35743
1012	1012	35681
1013	1013	35755
1014	1014	35631
1015	1015	35677
1016	1016	35700
1017	1017	35670
1018	1018	35654
1019	1019	35724
1020	1020	35701
1021	1021	35751
1022	1022	35721
1023	1023	35756
1024	1024	35748
1025	1025	35747
1026	1026	35688
1027	1027	35677
1028	1028	35697
1029	1029	35713
1030	1030	35659
1031	1031	35702
1032	1032	35718
1033	1033	35721
1034	1034	35720
1035	1035	35702
1036	1036	35668
1037	1037	35727
1038	1038	35634
1039	1039	35668
1040	1040	35729
1041	1041	35648
1042	1042	35646
1043	1043	35696
1044	1044	35691
1045	1045	35674
1046	1046	35654
1047	1047	35649
1048	1048	35732
1049	1049	35765
1050	1050	35660
1051	1051	35745
1052	1052	35682
1053	1053	35692
1054	1054	35711
1055	1055	35734
1056	1056	35725
1057	1057	35706
1058	1058	35658
1059	1059	35661
1060	1060	35722
1061	1061	35681
1062	1062	35677
1063	1063	35686
1064	1064	35722
1065	1065	35707
1066	1066	35677
1067	1067	35749
1068	1068	35739
1069	1069	35682
1070	1070	35693
1071	1071	35582
1072	1072	35723
1073	1073	35691
1074	1074	35688
1075	1075	35606
1076	1076	35614
1077	1077	35596
1078	1078	35658
1079	1079	35680
1080	1080	35744
1081	1081	35700
1082	1082	35766
1083	1083	35746
1084	1084	35712
1085	1085	35675
1086	1086	35632
1087	1087	35721
1088	1088	35675
1089	1089	35667
1090	1090	35660
1091	1091	35629
1092	1092	35681
1093	1093	35695
1094	1094	35677
1095	1095	35717
1096	1096	35672
1097	1097	35646
1098	1098	35639
1099	1099	35633
1100	1100	35680
1101	1101	35662
1102	1102	35750
1103	1103	35786
1104	1104	35735
1105	1105	35614
1106	1106	35674
1107	1107	35686
1108	1108	35678
1109	1109	35629
1110	1110	35651
1111	1111	35677
1112	1112	35616
1113	1113	35614
1114	1114	35672
1115	1115	35607
1116	1116	35624
1117	1117	35667
1118	1118	35660
1119	1119	35638
1120	1120	35620
1121	1121	35650
1122	1122	35641
1123	1123	35636
1124	1124	35641
1125	1125	35582
1126	1126	35640
1127	1127	35643
1128	1128	35661
1129	1129	35638
1130	1130	35642
1131	1131	35652
1132	1132	35646
1133	1133	35618
1134	1134	35649
1135	1135	35670
1136	1136	35646
1137	1137	35709
1138	1138	35660
1139	1139	35601
1140	1140	35580
1141	1141	35599
1142	1142	35610
1143	1143	35677
1144	1144	35582
1145	1145	35651
1146	1146	35581
1147	1147	35556
1148	1148	35593
1149	1149	35559
1150	1150	35615
1151	1151	35540
1152	1152	35512
1153	1153	35635
1154	1154	35614
1155	1155	35603
1156	1156	35626
1157	1157	35611
1158	1158	35590
1159	1159	35628
1160	1160	35614
1161	1161	35608
1162	1162	35504
1163	1163	35610
1164	1164	35558
1165	1165	35543
1166	1166	35623
1167	1167	35602
1168	1168	35570
1169	1169	35556
1170	1170	35574
1171	1171	35544
1172	1172	35541
1173	1173	35573
1174	1174	35553
1175	1175	35546
1176	1176	35609
1177	1177	35630
1178	1178	35616
1179	1179	35633
1180	1180	35673
1181	1181	35634
1182	1182	35569
1183	1183	35575
1184	1184	35556
1185	1185	35546
1186	1186	35443
1187	1187	35519
1188	1188	35498
1189	1189	35569
1190	1190	35559
1191	1191	35546
1192	1192	35548
1193	1193	35547
1194	1194	35589
1195	1195	35522
1196	1196	35597
1197	1197	35564
1198	1198	35588
1199	1199	35540
1200	1200	35597
1201	1201	35653
1202	1202	35570
1203	1203	35592
1204	1204	35574
1205	1205	35587
1206	1206	35551
1207	1207	35528
1208	1208	35643
1209	1209	35585
1210	1210	35642
1211	1211	35588
1212	1212	35602
1213	1213	35535
1214	1214	35485
1215	1215	35578
1216	1216	35580
1217	1217	35586
1218	1218	35526
1219	1219	35576
1220	1220	35506
1221	1221	35539
1222	1222	35523
1223	1223	35621
1224	1224	35524
1225	1225	35523
1226	1226	35487
1227	1227	35462
1228	1228	35497
1229	1229	35487
1230	1230	35483
1231	1231	35529
1232	1232	35558
1233	1233	35541
1234	1234	35572
1235	1235	35576
1236	1236	35449
1237	1237	35552
1238	1238	35440
1239	1239	35455
1240	1240	35415
1241	1241	35463
1242	1242	35414
1243	1243	35410
1244	1244	35490
1245	1245	35488
1246	1246	35432
1247	1247	35436
1248	1248	35525
1249	1249	35567
1250	1250	35442
1251	1251	35472
1252	1252	35539
1253	1253	35514
1254	1254	35572
1255	1255	35512
1256	1256	35558
1257	1257	35543
1258	1258	35565
1259	1259	35525
1260	1260	35562
1261	1261	35524
1262	1262	35460
1263	1263	35447
1264	1264	35469
1265	1265	35454
1266	1266	35438
1267	1267	35478
1268	1268	35458
1269	1269	35433
1270	1270	35398
1271	1271	35537
1272	1272	35522
1273	1273	35496
1274	1274	35534
1275	1275	35503
1276	1276	35553
1277	1277	35523
1278	1278	35542
1279	1279	35543
1280	1280	35554
1281	1281	35534
1282	1282	35512
1283	1283	35505
1284	1284	35542
1285	1285	35536
1286	1286	35493
1287	1287	35456
1288	1288	35545
1289	1289	35561
1290	1290	35574
1291	1291	35562
1292	1292	35486
1293	1293	35511
1294	1294	35489
1295	1295	35499
1296	1296	35500
1297	1297	35422
1298	1298	35446
1299	1299	35503
1300	1300	35525
1301	1301	35494
1302	1302	35540
1303	1303	35563
1304	1304	35480
1305	1305	35491
1306	1306	35456
1307	1307	35538
1308	1308	35596
1309	1309	35538
1310	1310	35544
1311	1311	35555
1312	1312	35579
1313	1313	35572
1314	1314	35572
1315	1315	35567
1316	1316	35614
1317	1317	35526
1318	1318	35524
1319	1319	35529
1320	1320	35474
1321	1321	35532
1322	1322	35554
1323	1323	35500
1324	1324	35478
1325	1325	35509
1326	1326	35545
1327	1327	35495
1328	1328	35474
1329	1329	35549
1330	1330	35559
1331	1331	35571
1332	1332	35571
1333	1333	35571
1334	1334	35525
1335	1335	35384
1336	1336	35347
1337	1337	35354
1338	1338	35426
1339	1339	35502
1340	1340	35481
1341	1341	35508
1342	1342	35483
1343	1343	35521
1344	1344	35497
1345	1345	35486
1346	1346	35483
1347	1347	35510
1348	1348	35485
1349	1349	35422
1350	1350	35517
1351	1351	35546
1352	1352	35521
1353	1353	35539
1354	1354	35537
1355	1355	35489
1356	1356	35504
1357	1357	35463
1358	1358	35455
1359	1359	35451
1360	1360	35494
1361	1361	35505
1362	1362	35465
1363	1363	35332
1364	1364	35510
1365	1365	35429
1366	1366	35428
1367	1367	35538
1368	1368	35434
1369	1369	35451
1370	1370	35479
1371	1371	35491
1372	1372	35468
1373	1373	35475
1374	1374	35535
1375	1375	35409
1376	1376	35489
1377	1377	35479
1378	1378	35480
1379	1379	35504
1380	1380	35569
1381	1381	35505
1382	1382	35561
1383	1383	35518
1384	1384	35519
1385	1385	35571
1386	1386	35474
1387	1387	35537
1388	1388	35486
1389	1389	35454
1390	1390	35506
1391	1391	35597
1392	1392	35484
1393	1393	35538
1394	1394	35531
1395	1395	35516
1396	1396	35450
1397	1397	35519
1398	1398	35432
1399	1399	35514
1400	1400	35498
1401	1401	35506
1402	1402	35550
1403	1403	35526
1404	1404	35566
1405	1405	35504
1406	1406	35514
1407	1407	35508
1408	1408	35492
1409	1409	35546
1410	1410	35457
1411	1411	35504
1412	1412	35427
1413	1413	35501
1414	1414	35550
1415	1415	35462
1416	1416	35437
1417	1417	35449
1418	1418	35445
1419	1419	35394
1420	1420	35425
1421	1421	35448
1422	1422	35468
1423	1423	35438
1424	1424	35514
1425	1425	35503
1426	1426	35484
1427	1427	35474
1428	1428	35438
1429	1429	35420
1430	1430	35453
1431	1431	35435
1432	1432	35383
1433	1433	35407
1434	1434	35395
1435	1435	35439
1436	1436	35418
1437	1437	35458
1438	1438	35347
1439	1439	35477
1440	1440	35393
1441	1441	35413
1442	1442	35403
1443	1443	35431
1444	1444	35454
1445	1445	35450
1446	1446	35440
1447	1447	35494
1448	1448	35443
1449	1449	35366
1450	1450	35384
1451	1451	35426
1452	1452	35421
1453	1453	35376
1454	1454	35406
1455	1455	35399
1456	1456	35495
1457	1457	35424
1458	1458	35391
1459	1459	35379
1460	1460	35440
1461	1461	35446
1462	1462	35385
1463	1463	35440
1464	1464	35426
1465	1465	35403
1466	1466	35444
1467	1467	35394
1468	1468	35431
1469	1469	35407
1470	1470	35423
1471	1471	35407
1472	1472	35366
1473	1473	35505
1474	1474	35390
1475	1475	35390
1476	1476	35403
1477	1477	35399
1478	1478	35481
1479	1479	35459
1480	1480	35558
1481	1481	35430
1482	1482	35501
1483	1483	35488
1484	1484	35443
1485	1485	35359
1486	1486	35400
1487	1487	35368
1488	1488	35428
1489	1489	35396
1490	1490	35366
1491	1491	35369
1492	1492	35376
1493	1493	35409
1494	1494	35375
1495	1495	35374
1496	1496	35356
1497	1497	35432
1498	1498	35356
1499	1499	35381
1500	1500	35332
1501	1501	35336
1502	1502	35373
1503	1503	35350
1504	1504	35299
1505	1505	35358
1506	1506	35339
1507	1507	35438
1508	1508	35349
1509	1509	35447
1510	1510	35386
1511	1511	35380
1512	1512	35377
1513	1513	35427
1514	1514	35398
1515	1515	35399
1516	1516	35407
1517	1517	35360
1518	1518	35394
1519	1519	35315
1520	1520	35413
1521	1521	35299
1522	1522	35395
1523	1523	35405
1524	1524	35355
1525	1525	35314
1526	1526	35395
1527	1527	35347
1528	1528	35338
1529	1529	35388
1530	1530	35377
1531	1531	35349
1532	1532	35368
1533	1533	35273
1534	1534	35354
1535	1535	35351
1536	1536	35344
1537	1537	35310
1538	1538	35329
1539	1539	35345
1540	1540	35316
1541	1541	35321
1542	1542	35379
1543	1543	35376
1544	1544	35451
1545	1545	35388
1546	1546	35399
1547	1547	35389
1548	1548	35425
1549	1549	35406
1550	1550	35359
1551	1551	35334
1552	1552	35330
1553	1553	35356
1554	1554	35327
1555	1555	35400
1556	1556	35392
1557	1557	35390
1558	1558	35326
1559	1559	35312
1560	1560	35332
1561	1561	35419
1562	1562	35349
1563	1563	35333
1564	1564	35388
1565	1565	35430
1566	1566	35403
1567	1567	35432
1568	1568	35348
1569	1569	35439
1570	1570	35396
1571	1571	35453
1572	1572	35421
1573	1573	35417
1574	1574	35434
1575	1575	35400
1576	1576	35323
1577	1577	35431
1578	1578	35385
1579	1579	35389
1580	1580	35413
1581	1581	35406
1582	1582	35393
1583	1583	35386
1584	1584	35411
1585	1585	35318
1586	1586	35385
1587	1587	35373
1588	1588	35333
1589	1589	35351
1590	1590	35351
1591	1591	35294
1592	1592	35322
1593	1593	35319
1594	1594	35370
1595	1595	35372
1596	1596	35287
1597	1597	35309
1598	1598	35296
1599	1599	35385
1600	1600	35357
1601	1601	35354
1602	1602	35406
1603	1603	35391
1604	1604	35289
1605	1605	35368
1606	1606	35373
1607	1607	35405
1608	1608	35399
1609	1609	35409
1610	1610	35311
1611	1611	35322
1612	1612	35329
1613	1613	35377
1614	1614	35335
1615	1615	35320
1616	1616	35310
1617	1617	35280
1618	1618	35323
1619	1619	35315
1620	1620	35334
1621	1621	35324
1622	1622	35376
1623	1623	35401
1624	1624	35317
1625	1625	35340
1626	1626	35339
1627	1627	35317
1628	1628	35308
1629	1629	35308
1630	1630	35333
1631	1631	35278
1632	1632	35340
1633	1633	35336
1634	1634	35292
1635	1635	35358
1636	1636	35332
1637	1637	35282
1638	1638	35252
1639	1639	35218
1640	1640	35306
1641	1641	35256
1642	1642	35246
1643	1643	35295
1644	1644	35306
1645	1645	35308
1646	1646	35323
1647	1647	35369
1648	1648	35300
1649	1649	35313
1650	1650	35228
1651	1651	35325
1652	1652	35230
1653	1653	35273
1654	1654	35270
1655	1655	35260
1656	1656	35269
1657	1657	35305
1658	1658	35278
1659	1659	35276
1660	1660	35340
1661	1661	35280
1662	1662	35262
1663	1663	35350
1664	1664	35276
1665	1665	35300
1666	1666	35264
1667	1667	35308
1668	1668	35224
1669	1669	35309
1670	1670	35304
1671	1671	35357
1672	1672	35336
1673	1673	35306
1674	1674	35322
1675	1675	35335
1676	1676	35295
1677	1677	35311
1678	1678	35353
1679	1679	35323
1680	1680	35270
1681	1681	35277
1682	1682	35254
1683	1683	35273
1684	1684	35216
1685	1685	35275
1686	1686	35303
1687	1687	35254
1688	1688	35275
1689	1689	35264
1690	1690	35249
1691	1691	35236
1692	1692	35250
1693	1693	35269
1694	1694	35242
1695	1695	35314
1696	1696	35305
1697	1697	35258
1698	1698	35261
1699	1699	35280
1700	1700	35317
1701	1701	35223
1702	1702	35263
1703	1703	35189
1704	1704	35277
1705	1705	35205
1706	1706	35228
1707	1707	35271
1708	1708	35290
1709	1709	35270
1710	1710	35329
1711	1711	35291
1712	1712	35292
1713	1713	35297
1714	1714	35312
1715	1715	35284
1716	1716	35290
1717	1717	35230
1718	1718	35202
1719	1719	35246
1720	1720	35243
1721	1721	35195
1722	1722	35223
1723	1723	35255
1724	1724	35223
1725	1725	35213
1726	1726	35160
1727	1727	35188
1728	1728	35231
1729	1729	35275
1730	1730	35228
1731	1731	35259
1732	1732	35253
1733	1733	35269
1734	1734	35271
1735	1735	35207
1736	1736	35226
1737	1737	35243
1738	1738	35154
1739	1739	35229
1740	1740	35244
1741	1741	35206
1742	1742	35231
1743	1743	35260
1744	1744	35211
1745	1745	35211
1746	1746	35255
1747	1747	35242
1748	1748	35188
1749	1749	35185
1750	1750	35195
1751	1751	35190
1752	1752	35180
1753	1753	35200
1754	1754	35178
1755	1755	35225
1756	1756	35288
1757	1757	35326
1758	1758	35217
1759	1759	35237
1760	1760	35231
1761	1761	35256
1762	1762	35213
1763	1763	35261
1764	1764	35259
1765	1765	35227
1766	1766	35235
1767	1767	35177
1768	1768	35264
1769	1769	35178
1770	1770	35207
1771	1771	35159
1772	1772	35265
1773	1773	35248
1774	1774	35226
1775	1775	35182
1776	1776	35232
1777	1777	35189
1778	1778	35226
1779	1779	35174
1780	1780	35193
1781	1781	35178
1782	1782	35254
1783	1783	35192
1784	1784	35177
1785	1785	35206
1786	1786	35149
1787	1787	35225
1788	1788	35243
1789	1789	35208
1790	1790	35181
1791	1791	35236
1792	1792	35158
1793	1793	35264
1794	1794	35218
1795	1795	35122
1796	1796	35235
1797	1797	35179
1798	1798	35181
1799	1799	35142
1800	1800	35193
1801	1801	35168
1802	1802	35169
1803	1803	35166
1804	1804	35168
1805	1805	35234
1806	1806	35198
1807	1807	35181
1808	1808	35182
1809	1809	35143
1810	1810	35178
1811	1811	35156
1812	1812	35146
1813	1813	35145
1814	1814	35168
1815	1815	35174
1816	1816	35209
1817	1817	35170
1818	1818	35196
1819	1819	35200
1820	1820	35224
1821	1821	35220
1822	1822	35184
1823	1823	35245
1824	1824	35177
1825	1825	35114
1826	1826	35170
1827	1827	35134
1828	1828	35191
1829	1829	35190
1830	1830	35160
1831	1831	35160
1832	1832	35244
1833	1833	35217
1834	1834	35184
1835	1835	35121
1836	1836	35138
1837	1837	35103
1838	1838	35191
1839	1839	35194
1840	1840	35223
1841	1841	35162
1842	1842	35172
1843	1843	35201
1844	1844	35104
1845	1845	35158
1846	1846	35143
1847	1847	35103
1848	1848	35040
1849	1849	35126
1850	1850	35087
1851	1851	35052
1852	1852	35128
1853	1853	35163
1854	1854	35168
1855	1855	35147
1856	1856	35106
1857	1857	35175
1858	1858	35167
1859	1859	35144
1860	1860	35172
1861	1861	35144
1862	1862	35150
1863	1863	35141
1864	1864	35149
1865	1865	35119
1866	1866	35124
1867	1867	35151
1868	1868	35124
1869	1869	35120
1870	1870	35171
1871	1871	35166
1872	1872	35158
1873	1873	35154
1874	1874	35132
1875	1875	35092
1876	1876	35117
1877	1877	35111
1878	1878	35180
1879	1879	35150
1880	1880	35121
1881	1881	35092
1882	1882	35117
1883	1883	35086
1884	1884	35139
1885	1885	35162
1886	1886	35137
1887	1887	35182
1888	1888	35179
1889	1889	35116
1890	1890	35156
1891	1891	35193
1892	1892	35124
1893	1893	35169
1894	1894	35161
1895	1895	35182
1896	1896	35131
1897	1897	35141
1898	1898	35095
1899	1899	35177
1900	1900	35139
1901	1901	35171
1902	1902	35191
1903	1903	35150
1904	1904	35123
1905	1905	35145
1906	1906	35083
1907	1907	35116
1908	1908	35151
1909	1909	35119
1910	1910	35087
1911	1911	35123
1912	1912	35090
1913	1913	35166
1914	1914	35119
1915	1915	35148
1916	1916	35114
1917	1917	35072
1918	1918	35053
1919	1919	35109
1920	1920	35060
1921	1921	35029
1922	1922	35079
1923	1923	35132
1924	1924	35055
1925	1925	35072
1926	1926	35061
1927	1927	35063
1928	1928	35066
1929	1929	35114
1930	1930	35021
1931	1931	35042
1932	1932	35093
1933	1933	35073
1934	1934	35061
1935	1935	35116
1936	1936	35175
1937	1937	35122
1938	1938	35052
1939	1939	35016
1940	1940	35060
1941	1941	35066
1942	1942	35121
1943	1943	35084
1944	1944	35114
1945	1945	35072
1946	1946	35096
1947	1947	34974
1948	1948	34977
1949	1949	35044
1950	1950	35074
1951	1951	35071
1952	1952	35061
1953	1953	35064
1954	1954	35105
1955	1955	35104
1956	1956	35152
1957	1957	35142
1958	1958	35070
1959	1959	35039
1960	1960	35060
1961	1961	35041
1962	1962	34971
1963	1963	35036
1964	1964	34993
1965	1965	35076
1966	1966	34977
1967	1967	35072
1968	1968	35010
1969	1969	35051
1970	1970	35047
1971	1971	35037
1972	1972	35078
1973	1973	35043
1974	1974	35106
1975	1975	35006
1976	1976	35039
1977	1977	35060
1978	1978	35029
1979	1979	35057
1980	1980	35079
1981	1981	35028
1982	1982	34992
1983	1983	34985
1984	1984	35049
1985	1985	35037
1986	1986	35015
1987	1987	35049
1988	1988	34990
1989	1989	34963
1990	1990	34964
1991	1991	34998
1992	1992	34989
1993	1993	34967
1994	1994	35031
1995	1995	35011
1996	1996	34998
1997	1997	35037
1998	1998	35029
1999	1999	34934
2000	2000	35019
2001	2001	34942
2002	2002	34918
2003	2003	34934
2004	2004	35018
2005	2005	34966
2006	2006	34946
2007	2007	34952
2008	2008	35006
2009	2009	34963
2010	2010	34947
2011	2011	34942
2012	2012	34973
2013	2013	34970
2014	2014	35003
2015	2015	34950
2016	2016	34920
2017	2017	34883
2018	2018	34903
2019	2019	34880
2020	2020	34933
2021	2021	34929
2022	2022	34921
2023	2023	34862
2024	2024	34889
2025	2025	34888
2026	2026	34877
2027	2027	34958
2028	2028	34933
2029	2029	34925
2030	2030	34930
2031	2031	34873
2032	2032	34885
2033	2033	34909
2034	2034	34917
2035	2035	34961
2036	2036	34906
2037	2037	34770
2038	2038	34803
2039	2039	34851
2040	2040	34793
2041	2041	34785
2042	2042	34898
2043	2043	34861
2044	2044	34854
2045	2045	34766
2046	2046	34805
2047	2047	34785
2048	2048	34790
2049	2049	34885
2050	2050	34849
2051	2051	34766
2052	2052	34730
2053	2053	34813
2054	2054	34749
2055	2055	34693
2056	2056	34785
2057	2057	34748
2058	2058	34785
2059	2059	34672
2060	2060	34752
2061	2061	34723
2062	2062	34695
2063	2063	34724
2064	2064	34706
2065	2065	34687
2066	2066	34686
2067	2067	34697
2068	2068	34755
2069	2069	34803
2070	2070	34675
2071	2071	34708
2072	2072	34681
2073	2073	34689
2074	2074	34669
2075	2075	34715
2076	2076	34593
2077	2077	34622
2078	2078	34649
2079	2079	34661
2080	2080	34545
2081	2081	34566
2082	2082	34612
2083	2083	34515
2084	2084	34496
2085	2085	34524
2086	2086	34536
2087	2087	34532
2088	2088	34537
2089	2089	34487
2090	2090	34582
2091	2091	34517
2092	2092	34542
2093	2093	34504
2094	2094	34598
2095	2095	34469
2096	2096	34564
2097	2097	34457
2098	2098	34426
2099	2099	34506
2100	2100	34453
2101	2101	34497
2102	2102	34435
2103	2103	34392
2104	2104	34438
2105	2105	34460
2106	2106	34424
2107	2107	34476
2108	2108	34349
2109	2109	34529
2110	2110	34445
2111	2111	34420
2112	2112	34444
2113	2113	34371
2114	2114	34381
2115	2115	34416
2116	2116	34345
2117	2117	34350
2118	2118	34243
2119	2119	34252
2120	2120	34371
2121	2121	34334
2122	2122	34260
2123	2123	34286
2124	2124	34269
2125	2125	34229
2126	2126	34235
2127	2127	34244
2128	2128	34279
2129	2129	34200
2130	2130	34082
2131	2131	34166
2132	2132	34135
2133	2133	34130
2134	2134	34121
2135	2135	34133
2136	2136	34075
2137	2137	34088
2138	2138	34021
2139	2139	34042
2140	2140	34010
2141	2141	34032
2142	2142	33985
2143	2143	34072
2144	2144	34054
2145	2145	34001
2146	2146	34040
2147	2147	34029
2148	2148	34057
2149	2149	34048
2150	2150	33970
2151	2151	33975
2152	2152	33908
2153	2153	33878
2154	2154	33890
2155	2155	33920
2156	2156	33874
2157	2157	33914
2158	2158	33863
2159	2159	33839
2160	2160	33809
2161	2161	33841
2162	2162	33813
2163	2163	33797
2164	2164	33851
2165	2165	33886
2166	2166	33792
2167	2167	33830
2168	2168	33844
2169	2169	33790
2170	2170	33763
2171	2171	33762
2172	2172	33845
2173	2173	33739
2174	2174	33766
2175	2175	33714
2176	2176	33771
2177	2177	33771
2178	2178	33719
2179	2179	33711
2180	2180	33651
2181	2181	33693
2182	2182	33616
2183	2183	33576
2184	2184	33610
2185	2185	33598
2186	2186	33601
2187	2187	33582
2188	2188	33657
2189	2189	33558
2190	2190	33572
2191	2191	33533
2192	2192	33545
2193	2193	33513
2194	2194	33419
2195	2195	33437
2196	2196	33436
2197	2197	33440
2198	2198	33435
2199	2199	33423
2200	2200	33419
2201	2201	33396
2202	2202	33384
2203	2203	33328
2204	2204	33374
2205	2205	33363
2206	2206	33412
2207	2207	33388
2208	2208	33337
2209	2209	33263
2210	2210	33284
2211	2211	33246
2212	2212	33254
2213	2213	33179
2214	2214	33203
2215	2215	33200
2216	2216	33137
2217	2217	33117
2218	2218	33156
2219	2219	33089
2220	2220	33108
2221	2221	33071
2222	2222	33109
2223	2223	33052
2224	2224	33081
2225	2225	32952
2226	2226	33009
2227	2227	33009
2228	2228	33006
2229	2229	32965
2230	2230	32899
2231	2231	32928
2232	2232	32887
2233	2233	32863
2234	2234	32864
2235	2235	32800
2236	2236	32835
2237	2237	32736
2238	2238	32791
2239	2239	32763
2240	2240	32767
2241	2241	32767
2242	2242	32794
2243	2243	32748
2244	2244	32703
2245	2245	32667
2246	2246	32651
2247	2247	32649
2248	2248	32608
2249	2249	32575
2250	2250	32577
2251	2251	32517
2252	2252	32434
2253	2253	32528
2254	2254	32474
2255	2255	32412
2256	2256	32459
2257	2257	32447
2258	2258	32369
2259	2259	32359
2260	2260	32360
2261	2261	32341
2262	2262	32373
2263	2263	32284
2264	2264	32339
2265	2265	32185
2266	2266	32239
2267	2267	32192
2268	2268	32112
2269	2269	32093
2270	2270	32066
2271	2271	32118
2272	2272	32096
2273	2273	32072
2274	2274	32061
2275	2275	32021
2276	2276	32074
2277	2277	32063
2278	2278	31954
2279	2279	32013
2280	2280	31976
2281	2281	31958
2282	2282	31968
2283	2283	31884
2284	2284	31904
2285	2285	31851
2286	2286	31889
2287	2287	31872
2288	2288	31916
2289	2289	31828
2290	2290	31732
2291	2291	31704
2292	2292	31635
2293	2293	33782
2294	2294	31691
2295	2295	31694
2296	2296	31663
2297	2297	31704
2298	2298	31636
2299	2299	33602
2300	2300	33613
2301	2301	33539
2302	2302	33546
2303	2303	33566
2304	2304	33450
2305	2305	33447
2306	2306	33449
2307	2307	31366
2308	2308	33336
2309	2309	33365
2310	2310	33297
2311	2311	33313
2312	2312	33298
2313	2313	33340
2314	2314	33281
2315	2315	33263
2316	2316	33225
2317	2317	33252
2318	2318	33202
2319	2319	33172
2320	2320	33113
2321	2321	31046
2322	2322	31139
2323	2323	33101
2324	2324	33062
2325	2325	33005
2326	2326	32999
2327	2327	31006
2328	2328	30962
2329	2329	30958
2330	2330	30972
2331	2331	30934
2332	2332	30916
2333	2333	30962
2334	2334	30928
2335	2335	30878
2336	2336	30858
2337	2337	32722
2338	2338	32743
2339	2339	30795
2340	2340	30709
2341	2341	30787
2342	2342	32606
2343	2343	32622
2344	2344	32587
2345	2345	32546
2346	2346	32544
2347	2347	32611
2348	2348	32527
2349	2349	32526
2350	2350	32526
2351	2351	32514
2352	2352	32494
2353	2353	32516
2354	2354	32440
2355	2355	32423
2356	2356	32391
2357	2357	32394
2358	2358	32324
2359	2359	32316
2360	2360	32291
2361	2361	32284
2362	2362	32257
2363	2363	32184
2364	2364	32241
2365	2365	32182
2366	2366	32080
2367	2367	32027
2368	2368	32114
2369	2369	32036
2370	2370	32042
2371	2371	32043
2372	2372	32027
2373	2373	31942
2374	2374	31908
2375	2375	31878
2376	2376	31837
2377	2377	31833
2378	2378	31763
2379	2379	31753
2380	2380	31681
2381	2381	31716
2382	2382	31682
2383	2383	31629
2384	2384	31646
2385	2385	31629
2386	2386	31617
2387	2387	31586
2388	2388	31579
2389	2389	31489
2390	2390	31401
2391	2391	31491
2392	2392	31433
2393	2393	31429
2394	2394	31321
2395	2395	31355
2396	2396	31327
2397	2397	31324
2398	2398	31324
2399	2399	31301
2400	2400	31276
2401	2401	31269
2402	2402	31219
2403	2403	31165
2404	2404	31157
2405	2405	31144
2406	2406	31152
2407	2407	31136
2408	2408	31000
2409	2409	31086
2410	2410	31090
2411	2411	31015
2412	2412	30975
2413	2413	30979
2414	2414	30929
2415	2415	30870
2416	2416	30868
2417	2417	30851
2418	2418	30845
2419	2419	30771
2420	2420	30766
2421	2421	30717
2422	2422	30702
2423	2423	30681
2424	2424	30711
2425	2425	30634
2426	2426	30649
2427	2427	30597
2428	2428	30546
2429	2429	30591
2430	2430	30538
2431	2431	30523
2432	2432	30523
2433	2433	30475
2434	2434	30449
2435	2435	30420
2436	2436	30378
2437	2437	30370
2438	2438	30297
2439	2439	30305
2440	2440	30280
2441	2441	30266
2442	2442	30256
2443	2443	30238
2444	2444	30232
2445	2445	30218
2446	2446	30148
2447	2447	30150
2448	2448	30083
2449	2449	30113
2450	2450	30075
2451	2451	30059
2452	2452	30008
2453	2453	29981
2454	2454	29961
2455	2455	29930
2456	2456	30000
2457	2457	29968
2458	2458	29897
2459	2459	29887
2460	2460	29795
2461	2461	29821
2462	2462	29827
2463	2463	29806
2464	2464	29758
2465	2465	29736
2466	2466	29749
2467	2467	29737
2468	2468	29667
2469	2469	29710
2470	2470	29639
2471	2471	29617
2472	2472	29593
2473	2473	29565
2474	2474	29567
2475	2475	29518
2476	2476	29501
2477	2477	29473
2478	2478	29424
2479	2479	29417
2480	2480	29355
2481	2481	29320
2482	2482	29357
2483	2483	29316
2484	2484	29235
2485	2485	29263
2486	2486	29193
2487	2487	29125
2488	2488	29194
2489	2489	29192
2490	2490	29015
2491	2491	29105
2492	2492	29061
2493	2493	29091
2494	2494	29006
2495	2495	28963
2496	2496	28966
2497	2497	28933
2498	2498	28948
2499	2499	28910
2500	2500	28936
2501	2501	28853
2502	2502	28878
2503	2503	28825
2504	2504	28850
2505	2505	28728
2506	2506	28748
2507	2507	28797
2508	2508	28782
2509	2509	28696
2510	2510	28666
2511	2511	28579
2512	2512	28652
2513	2513	28599
2514	2514	28578
2515	2515	28580
2516	2516	28511
2517	2517	28510
2518	2518	28463
2519	2519	28450
2520	2520	28445
2521	2521	28377
2522	2522	28384
2523	2523	28355
2524	2524	28360
2525	2525	28269
2526	2526	28260
2527	2527	28265
2528	2528	28260
2529	2529	28266
2530	2530	28181
2531	2531	28184
2532	2532	28110
2533	2533	28160
2534	2534	28131
2535	2535	28073
2536	2536	28033
2537	2537	28062
2538	2538	28009
2539	2539	27969
2540	2540	27953
2541	2541	27960
2542	2542	27938
2543	2543	27926
2544	2544	27925
2545	2545	27898
2546	2546	27870
2547	2547	27836
2548	2548	27821
2549	2549	27794
2550	2550	27754
2551	2551	27730
2552	2552	27721
2553	2553	27652
2554	2554	27655
2555	2555	27603
2556	2556	27613
2557	2557	27674
2558	2558	27530
2559	2559	27566
2560	2560	27532
2561	2561	27545
2562	2562	27499
2563	2563	27524
2564	2564	27513
2565	2565	27458
2566	2566	27393
2567	2567	27359
2568	2568	27367
2569	2569	27323
2570	2570	27365
2571	2571	27319
2572	2572	27349
2573	2573	27271
2574	2574	27280
2575	2575	27266
2576	2576	27280
2577	2577	27259
2578	2578	27177
2579	2579	27152
2580	2580	27205
2581	2581	27119
2582	2582	27086
2583	2583	27080
2584	2584	27009
2585	2585	26988
2586	2586	27064
2587	2587	26980
2588	2588	27024
2589	2589	26952
2590	2590	26946
2591	2591	26942
2592	2592	26888
2593	2593	26904
2594	2594	26871
2595	2595	26842
2596	2596	26845
2597	2597	26826
2598	2598	26772
2599	2599	26786
2600	2600	26763
2601	2601	26683
2602	2602	26725
2603	2603	26652
2604	2604	26699
2605	2605	26586
2606	2606	26584
2607	2607	26544
2608	2608	26561
2609	2609	26529
2610	2610	26510
2611	2611	26509
2612	2612	26511
2613	2613	26473
2614	2614	26508
2615	2615	26461
2616	2616	26381
2617	2617	26375
2618	2618	26378
2619	2619	26397
2620	2620	26346
2621	2621	26258
2622	2622	26323
2623	2623	26342
2624	2624	26286
2625	2625	26237
2626	2626	26269
2627	2627	26204
2628	2628	26236
2629	2629	26184
2630	2630	26186
2631	2631	26170
2632	2632	26126
2633	2633	26168
2634	2634	26165
2635	2635	26129
2636	2636	26107
2637	2637	26082
2638	2638	26088
2639	2639	26062
2640	2640	26012
2641	2641	26037
2642	2642	25996
2643	2643	25997
2644	2644	25964
2645	2645	25941
2646	2646	25908
2647	2647	25914
2648	2648	25951
2649	2649	25904
2650	2650	25867
2651	2651	25888
2652	2652	25826
2653	2653	25822
2654	2654	25780
2655	2655	25755
2656	2656	25706
2657	2657	25716
2658	2658	25661
2659	2659	25634
2660	2660	25605
2661	2661	25603
2662	2662	25578
2663	2663	25601
2664	2664	25613
2665	2665	25528
2666	2666	25531
2667	2667	25482
2668	2668	25528
2669	2669	25505
2670	2670	25473
2671	2671	25519
2672	2672	25434
2673	2673	25370
2674	2674	25377
2675	2675	25342
2676	2676	25378
2677	2677	25292
2678	2678	25281
2679	2679	25331
2680	2680	25262
2681	2681	25246
2682	2682	25280
2683	2683	25286
2684	2684	25221
2685	2685	25213
2686	2686	25185
2687	2687	25165
2688	2688	25150
2689	2689	25116
2690	2690	25085
2691	2691	25085
2692	2692	25047
2693	2693	24999
2694	2694	25030
2695	2695	25035
2696	2696	25051
2697	2697	24997
2698	2698	24980
2699	2699	24982
2700	2700	25030
2701	2701	24975
2702	2702	24950
2703	2703	24901
2704	2704	24883
2705	2705	24838
2706	2706	24809
2707	2707	24788
2708	2708	24760
2709	2709	24781
2710	2710	24780
2711	2711	24746
2712	2712	24766
2713	2713	24748
2714	2714	24746
2715	2715	24673
2716	2716	24676
2717	2717	24624
2718	2718	24598
2719	2719	24633
2720	2720	24616
2721	2721	24595
2722	2722	24596
2723	2723	24564
2724	2724	24532
2725	2725	24527
2726	2726	24581
2727	2727	24553
2728	2728	24544
2729	2729	24500
2730	2730	24509
2731	2731	24460
2732	2732	24461
2733	2733	24495
2734	2734	24464
2735	2735	24402
2736	2736	24387
2737	2737	24417
2738	2738	24366
2739	2739	24369
2740	2740	24324
2741	2741	24293
2742	2742	24306
2743	2743	24334
2744	2744	24197
2745	2745	24280
2746	2746	24227
2747	2747	24223
2748	2748	24228
2749	2749	24203
2750	2750	24171
2751	2751	24198
2752	2752	24142
2753	2753	24154
2754	2754	24168
2755	2755	24158
2756	2756	24184
2757	2757	24172
2758	2758	24068
2759	2759	24083
2760	2760	24095
2761	2761	24119
2762	2762	24055
2763	2763	24083
2764	2764	24041
2765	2765	24058
2766	2766	24003
2767	2767	23995
2768	2768	24011
2769	2769	23978
2770	2770	23966
2771	2771	23943
2772	2772	23971
2773	2773	23909
2774	2774	23901
2775	2775	23901
2776	2776	23915
2777	2777	23845
2778	2778	23883
2779	2779	23887
2780	2780	23862
2781	2781	23854
2782	2782	23834
2783	2783	23847
2784	2784	23844
2785	2785	23756
2786	2786	23797
2787	2787	23783
2788	2788	23786
2789	2789	23728
2790	2790	23757
2791	2791	23702
2792	2792	23651
2793	2793	23621
2794	2794	23636
2795	2795	23606
2796	2796	23672
2797	2797	23632
2798	2798	23598
2799	2799	23633
2800	2800	23632
2801	2801	23559
2802	2802	23551
2803	2803	23529
2804	2804	23582
2805	2805	23513
2806	2806	23541
2807	2807	23558
2808	2808	23480
2809	2809	23500
2810	2810	23480
2811	2811	23442
2812	2812	23466
2813	2813	23480
2814	2814	23426
2815	2815	23425
2816	2816	23453
2817	2817	23428
2818	2818	23397
2819	2819	23397
2820	2820	23352
2821	2821	23393
2822	2822	23372
2823	2823	23355
2824	2824	24475
2825	2825	24472
2826	2826	23368
2827	2827	23354
2828	2828	23335
2829	2829	23317
2830	2830	24417
2831	2831	24433
2832	2832	24417
2833	2833	24412
2834	2834	24406
2835	2835	24385
2836	2836	24360
2837	2837	24332
2838	2838	24320
2839	2839	24312
2840	2840	24247
2841	2841	24296
2842	2842	24259
2843	2843	24277
2844	2844	24269
2845	2845	24293
2846	2846	24265
2847	2847	24231
2848	2848	24202
2849	2849	24226
2850	2850	24191
2851	2851	24187
2852	2852	24170
2853	2853	24170
2854	2854	24181
2855	2855	24162
2856	2856	24124
2857	2857	24122
2858	2858	24113
2859	2859	24096
2860	2860	24101
2861	2861	24121
2862	2862	24078
2863	2863	24090
2864	2864	24101
2865	2865	24046
2866	2866	24039
2867	2867	24027
2868	2868	24011
2869	2869	23999
2870	2870	24003
2871	2871	23965
2872	2872	23986
2873	2873	23953
2874	2874	23972
2875	2875	23984
2876	2876	23963
2877	2877	23953
2878	2878	23969
2879	2879	23976
2880	2880	23909
2881	2881	23905
2882	2882	23911
2883	2883	23889
2884	2884	23853
2885	2885	23902
2886	2886	23877
2887	2887	23919
2888	2888	23888
2889	2889	23835
2890	2890	23853
2891	2891	23824
2892	2892	23792
2893	2893	23805
2894	2894	23773
2895	2895	23778
2896	2896	23820
2897	2897	23736
2898	2898	23781
2899	2899	23742
2900	2900	23759
2901	2901	23723
2902	2902	23715
2903	2903	23702
2904	2904	23697
2905	2905	23676
2906	2906	23663
2907	2907	23654
2908	2908	23629
2909	2909	23602
2910	2910	23672
2911	2911	23624
2912	2912	23644
2913	2913	23594
2914	2914	23582
2915	2915	23615
2916	2916	23567
2917	2917	23570
2918	2918	23572
2919	2919	23545
2920	2920	23572
2921	2921	23554
2922	2922	23576
2923	2923	23506
2924	2924	23517
2925	2925	23525
2926	2926	23535
2927	2927	23501
2928	2928	23519
2929	2929	23519
2930	2930	23490
2931	2931	23481
2932	2932	23470
2933	2933	23485
2934	2934	23469
2935	2935	23455
2936	2936	23431
2937	2937	23452
2938	2938	23426
2939	2939	23425
2940	2940	23385
2941	2941	23400
2942	2942	23371
2943	2943	23320
2944	2944	23305
2945	2945	23308
2946	2946	23278
2947	2947	23276
2948	2948	23323
2949	2949	23274
2950	2950	23302
2951	2951	23277
2952	2952	23278
2953	2953	23273
2954	2954	23267
2955	2955	23282
2956	2956	23262
2957	2957	23249
2958	2958	23236
2959	2959	23256
2960	2960	23233
2961	2961	23182
2962	2962	23236
2963	2963	23210
2964	2964	23212
2965	2965	23134
2966	2966	23195
2967	2967	23177
2968	2968	23186
2969	2969	23198
2970	2970	23164
2971	2971	23169
2972	2972	23158
2973	2973	23132
2974	2974	23137
2975	2975	23091
2976	2976	23085
2977	2977	23078
2978	2978	23058
2979	2979	23057
2980	2980	23038
2981	2981	23029
2982	2982	23015
2983	2983	23047
2984	2984	23005
2985	2985	23044
2986	2986	23029
2987	2987	23050
2988	2988	23028
2989	2989	22989
2990	2990	23010
2991	2991	22991
2992	2992	22951
2993	2993	22964
2994	2994	22934
2995	2995	22983
2996	2996	22947
2997	2997	22925
2998	2998	22954
2999	2999	22919
3000	3000	22946
3001	3001	22958
3002	3002	22910
3003	3003	22898
3004	3004	22889
3005	3005	22883
3006	3006	22902
3007	3007	22859
3008	3008	22832
3009	3009	22838
3010	3010	22835
3011	3011	22793
3012	3012	22806
3013	3013	22830
3014	3014	22808
3015	3015	22796
3016	3016	22804
3017	3017	22786
3018	3018	22778
3019	3019	22776
3020	3020	22756
3021	3021	22762
3022	3022	22750
3023	3023	22717
3024	3024	22773
3025	3025	22719
3026	3026	22691
3027	3027	22719
3028	3028	22721
3029	3029	22729
3030	3030	22690
3031	3031	22682
3032	3032	22668
3033	3033	22662
3034	3034	22651
3035	3035	22704
3036	3036	22618
3037	3037	22691
3038	3038	22664
3039	3039	22647
3040	3040	22649
3041	3041	22662
3042	3042	22617
3043	3043	22597
3044	3044	22596
3045	3045	22605
3046	3046	22590
3047	3047	22585
3048	3048	22580
3049	3049	22560
3050	3050	22588
3051	3051	22579
3052	3052	22557
3053	3053	22531
3054	3054	22540
3055	3055	22536
3056	3056	22546
3057	3057	22570
3058	3058	22554
3059	3059	22537
3060	3060	22513
3061	3061	22547
3062	3062	22522
3063	3063	22542
3064	3064	22484
3065	3065	22488
3066	3066	22510
3067	3067	22499
3068	3068	22476
3069	3069	22461
3070	3070	22481
3071	3071	22464
3072	3072	22451
3073	3073	22462
3074	3074	22433
3075	3075	22438
3076	3076	22432
3077	3077	22424
3078	3078	22375
3079	3079	22421
3080	3080	22406
3081	3081	22377
3082	3082	22370
3083	3083	22378
3084	3084	22331
3085	3085	22358
3086	3086	22366
3087	3087	22370
3088	3088	22349
3089	3089	22316
3090	3090	22313
3091	3091	22286
3092	3092	22290
3093	3093	22297
3094	3094	22331
3095	3095	22289
3096	3096	22297
3097	3097	22324
3098	3098	22322
3099	3099	22312
3100	3100	22305
3101	3101	22293
3102	3102	22296
3103	3103	22281
3104	3104	22282
3105	3105	22268
3106	3106	22267
3107	3107	22270
3108	3108	22266
3109	3109	22260
3110	3110	22226
3111	3111	22182
3112	3112	22221
3113	3113	22193
3114	3114	22181
3115	3115	22192
3116	3116	22205
3117	3117	22192
3118	3118	22206
3119	3119	22153
3120	3120	22148
3121	3121	22172
3122	3122	22151
3123	3123	22147
3124	3124	22138
3125	3125	22171
3126	3126	22123
3127	3127	22119
3128	3128	22115
3129	3129	22102
3130	3130	22117
3131	3131	22158
3132	3132	22135
3133	3133	22125
3134	3134	22117
3135	3135	22093
3136	3136	22116
3137	3137	22091
3138	3138	22084
3139	3139	22072
3140	3140	22065
3141	3141	22080
3142	3142	22082
3143	3143	22043
3144	3144	22038
3145	3145	22074
3146	3146	22070
3147	3147	22036
3148	3148	22052
3149	3149	22052
3150	3150	22052
3151	3151	22034
3152	3152	21983
3153	3153	22035
3154	3154	22003
3155	3155	21999
3156	3156	22026
3157	3157	21990
3158	3158	21992
3159	3159	21955
3160	3160	21978
3161	3161	21981
3162	3162	22002
3163	3163	21970
3164	3164	21962
3165	3165	21992
3166	3166	21961
3167	3167	21972
3168	3168	21953
3169	3169	21945
3170	3170	21895
3171	3171	21942
3172	3172	21924
3173	3173	21903
3174	3174	21895
3175	3175	21920
3176	3176	21886
3177	3177	21878
3178	3178	21886
3179	3179	21890
3180	3180	21858
3181	3181	21845
3182	3182	21860
3183	3183	21897
3184	3184	21873
3185	3185	21864
3186	3186	21862
3187	3187	21870
3188	3188	21811
3189	3189	21800
3190	3190	21844
3191	3191	21833
3192	3192	21816
3193	3193	21805
3194	3194	21808
3195	3195	21874
3196	3196	21794
3197	3197	21828
3198	3198	21802
3199	3199	21822
3200	3200	21825
3201	3201	21791
3202	3202	21794
3203	3203	21818
3204	3204	21786
3205	3205	21827
3206	3206	21764
3207	3207	21846
3208	3208	21781
3209	3209	21761
3210	3210	21766
3211	3211	21772
3212	3212	21785
3213	3213	21761
3214	3214	21754
3215	3215	21752
3216	3216	21771
3217	3217	21757
3218	3218	21719
3219	3219	21714
3220	3220	21767
3221	3221	21707
3222	3222	21719
3223	3223	21718
3224	3224	21675
3225	3225	21715
3226	3226	21729
3227	3227	21705
3228	3228	21702
3229	3229	21693
3230	3230	21685
3231	3231	21666
3232	3232	21680
3233	3233	21705
3234	3234	21635
3235	3235	21701
3236	3236	21623
3237	3237	21668
3238	3238	21644
3239	3239	21662
3240	3240	21660
3241	3241	21640
3242	3242	21631
3243	3243	21611
3244	3244	21609
3245	3245	21606
3246	3246	21619
3247	3247	21584
3248	3248	21626
3249	3249	21629
3250	3250	21562
3251	3251	21600
3252	3252	21574
3253	3253	21593
3254	3254	21607
3255	3255	21615
3256	3256	21602
3257	3257	21588
3258	3258	21597
3259	3259	21577
3260	3260	21575
3261	3261	21552
3262	3262	21607
3263	3263	21563
3264	3264	21556
3265	3265	21551
3266	3266	21564
3267	3267	21578
3268	3268	21489
3269	3269	21560
3270	3270	21562
3271	3271	21554
3272	3272	21558
3273	3273	21537
3274	3274	21530
3275	3275	21514
3276	3276	21494
3277	3277	21507
3278	3278	21472
3279	3279	21519
3280	3280	21493
3281	3281	21515
3282	3282	21479
3283	3283	21540
3284	3284	21466
3285	3285	21504
3286	3286	21484
3287	3287	21459
3288	3288	21452
3289	3289	21477
3290	3290	21506
3291	3291	21466
3292	3292	21457
3293	3293	21472
3294	3294	21453
3295	3295	21456
3296	3296	21461
3297	3297	21439
3298	3298	21456
3299	3299	21463
3300	3300	21478
3301	3301	21457
3302	3302	21475
3303	3303	21394
3304	3304	21421
3305	3305	21394
3306	3306	21419
3307	3307	21447
3308	3308	21440
3309	3309	21416
3310	3310	21413
3311	3311	21353
3312	3312	21410
3313	3313	21422
3314	3314	21384
3315	3315	21398
3316	3316	21405
3317	3317	21372
3318	3318	21377
3319	3319	21383
3320	3320	21397
3321	3321	21359
3322	3322	21369
3323	3323	21388
3324	3324	21332
3325	3325	21334
3326	3326	21363
3327	3327	21340
3328	3328	21364
3329	3329	21375
3330	3330	21334
3331	3331	21312
3332	3332	21304
3333	3333	21330
3334	3334	21312
3335	3335	21313
3336	3336	21297
3337	3337	21304
3338	3338	21279
3339	3339	21269
3340	3340	21262
3341	3341	21300
3342	3342	21268
3343	3343	21272
3344	3344	21275
3345	3345	21273
3346	3346	21254
3347	3347	21263
3348	3348	21289
3349	3349	21242
3350	3350	21246
3351	3351	21246
3352	3352	21234
3353	3353	21245
3354	3354	21231
3355	3355	21232
3356	3356	21256
3357	3357	21225
3358	3358	21225
3359	3359	21201
3360	3360	21192
3361	3361	21195
3362	3362	21223
3363	3363	21172
3364	3364	21179
3365	3365	21206
3366	3366	21156
3367	3367	21164
3368	3368	21201
3369	3369	21171
3370	3370	21158
3371	3371	21167
3372	3372	21160
3373	3373	21126
3374	3374	21153
3375	3375	21153
3376	3376	21143
3377	3377	21144
3378	3378	21156
3379	3379	21100
3380	3380	21115
3381	3381	21140
3382	3382	21145
3383	3383	21086
3384	3384	21093
3385	3385	21104
3386	3386	21084
3387	3387	21073
3388	3388	21117
3389	3389	21110
3390	3390	21088
3391	3391	21098
3392	3392	21114
3393	3393	21064
3394	3394	21099
3395	3395	21086
3396	3396	21101
3397	3397	21070
3398	3398	21078
3399	3399	21076
3400	3400	21071
3401	3401	21065
3402	3402	21105
3403	3403	21082
3404	3404	21054
3405	3405	21052
3406	3406	21060
3407	3407	21041
3408	3408	21046
3409	3409	21054
3410	3410	21005
3411	3411	21038
3412	3412	21050
3413	3413	21019
3414	3414	21001
3415	3415	21026
3416	3416	21056
3417	3417	21015
3418	3418	21017
3419	3419	21041
3420	3420	21026
3421	3421	21001
3422	3422	20996
3423	3423	21003
3424	3424	21012
3425	3425	21034
3426	3426	20996
3427	3427	21012
3428	3428	21015
3429	3429	20990
3430	3430	21003
3431	3431	20975
3432	3432	20957
3433	3433	20970
3434	3434	20974
3435	3435	20943
3436	3436	20964
3437	3437	20983
3438	3438	20992
3439	3439	20970
3440	3440	20983
3441	3441	21017
3442	3442	20967
3443	3443	20989
3444	3444	20967
3445	3445	20976
3446	3446	20953
3447	3447	20954
3448	3448	20945
3449	3449	20974
3450	3450	20961
3451	3451	20893
3452	3452	20933
3453	3453	20913
3454	3454	20889
3455	3455	20932
3456	3456	20932
3457	3457	20890
3458	3458	20884
3459	3459	20915
3460	3460	20895
3461	3461	20907
3462	3462	20974
3463	3463	20918
3464	3464	20946
3465	3465	20904
3466	3466	20880
3467	3467	20910
3468	3468	20893
3469	3469	20881
3470	3470	20856
3471	3471	20892
3472	3472	20868
3473	3473	20866
3474	3474	20875
3475	3475	20883
3476	3476	20868
3477	3477	20865
3478	3478	20850
3479	3479	20847
3480	3480	20859
3481	3481	20876
3482	3482	20837
3483	3483	20829
3484	3484	20821
3485	3485	20825
3486	3486	20831
3487	3487	20785
3488	3488	20822
3489	3489	20806
3490	3490	20818
3491	3491	20801
3492	3492	20829
3493	3493	20818
3494	3494	20808
3495	3495	20794
3496	3496	20774
3497	3497	20775
3498	3498	20776
3499	3499	20784
3500	3500	20749
3501	3501	20758
3502	3502	20774
3503	3503	20760
3504	3504	20792
3505	3505	20794
3506	3506	20809
3507	3507	20793
3508	3508	20771
3509	3509	20782
3510	3510	20776
3511	3511	20770
3512	3512	20773
3513	3513	20774
3514	3514	20775
3515	3515	20767
3516	3516	20785
3517	3517	20801
3518	3518	20763
3519	3519	20763
3520	3520	20793
3521	3521	20740
3522	3522	20742
3523	3523	20750
3524	3524	20773
3525	3525	20734
3526	3526	20765
3527	3527	20720
3528	3528	20762
3529	3529	20760
3530	3530	20716
3531	3531	20687
3532	3532	20747
3533	3533	20709
3534	3534	20712
3535	3535	20734
3536	3536	20723
3537	3537	20689
3538	3538	20673
3539	3539	20695
3540	3540	20703
3541	3541	20698
3542	3542	20706
3543	3543	20694
3544	3544	20710
3545	3545	20709
3546	3546	20699
3547	3547	20719
3548	3548	20687
3549	3549	20692
3550	3550	20708
3551	3551	20680
3552	3552	20652
3553	3553	20694
3554	3554	20670
3555	3555	20675
3556	3556	20687
3557	3557	20663
3558	3558	20666
3559	3559	20680
3560	3560	20706
3561	3561	20657
3562	3562	20631
3563	3563	20704
3564	3564	20671
3565	3565	20620
3566	3566	20628
3567	3567	20668
3568	3568	20631
3569	3569	20659
3570	3570	20645
3571	3571	20625
3572	3572	20625
3573	3573	20680
3574	3574	20637
3575	3575	20625
3576	3576	20627
3577	3577	20636
3578	3578	20633
3579	3579	20635
3580	3580	20603
3581	3581	20614
3582	3582	20596
3583	3583	20617
3584	3584	20586
3585	3585	20625
3586	3586	20630
3587	3587	20616
3588	3588	20614
3589	3589	20555
3590	3590	20523
3591	3591	20543
3592	3592	20543
3593	3593	20555
3594	3594	20573
3595	3595	20540
3596	3596	20579
3597	3597	20590
3598	3598	20602
3599	3599	20619
3600	3600	20561
3601	3601	20552
3602	3602	20581
3603	3603	20590
3604	3604	20575
3605	3605	20561
3606	3606	20560
3607	3607	20532
3608	3608	20545
3609	3609	20545
3610	3610	20544
3611	3611	20522
3612	3612	20536
3613	3613	20540
3614	3614	20559
3615	3615	20539
3616	3616	20531
3617	3617	20504
3618	3618	20520
3619	3619	20542
3620	3620	20521
3621	3621	20517
3622	3622	20528
3623	3623	20510
3624	3624	20509
3625	3625	20524
3626	3626	20492
3627	3627	20529
3628	3628	20517
3629	3629	20551
3630	3630	20520
3631	3631	20541
3632	3632	20515
3633	3633	20525
3634	3634	20511
3635	3635	20543
3636	3636	20566
3637	3637	20488
3638	3638	20523
3639	3639	20544
3640	3640	20545
3641	3641	20535
3642	3642	20508
3643	3643	20511
3644	3644	20491
3645	3645	20463
3646	3646	20499
3647	3647	20481
3648	3648	20457
3649	3649	20466
3650	3650	20476
3651	3651	20429
3652	3652	20461
3653	3653	20442
3654	3654	20465
3655	3655	20467
3656	3656	20424
3657	3657	20449
3658	3658	20425
3659	3659	20428
3660	3660	20454
3661	3661	20422
3662	3662	20469
3663	3663	20464
3664	3664	20442
3665	3665	20476
3666	3666	20477
3667	3667	20435
3668	3668	20471
3669	3669	20454
3670	3670	20432
3671	3671	20404
3672	3672	20453
3673	3673	20411
3674	3674	20438
3675	3675	20436
3676	3676	20431
3677	3677	20417
3678	3678	20428
3679	3679	20455
3680	3680	20407
3681	3681	20436
3682	3682	20390
3683	3683	20408
3684	3684	20417
3685	3685	20420
3686	3686	20427
3687	3687	20431
3688	3688	20401
3689	3689	20404
3690	3690	20419
3691	3691	20415
3692	3692	20429
3693	3693	20392
3694	3694	20418
3695	3695	20404
3696	3696	20408
3697	3697	20408
3698	3698	20424
3699	3699	20355
3700	3700	20380
3701	3701	20391
3702	3702	20414
3703	3703	20420
3704	3704	20371
3705	3705	20382
3706	3706	20399
3707	3707	20354
3708	3708	20373
3709	3709	20375
3710	3710	20352
3711	3711	20387
3712	3712	20421
3713	3713	20403
3714	3714	20416
3715	3715	20422
3716	3716	20350
3717	3717	20363
3718	3718	20341
3719	3719	20395
3720	3720	20348
3721	3721	20384
3722	3722	20377
3723	3723	20368
3724	3724	20374
3725	3725	20356
3726	3726	20328
3727	3727	20363
3728	3728	20383
3729	3729	20357
3730	3730	20333
3731	3731	20358
3732	3732	20351
3733	3733	20335
3734	3734	20344
3735	3735	20324
3736	3736	20349
3737	3737	20363
3738	3738	20353
3739	3739	20331
3740	3740	20358
3741	3741	20327
3742	3742	20332
3743	3743	20259
3744	3744	20335
3745	3745	20315
3746	3746	20334
3747	3747	20308
3748	3748	20314
3749	3749	20343
3750	3750	20325
3751	3751	20336
3752	3752	20320
3753	3753	20327
3754	3754	20311
3755	3755	20333
3756	3756	20310
3757	3757	20348
3758	3758	20296
3759	3759	20281
3760	3760	20301
3761	3761	20304
3762	3762	20273
3763	3763	20304
3764	3764	20270
3765	3765	20310
3766	3766	20297
3767	3767	20279
3768	3768	20264
3769	3769	20288
3770	3770	20277
3771	3771	20268
3772	3772	20278
3773	3773	20292
3774	3774	20255
3775	3775	20266
3776	3776	20219
3777	3777	20240
3778	3778	20253
3779	3779	20244
3780	3780	20227
3781	3781	20252
3782	3782	20239
3783	3783	20249
3784	3784	20253
3785	3785	20213
3786	3786	20231
3787	3787	20209
3788	3788	20220
3789	3789	20213
3790	3790	20253
3791	3791	20269
3792	3792	20189
3793	3793	20254
3794	3794	20223
3795	3795	20250
3796	3796	20236
3797	3797	20264
3798	3798	20265
3799	3799	20239
3800	3800	20239
3801	3801	20253
3802	3802	20269
3803	3803	20237
3804	3804	20221
3805	3805	20226
3806	3806	20226
3807	3807	20210
3808	3808	20227
3809	3809	20198
3810	3810	20209
3811	3811	20204
3812	3812	20212
3813	3813	20243
3814	3814	20222
3815	3815	20254
3816	3816	20213
3817	3817	20211
3818	3818	20216
3819	3819	20238
3820	3820	20211
3821	3821	20228
3822	3822	20170
3823	3823	20210
3824	3824	20199
3825	3825	20195
3826	3826	20204
3827	3827	20211
3828	3828	20170
3829	3829	20193
3830	3830	20193
3831	3831	20173
3832	3832	20149
3833	3833	20188
3834	3834	20208
3835	3835	20210
3836	3836	20182
3837	3837	20169
3838	3838	20117
3839	3839	20165
3840	3840	20162
3841	3841	20134
3842	3842	20116
3843	3843	20175
3844	3844	20145
3845	3845	20141
3846	3846	20155
3847	3847	20161
3848	3848	20167
3849	3849	20149
3850	3850	20134
3851	3851	20116
3852	3852	20119
3853	3853	20110
3854	3854	20135
3855	3855	20128
3856	3856	20142
3857	3857	20133
3858	3858	20101
3859	3859	20133
3860	3860	20161
3861	3861	20128
3862	3862	20132
3863	3863	20096
3864	3864	20108
3865	3865	20099
3866	3866	20115
3867	3867	20097
3868	3868	20081
3869	3869	20100
3870	3870	20097
3871	3871	20105
3872	3872	20078
3873	3873	20090
3874	3874	20086
3875	3875	20099
3876	3876	20126
3877	3877	20106
3878	3878	20091
3879	3879	20050
3880	3880	20061
3881	3881	20083
3882	3882	20064
3883	3883	20073
3884	3884	20093
3885	3885	20080
3886	3886	20061
3887	3887	20102
3888	3888	20078
3889	3889	20085
3890	3890	20087
3891	3891	20091
3892	3892	20080
3893	3893	20109
3894	3894	20086
3895	3895	20085
3896	3896	20083
3897	3897	20066
3898	3898	20080
3899	3899	20059
3900	3900	20053
3901	3901	20054
3902	3902	20056
3903	3903	20052
3904	3904	20065
3905	3905	20053
3906	3906	20030
3907	3907	20063
3908	3908	20048
3909	3909	20027
3910	3910	20038
3911	3911	20068
3912	3912	20102
3913	3913	20078
3914	3914	20033
3915	3915	20044
3916	3916	20045
3917	3917	20047
3918	3918	20016
3919	3919	20047
3920	3920	20052
3921	3921	20039
3922	3922	20038
3923	3923	20066
3924	3924	20053
3925	3925	20068
3926	3926	20021
3927	3927	20033
3928	3928	20028
3929	3929	20032
3930	3930	20042
3931	3931	20066
3932	3932	20076
3933	3933	20051
3934	3934	20004
3935	3935	20031
3936	3936	20018
3937	3937	20000
3938	3938	20044
3939	3939	19974
3940	3940	20032
3941	3941	20046
3942	3942	20027
3943	3943	19993
3944	3944	20032
3945	3945	20005
3946	3946	20020
3947	3947	19989
3948	3948	20030
3949	3949	19999
3950	3950	19987
3951	3951	20001
3952	3952	19975
3953	3953	19978
3954	3954	20011
3955	3955	19983
3956	3956	19969
3957	3957	19964
3958	3958	19982
3959	3959	19979
3960	3960	19994
3961	3961	19988
3962	3962	20022
3963	3963	20004
3964	3964	20012
3965	3965	19994
3966	3966	19980
3967	3967	20006
3968	3968	19988
3969	3969	19960
3970	3970	19965
3971	3971	19965
3972	3972	19975
3973	3973	20000
3974	3974	19959
3975	3975	19987
3976	3976	19963
3977	3977	19963
3978	3978	19958
3979	3979	19936
3980	3980	19950
3981	3981	19968
3982	3982	19928
3983	3983	19937
3984	3984	19953
3985	3985	19944
3986	3986	19917
3987	3987	19952
3988	3988	19953
3989	3989	19982
3990	3990	19948
3991	3991	19980
3992	3992	19938
3993	3993	19917
3994	3994	19965
3995	3995	19942
3996	3996	19945
3997	3997	19968
3998	3998	19913
3999	3999	19928
4000	4000	19954
4001	4001	19917
4002	4002	19926
4003	4003	19908
4004	4004	19901
4005	4005	19937
4006	4006	19931
4007	4007	19899
4008	4008	19882
4009	4009	19922
4010	4010	19912
4011	4011	19907
4012	4012	19859
4013	4013	19918
4014	4014	19855
4015	4015	19892
4016	4016	19889
4017	4017	19895
4018	4018	19868
4019	4019	19902
4020	4020	19863
4021	4021	19866
4022	4022	19902
4023	4023	19884
4024	4024	19856
4025	4025	19843
4026	4026	19877
4027	4027	19860
4028	4028	19867
4029	4029	19867
4030	4030	19876
4031	4031	19847
4032	4032	19814
4033	4033	19874
4034	4034	19832
4035	4035	19866
4036	4036	19826
4037	4037	19827
4038	4038	19843
4039	4039	19824
4040	4040	19836
4041	4041	19854
4042	4042	19861
4043	4043	19851
4044	4044	19874
4045	4045	19884
4046	4046	19854
4047	4047	19880
4048	4048	19834
4049	4049	19833
4050	4050	19858
4051	4051	19848
4052	4052	19832
4053	4053	19825
4054	4054	19790
4055	4055	19856
4056	4056	19847
4057	4057	19847
4058	4058	19843
4059	4059	19862
4060	4060	19861
4061	4061	19842
4062	4062	19837
4063	4063	19837
4064	4064	19863
4065	4065	19871
4066	4066	19863
4067	4067	19861
4068	4068	19877
4069	4069	19834
4070	4070	19869
4071	4071	19850
4072	4072	19842
4073	4073	19835
4074	4074	19854
4075	4075	19828
4076	4076	19869
4077	4077	19819
4078	4078	19822
4079	4079	19808
4080	4080	19841
4081	4081	19795
4082	4082	19832
4083	4083	19835
4084	4084	19810
4085	4085	19843
4086	4086	19847
4087	4087	19827
4088	4088	19822
4089	4089	19820
4090	4090	19833
4091	4091	19792
4092	4092	19809
4093	4093	19814
4094	4094	19777
4095	4095	19804
4096	4096	19809
4097	4097	19802
4098	4098	19812
4099	4099	19798
4100	4100	19822
4101	4101	19758
4102	4102	19770
4103	4103	19793
4104	4104	19766
4105	4105	19823
4106	4106	19783
4107	4107	19800
4108	4108	19815
4109	4109	19781
4110	4110	19798
4111	4111	19773
4112	4112	19794
4113	4113	19793
4114	4114	19796
4115	4115	19746
4116	4116	19789
4117	4117	19738
4118	4118	19774
4119	4119	19762
4120	4120	19764
4121	4121	19785
4122	4122	19776
4123	4123	19762
4124	4124	19770
4125	4125	19796
4126	4126	19801
4127	4127	19768
4128	4128	19748
4129	4129	19786
4130	4130	19739
4131	4131	19760
4132	4132	19752
4133	4133	19764
4134	4134	19761
4135	4135	19781
4136	4136	19730
4137	4137	19748
4138	4138	19717
4139	4139	19746
4140	4140	19751
4141	4141	19772
4142	4142	19740
4143	4143	19744
4144	4144	19717
4145	4145	19742
4146	4146	19718
4147	4147	19711
4148	4148	19717
4149	4149	19742
4150	4150	19677
4151	4151	19666
4152	4152	19686
4153	4153	19674
4154	4154	19691
4155	4155	19724
4156	4156	19704
4157	4157	19689
4158	4158	19707
4159	4159	19709
4160	4160	19727
4161	4161	19680
4162	4162	19688
4163	4163	19671
4164	4164	19659
4165	4165	19677
4166	4166	19668
4167	4167	19688
4168	4168	19710
4169	4169	19709
4170	4170	19649
4171	4171	19649
4172	4172	19654
4173	4173	19692
4174	4174	19687
4175	4175	19657
4176	4176	19664
4177	4177	19704
4178	4178	19685
4179	4179	19689
4180	4180	19667
4181	4181	19665
4182	4182	19669
4183	4183	19675
4184	4184	19680
4185	4185	19673
4186	4186	19653
4187	4187	19705
4188	4188	19663
4189	4189	19679
4190	4190	19637
4191	4191	19700
4192	4192	19650
4193	4193	19693
4194	4194	19648
4195	4195	19642
4196	4196	19663
4197	4197	19638
4198	4198	19670
4199	4199	19642
4200	4200	19651
4201	4201	19669
4202	4202	19651
4203	4203	19658
4204	4204	19663
4205	4205	19677
4206	4206	19643
4207	4207	19646
4208	4208	19652
4209	4209	19650
4210	4210	19682
4211	4211	19668
4212	4212	19657
4213	4213	19618
4214	4214	19611
4215	4215	19604
4216	4216	19645
4217	4217	19634
4218	4218	19635
4219	4219	19663
4220	4220	19626
4221	4221	19602
4222	4222	19618
4223	4223	19637
4224	4224	19613
4225	4225	19620
4226	4226	19643
4227	4227	19618
4228	4228	19611
4229	4229	19616
4230	4230	19636
4231	4231	19636
4232	4232	19625
4233	4233	19618
4234	4234	19639
4235	4235	19621
4236	4236	19599
4237	4237	19631
4238	4238	19594
4239	4239	19626
4240	4240	19628
4241	4241	19660
4242	4242	19633
4243	4243	19628
4244	4244	19627
4245	4245	19637
4246	4246	19678
4247	4247	19625
4248	4248	19598
4249	4249	19609
4250	4250	19617
4251	4251	19578
4252	4252	19614
4253	4253	19605
4254	4254	19618
4255	4255	19597
4256	4256	19582
4257	4257	19609
4258	4258	19624
4259	4259	19590
4260	4260	19599
4261	4261	19604
4262	4262	19627
4263	4263	19602
4264	4264	19617
4265	4265	19597
4266	4266	19622
4267	4267	19640
4268	4268	19632
4269	4269	19591
4270	4270	19597
4271	4271	19609
4272	4272	19592
4273	4273	19597
4274	4274	19648
4275	4275	19540
4276	4276	19618
4277	4277	19587
4278	4278	19591
4279	4279	19574
4280	4280	19582
4281	4281	19604
4282	4282	19577
4283	4283	19612
4284	4284	19568
4285	4285	19599
4286	4286	19604
4287	4287	19583
4288	4288	19606
4289	4289	19557
4290	4290	19549
4291	4291	19571
4292	4292	19589
4293	4293	19595
4294	4294	19584
4295	4295	19567
4296	4296	19582
4297	4297	19582
4298	4298	19540
4299	4299	19557
4300	4300	19579
4301	4301	19530
4302	4302	19571
4303	4303	19534
4304	4304	19532
4305	4305	19558
4306	4306	19550
4307	4307	19542
4308	4308	19563
4309	4309	19573
4310	4310	19559
4311	4311	19542
4312	4312	19539
4313	4313	19536
4314	4314	19547
4315	4315	19543
4316	4316	19533
4317	4317	19579
4318	4318	19529
4319	4319	19558
4320	4320	19542
4321	4321	19532
4322	4322	19528
4323	4323	19553
4324	4324	19539
4325	4325	19574
4326	4326	19542
4327	4327	19526
4328	4328	19556
4329	4329	19549
4330	4330	19526
4331	4331	19525
4332	4332	19533
4333	4333	19544
4334	4334	19486
4335	4335	19517
4336	4336	19493
4337	4337	19480
4338	4338	19504
4339	4339	19523
4340	4340	19506
4341	4341	19557
4342	4342	19524
4343	4343	19500
4344	4344	19535
4345	4345	19505
4346	4346	19528
4347	4347	19524
4348	4348	19518
4349	4349	19511
4350	4350	19488
4351	4351	19556
4352	4352	19474
4353	4353	19531
4354	4354	19511
4355	4355	19493
4356	4356	19520
4357	4357	19512
4358	4358	19495
4359	4359	19494
4360	4360	19526
4361	4361	19472
4362	4362	19488
4363	4363	19497
4364	4364	19472
4365	4365	19478
4366	4366	19502
4367	4367	19469
4368	4368	19486
4369	4369	19480
4370	4370	19481
4371	4371	19481
4372	4372	19509
4373	4373	19508
4374	4374	19455
4375	4375	19502
4376	4376	19501
4377	4377	19477
4378	4378	19491
4379	4379	19480
4380	4380	19489
4381	4381	19488
4382	4382	19479
4383	4383	19511
4384	4384	19495
4385	4385	19523
4386	4386	19472
4387	4387	19486
4388	4388	19477
4389	4389	19491
4390	4390	19443
4391	4391	19494
4392	4392	19462
4393	4393	19498
4394	4394	19487
4395	4395	19469
4396	4396	19497
4397	4397	19475
4398	4398	19454
4399	4399	19460
4400	4400	19484
4401	4401	19508
4402	4402	19468
4403	4403	19452
4404	4404	19464
4405	4405	19479
4406	4406	19505
4407	4407	19503
4408	4408	19466
4409	4409	19484
4410	4410	19465
4411	4411	19464
4412	4412	19487
4413	4413	19493
4414	4414	19445
4415	4415	19487
4416	4416	19443
4417	4417	19472
4418	4418	19441
4419	4419	19460
4420	4420	19458
4421	4421	19471
4422	4422	19518
4423	4423	19473
4424	4424	19480
4425	4425	19470
4426	4426	19465
4427	4427	19469
4428	4428	19485
4429	4429	19449
4430	4430	19410
4431	4431	19416
4432	4432	19462
4433	4433	19443
4434	4434	19464
4435	4435	19444
4436	4436	19451
4437	4437	19473
4438	4438	19473
4439	4439	19456
4440	4440	19466
4441	4441	19478
4442	4442	19443
4443	4443	19423
4444	4444	19463
4445	4445	19463
4446	4446	19455
4447	4447	19449
4448	4448	19436
4449	4449	19433
4450	4450	19428
4451	4451	19447
4452	4452	19428
4453	4453	19441
4454	4454	19420
4455	4455	19401
4456	4456	19439
4457	4457	19411
4458	4458	19453
4459	4459	19448
4460	4460	19427
4461	4461	19401
4462	4462	19446
4463	4463	19420
4464	4464	19432
4465	4465	19447
4466	4466	19457
4467	4467	19459
4468	4468	19443
4469	4469	19409
4470	4470	19449
4471	4471	19405
4472	4472	19430
4473	4473	19370
4474	4474	19384
4475	4475	19406
4476	4476	19405
4477	4477	19383
4478	4478	19373
4479	4479	19411
4480	4480	19388
4481	4481	19408
4482	4482	19378
4483	4483	19408
4484	4484	19374
4485	4485	19379
4486	4486	19428
4487	4487	19373
4488	4488	19370
4489	4489	19401
4490	4490	19350
4491	4491	19390
4492	4492	19386
4493	4493	19439
4494	4494	19413
4495	4495	19385
4496	4496	19400
4497	4497	19398
4498	4498	19386
4499	4499	19401
4500	4500	19400
4501	4501	19389
4502	4502	19383
4503	4503	19367
4504	4504	19358
4505	4505	19379
4506	4506	19383
4507	4507	19395
4508	4508	19378
4509	4509	19384
4510	4510	19370
4511	4511	19382
4512	4512	19410
4513	4513	19363
4514	4514	19356
4515	4515	19356
4516	4516	19361
4517	4517	19356
4518	4518	19405
4519	4519	19363
4520	4520	19345
4521	4521	19367
4522	4522	19402
4523	4523	19353
4524	4524	19384
4525	4525	19399
4526	4526	19367
4527	4527	19370
4528	4528	19332
4529	4529	19380
4530	4530	19336
4531	4531	19357
4532	4532	19350
4533	4533	19360
4534	4534	19364
4535	4535	19330
4536	4536	19374
4537	4537	19365
4538	4538	19335
4539	4539	19339
4540	4540	19356
4541	4541	19317
4542	4542	19318
4543	4543	19341
4544	4544	19396
4545	4545	19349
4546	4546	19397
4547	4547	19345
4548	4548	19332
4549	4549	19366
4550	4550	19369
4551	4551	19357
4552	4552	19358
4553	4553	19347
4554	4554	19383
4555	4555	19319
4556	4556	19337
4557	4557	19357
4558	4558	19356
4559	4559	19341
4560	4560	19353
4561	4561	19369
4562	4562	19327
4563	4563	19341
4564	4564	19308
4565	4565	19359
4566	4566	19323
4567	4567	19332
4568	4568	19309
4569	4569	19338
4570	4570	19316
4571	4571	19288
4572	4572	19322
4573	4573	19283
4574	4574	19300
4575	4575	19295
4576	4576	19307
4577	4577	19318
4578	4578	19357
4579	4579	19305
4580	4580	19297
4581	4581	19296
4582	4582	19324
4583	4583	19311
4584	4584	19325
4585	4585	19309
4586	4586	19312
4587	4587	19308
4588	4588	19285
4589	4589	19285
4590	4590	19313
4591	4591	19326
4592	4592	19314
4593	4593	19290
4594	4594	19283
4595	4595	19294
4596	4596	19277
4597	4597	19290
4598	4598	19286
4599	4599	19314
4600	4600	19300
4601	4601	19297
4602	4602	19293
4603	4603	19331
4604	4604	19302
4605	4605	19289
4606	4606	19302
4607	4607	19317
4608	4608	19328
4609	4609	19312
4610	4610	19268
4611	4611	19303
4612	4612	19269
4613	4613	19277
4614	4614	19282
4615	4615	19267
4616	4616	19272
4617	4617	19288
4618	4618	19296
4619	4619	19321
4620	4620	19261
4621	4621	19265
4622	4622	19298
4623	4623	19307
4624	4624	19291
4625	4625	19252
4626	4626	19265
4627	4627	19248
4628	4628	19297
4629	4629	19293
4630	4630	19312
4631	4631	19320
4632	4632	19285
4633	4633	19293
4634	4634	19309
4635	4635	19301
4636	4636	19277
4637	4637	19256
4638	4638	19292
4639	4639	19310
4640	4640	19320
4641	4641	19285
4642	4642	19250
4643	4643	19246
4644	4644	19295
4645	4645	19260
4646	4646	19278
4647	4647	19300
4648	4648	19305
4649	4649	19313
4650	4650	19260
4651	4651	19304
4652	4652	19259
4653	4653	19259
4654	4654	19255
4655	4655	19246
4656	4656	19241
4657	4657	19201
4658	4658	19270
4659	4659	19258
4660	4660	19215
4661	4661	19226
4662	4662	19211
4663	4663	19252
4664	4664	19250
4665	4665	19222
4666	4666	19242
4667	4667	19255
4668	4668	19234
4669	4669	19267
4670	4670	19247
4671	4671	19241
4672	4672	19265
4673	4673	19251
4674	4674	19233
4675	4675	19254
4676	4676	19219
4677	4677	19213
4678	4678	19245
4679	4679	19206
4680	4680	19247
4681	4681	19240
4682	4682	19224
4683	4683	19250
4684	4684	19245
4685	4685	19211
4686	4686	19252
4687	4687	19237
4688	4688	19230
4689	4689	19201
4690	4690	19214
4691	4691	19227
4692	4692	19219
4693	4693	19221
4694	4694	19192
4695	4695	19191
4696	4696	19233
4697	4697	19223
4698	4698	19197
4699	4699	19217
4700	4700	19224
4701	4701	19227
4702	4702	19206
4703	4703	19200
4704	4704	19239
4705	4705	19207
4706	4706	19201
4707	4707	19209
4708	4708	19202
4709	4709	19208
4710	4710	19222
4711	4711	19204
4712	4712	19202
4713	4713	19196
4714	4714	19201
4715	4715	19205
4716	4716	19202
4717	4717	19223
4718	4718	19173
4719	4719	19177
4720	4720	19211
4721	4721	19199
4722	4722	19182
4723	4723	19193
4724	4724	19202
4725	4725	19211
4726	4726	19230
4727	4727	19219
4728	4728	19195
4729	4729	19209
4730	4730	19208
4731	4731	19191
4732	4732	19234
4733	4733	19202
4734	4734	19235
4735	4735	19221
4736	4736	19210
4737	4737	19178
4738	4738	19207
4739	4739	19211
4740	4740	19216
4741	4741	19174
4742	4742	19173
4743	4743	19191
4744	4744	19172
4745	4745	19200
4746	4746	19195
4747	4747	19187
4748	4748	19155
4749	4749	19164
4750	4750	19163
4751	4751	19192
4752	4752	19167
4753	4753	19165
4754	4754	19185
4755	4755	19155
4756	4756	19164
4757	4757	19161
4758	4758	19115
4759	4759	19155
4760	4760	19166
4761	4761	19162
4762	4762	19129
4763	4763	19141
4764	4764	19132
4765	4765	19123
4766	4766	19123
4767	4767	19158
4768	4768	19149
4769	4769	19108
4770	4770	19109
4771	4771	19143
4772	4772	19091
4773	4773	19128
4774	4774	19140
4775	4775	19139
4776	4776	19133
4777	4777	19104
4778	4778	19101
4779	4779	19117
4780	4780	19118
4781	4781	19115
4782	4782	19109
4783	4783	19126
4784	4784	19105
4785	4785	19110
4786	4786	19095
4787	4787	19114
4788	4788	19132
4789	4789	19089
4790	4790	19084
4791	4791	19127
4792	4792	19131
4793	4793	19091
4794	4794	19137
4795	4795	19121
4796	4796	19124
4797	4797	19136
4798	4798	19071
4799	4799	19115
4800	4800	19076
4801	4801	19107
4802	4802	19078
4803	4803	19092
4804	4804	19091
4805	4805	19090
4806	4806	19094
4807	4807	19123
4808	4808	19116
4809	4809	19123
4810	4810	19084
4811	4811	19112
4812	4812	19112
4813	4813	19092
4814	4814	19100
4815	4815	19123
4816	4816	19120
4817	4817	19103
4818	4818	19084
4819	4819	19058
4820	4820	19050
4821	4821	19084
4822	4822	19067
4823	4823	19106
4824	4824	19092
4825	4825	19090
4826	4826	19068
4827	4827	19073
4828	4828	19112
4829	4829	19113
4830	4830	19117
4831	4831	19103
4832	4832	19118
4833	4833	19077
4834	4834	19115
4835	4835	19061
4836	4836	19087
4837	4837	19084
4838	4838	19110
4839	4839	19108
4840	4840	19086
4841	4841	19082
4842	4842	19114
4843	4843	19084
4844	4844	19108
4845	4845	19053
4846	4846	19073
4847	4847	19084
4848	4848	19100
4849	4849	19103
4850	4850	19066
4851	4851	19086
4852	4852	19072
4853	4853	19057
4854	4854	19038
4855	4855	19087
4856	4856	19090
4857	4857	19106
4858	4858	19101
4859	4859	19119
4860	4860	19118
4861	4861	19060
4862	4862	19101
4863	4863	19106
4864	4864	19075
4865	4865	19082
4866	4866	19066
4867	4867	19066
4868	4868	19076
4869	4869	19091
4870	4870	19116
4871	4871	19088
4872	4872	19081
4873	4873	19091
4874	4874	19072
4875	4875	19078
4876	4876	19077
4877	4877	19053
4878	4878	19088
4879	4879	19077
4880	4880	19105
4881	4881	19069
4882	4882	19074
4883	4883	19052
4884	4884	19101
4885	4885	19016
4886	4886	19050
4887	4887	19083
4888	4888	19053
4889	4889	19063
4890	4890	19060
4891	4891	19027
4892	4892	19065
4893	4893	19071
4894	4894	19066
4895	4895	19070
4896	4896	19106
4897	4897	19077
4898	4898	19038
4899	4899	19039
4900	4900	19009
4901	4901	19057
4902	4902	19074
4903	4903	19074
4904	4904	19062
4905	4905	19048
4906	4906	19037
4907	4907	19069
4908	4908	19091
4909	4909	19030
4910	4910	19074
4911	4911	19046
4912	4912	19039
4913	4913	19061
4914	4914	19056
4915	4915	19050
4916	4916	19070
4917	4917	19050
4918	4918	19047
4919	4919	19049
4920	4920	19063
4921	4921	19064
4922	4922	19058
4923	4923	19035
4924	4924	19036
4925	4925	19046
4926	4926	19032
4927	4927	19067
4928	4928	19054
4929	4929	19036
4930	4930	19049
4931	4931	19056
4932	4932	19067
4933	4933	19058
4934	4934	19048
4935	4935	19046
4936	4936	19034
4937	4937	19074
4938	4938	19037
4939	4939	19080
4940	4940	19060
4941	4941	19053
4942	4942	19014
4943	4943	19032
4944	4944	19048
4945	4945	19034
4946	4946	19021
4947	4947	19025
4948	4948	18993
4949	4949	19017
4950	4950	19057
4951	4951	19016
4952	4952	19056
4953	4953	19046
4954	4954	19053
4955	4955	19063
4956	4956	19030
4957	4957	19023
4958	4958	19031
4959	4959	19049
4960	4960	19020
4961	4961	19034
4962	4962	19014
4963	4963	19052
4964	4964	19003
4965	4965	19008
4966	4966	19039
4967	4967	18992
4968	4968	18997
4969	4969	19035
4970	4970	19016
4971	4971	19031
4972	4972	19027
4973	4973	19014
4974	4974	19015
4975	4975	19004
4976	4976	19021
4977	4977	18987
4978	4978	18961
4979	4979	18988
4980	4980	19036
4981	4981	19006
4982	4982	19025
4983	4983	19016
4984	4984	19022
4985	4985	19002
4986	4986	19042
4987	4987	19031
4988	4988	19029
4989	4989	19041
4990	4990	19024
4991	4991	19022
4992	4992	19002
4993	4993	19009
4994	4994	19003
4995	4995	19007
4996	4996	19041
4997	4997	19025
4998	4998	19018
4999	4999	19000
5000	5000	19047
5001	5001	19034
5002	5002	19031
5003	5003	19006
5004	5004	19003
5005	5005	18989
5006	5006	19001
5007	5007	19018
5008	5008	18988
5009	5009	19024
5010	5010	18974
5011	5011	19010
5012	5012	18997
5013	5013	18994
5014	5014	18996
5015	5015	18978
5016	5016	18988
5017	5017	19004
5018	5018	18988
5019	5019	19020
5020	5020	19014
5021	5021	18996
5022	5022	19008
5023	5023	18975
5024	5024	18988
5025	5025	18998
5026	5026	18990
5027	5027	19007
5028	5028	18994
5029	5029	18990
5030	5030	18949
5031	5031	18987
5032	5032	18977
5033	5033	18930
5034	5034	18988
5035	5035	18970
5036	5036	18979
5037	5037	18971
5038	5038	18985
5039	5039	18997
5040	5040	18964
5041	5041	19013
5042	5042	18969
5043	5043	18966
5044	5044	18959
5045	5045	18976
5046	5046	18970
5047	5047	18997
5048	5048	18979
5049	5049	18961
5050	5050	18949
5051	5051	18972
5052	5052	18986
5053	5053	18951
5054	5054	18970
5055	5055	18941
5056	5056	18958
5057	5057	18952
5058	5058	18953
5059	5059	18978
5060	5060	18955
5061	5061	18957
5062	5062	18983
5063	5063	18924
5064	5064	19008
5065	5065	18953
5066	5066	18972
5067	5067	18987
5068	5068	18930
5069	5069	18937
5070	5070	18946
5071	5071	18949
5072	5072	18923
5073	5073	18978
5074	5074	18937
5075	5075	18950
5076	5076	18928
5077	5077	18881
5078	5078	18913
5079	5079	18905
5080	5080	18961
5081	5081	18960
5082	5082	18911
5083	5083	18941
5084	5084	18924
5085	5085	18905
5086	5086	18905
5087	5087	18943
5088	5088	18925
5089	5089	18935
5090	5090	18916
5091	5091	18906
5092	5092	18879
5093	5093	18915
5094	5094	18915
5095	5095	18900
5096	5096	18913
5097	5097	18936
5098	5098	18894
5099	5099	18909
5100	5100	18918
5101	5101	18923
5102	5102	18914
5103	5103	18924
5104	5104	18930
5105	5105	18917
5106	5106	18936
5107	5107	18924
5108	5108	18941
5109	5109	18931
5110	5110	18915
5111	5111	18922
5112	5112	18908
5113	5113	18926
5114	5114	18906
5115	5115	18912
5116	5116	18926
5117	5117	18914
5118	5118	18873
5119	5119	18910
5120	5120	18915
5121	5121	18918
5122	5122	18918
5123	5123	18944
5124	5124	18972
5125	5125	18923
5126	5126	18915
5127	5127	18926
5128	5128	18918
5129	5129	18887
5130	5130	18911
5131	5131	18911
5132	5132	18923
5133	5133	18896
5134	5134	18921
5135	5135	18893
5136	5136	18917
5137	5137	18864
5138	5138	18890
5139	5139	18908
5140	5140	18893
5141	5141	18921
5142	5142	18886
5143	5143	18910
5144	5144	18885
5145	5145	18873
5146	5146	18889
5147	5147	18913
5148	5148	18913
5149	5149	18917
5150	5150	18867
5151	5151	18919
5152	5152	18886
5153	5153	18889
5154	5154	18896
5155	5155	18887
5156	5156	18884
5157	5157	18888
5158	5158	18880
5159	5159	18895
5160	5160	18870
5161	5161	18883
5162	5162	18860
5163	5163	18871
5164	5164	18855
5165	5165	18850
5166	5166	18891
5167	5167	18883
5168	5168	18872
5169	5169	18846
5170	5170	18899
5171	5171	18863
5172	5172	18872
5173	5173	18873
5174	5174	18852
5175	5175	18890
5176	5176	18894
5177	5177	18857
5178	5178	18851
5179	5179	18875
5180	5180	18889
5181	5181	18847
5182	5182	18874
5183	5183	18838
5184	5184	18861
5185	5185	18869
5186	5186	18887
5187	5187	18868
5188	5188	18849
5189	5189	18863
5190	5190	18861
5191	5191	18842
5192	5192	18866
5193	5193	18835
5194	5194	18889
5195	5195	18880
5196	5196	18860
5197	5197	18856
5198	5198	18837
5199	5199	18874
5200	5200	18846
5201	5201	18881
5202	5202	18860
5203	5203	18881
5204	5204	18842
5205	5205	18866
5206	5206	18825
5207	5207	18866
5208	5208	18860
5209	5209	18842
5210	5210	18832
5211	5211	18840
5212	5212	18883
5213	5213	18842
5214	5214	18855
5215	5215	18851
5216	5216	18854
5217	5217	18847
5218	5218	18818
5219	5219	18855
5220	5220	18887
5221	5221	18865
5222	5222	18869
5223	5223	18818
5224	5224	18828
5225	5225	18849
5226	5226	18862
5227	5227	18855
5228	5228	18847
5229	5229	18848
5230	5230	18843
5231	5231	18824
5232	5232	18859
5233	5233	18846
5234	5234	18857
5235	5235	18809
5236	5236	18846
5237	5237	18823
5238	5238	18860
5239	5239	18832
5240	5240	18824
5241	5241	18816
5242	5242	18812
5243	5243	18798
5244	5244	18845
5245	5245	18839
5246	5246	18838
5247	5247	18833
5248	5248	18829
5249	5249	18860
5250	5250	18821
5251	5251	18840
5252	5252	18806
5253	5253	18769
5254	5254	18847
5255	5255	18823
5256	5256	18833
5257	5257	18795
5258	5258	18826
5259	5259	18859
5260	5260	18814
5261	5261	18814
5262	5262	18828
5263	5263	18791
5264	5264	18817
5265	5265	18827
5266	5266	18812
5267	5267	18819
5268	5268	18851
5269	5269	18808
5270	5270	18848
5271	5271	18842
5272	5272	18822
5273	5273	18851
5274	5274	18824
5275	5275	18847
5276	5276	18833
5277	5277	18843
5278	5278	18824
5279	5279	18845
5280	5280	18824
5281	5281	18851
5282	5282	18823
5283	5283	18797
5284	5284	18795
5285	5285	18773
5286	5286	18807
5287	5287	18839
5288	5288	18794
5289	5289	18793
5290	5290	18802
5291	5291	18822
5292	5292	18809
5293	5293	18814
5294	5294	18820
5295	5295	18832
5296	5296	18779
5297	5297	18811
5298	5298	18816
5299	5299	18778
