 	slice	peaks
1	1	11324
2	2	11420
3	3	11376
4	4	11371
5	5	11340
6	6	11320
7	7	11293
8	8	11258
9	9	11191
10	10	11153
11	11	11128
12	12	11102
13	13	11088
14	14	11050
15	15	11019
16	16	10995
17	17	10995
18	18	10945
19	19	10924
20	20	10904
21	21	10880
22	22	10853
23	23	10812
24	24	10793
25	25	10776
26	26	10762
27	27	10737
28	28	10714
29	29	10685
30	30	10658
31	31	10643
32	32	10619
33	33	10606
34	34	10590
35	35	10542
36	36	10537
37	37	10511
38	38	10487
39	39	10485
40	40	10464
41	41	10419
42	42	10407
43	43	10381
44	44	10366
45	45	10355
46	46	10345
47	47	10322
48	48	10297
49	49	10272
50	50	10266
51	51	10258
52	52	10225
53	53	10228
54	54	10197
55	55	10184
56	56	10164
57	57	10151
58	58	10125
59	59	10101
60	60	10103
61	61	10085
62	62	10056
63	63	10041
64	64	10011
65	65	10011
66	66	9982
67	67	9972
68	68	9945
69	69	9937
70	70	9915
71	71	9900
72	72	9879
73	73	9868
74	74	9846
75	75	9842
76	76	9822
77	77	9793
78	78	9796
79	79	9779
80	80	9768
81	81	9841
82	82	9823
83	83	9804
84	84	9794
85	85	9777
86	86	9759
87	87	9750
88	88	9746
89	89	9728
90	90	9720
91	91	9698
92	92	9684
93	93	9678
94	94	9658
95	95	9643
96	96	9624
97	97	9608
98	98	9599
99	99	9583
100	100	9560
101	101	9543
102	102	9533
103	103	9527
104	104	9498
105	105	9481
106	106	9478
107	107	9463
108	108	9454
109	109	9432
110	110	9425
111	111	9405
112	112	9375
113	113	9360
114	114	9346
115	115	9337
116	116	9326
117	117	9318
118	118	9297
119	119	9291
120	120	9275
121	121	9259
122	122	9241
123	123	9219
124	124	9216
125	125	9207
126	126	9187
127	127	9182
128	128	9159
129	129	9140
130	130	9134
131	131	9120
132	132	9114
133	133	9110
134	134	9092
135	135	9079
136	136	9067
137	137	9060
138	138	9054
139	139	9041
140	140	9034
141	141	9026
142	142	9014
143	143	9004
144	144	8997
145	145	8984
146	146	8988
147	147	8975
148	148	8965
149	149	8955
150	150	8933
151	151	8925
152	152	8917
153	153	8895
154	154	8890
155	155	8884
156	156	8866
157	157	8857
158	158	8852
159	159	8837
160	160	8826
161	161	8817
162	162	8799
163	163	8797
164	164	8795
165	165	8779
166	166	8765
167	167	8757
168	168	8745
169	169	8731
170	170	8723
171	171	8711
172	172	8711
173	173	8702
174	174	8690
175	175	8679
176	176	8680
177	177	8658
178	178	8659
179	179	8649
180	180	8645
181	181	8631
182	182	8640
183	183	8630
184	184	8614
185	185	8619
186	186	8607
187	187	8597
188	188	8585
189	189	8567
190	190	8573
191	191	8555
192	192	8552
193	193	8543
194	194	8546
195	195	8545
196	196	8532
197	197	8517
198	198	8514
199	199	8509
200	200	8500
201	201	8483
202	202	8480
203	203	8472
204	204	8461
205	205	8464
206	206	8455
207	207	8438
208	208	8435
209	209	8421
210	210	8414
211	211	8408
212	212	8403
213	213	8391
214	214	8384
215	215	8378
216	216	8373
217	217	8372
218	218	8364
219	219	8359
220	220	8348
221	221	8338
222	222	8329
223	223	8334
224	224	8322
225	225	8315
226	226	8310
227	227	8298
228	228	8289
229	229	8280
230	230	8280
231	231	8318
232	232	8317
233	233	8305
234	234	8302
235	235	8297
236	236	8296
237	237	8296
238	238	8287
239	239	8278
240	240	8277
241	241	8269
242	242	8259
243	243	8263
244	244	8250
245	245	8242
246	246	8241
247	247	8231
248	248	8222
249	249	8213
250	250	8211
251	251	8212
252	252	8199
253	253	8195
254	254	8189
255	255	8188
256	256	8187
257	257	8177
258	258	8172
259	259	8162
260	260	8166
261	261	8149
262	262	8153
263	263	8142
264	264	8137
265	265	8134
266	266	8124
267	267	8120
268	268	8111
269	269	8101
270	270	8096
271	271	8081
272	272	8084
273	273	8075
274	274	8067
275	275	8065
276	276	8064
277	277	8063
278	278	8058
279	279	8044
280	280	8032
281	281	8037
282	282	8027
283	283	8022
284	284	8022
285	285	8008
286	286	8011
287	287	8004
288	288	7996
289	289	7985
290	290	7985
291	291	7983
292	292	7982
293	293	7979
294	294	7976
295	295	7974
296	296	7957
297	297	7959
298	298	7948
299	299	7946
300	300	7942
301	301	7938
302	302	7934
303	303	7926
304	304	7924
305	305	7911
306	306	7911
307	307	7903
308	308	7889
309	309	7903
310	310	7890
311	311	7880
312	312	7876
313	313	7870
314	314	7872
315	315	7875
316	316	7868
317	317	7861
318	318	7857
319	319	7853
320	320	7853
321	321	7854
322	322	7850
323	323	7835
324	324	7826
325	325	7831
326	326	7831
327	327	7817
328	328	7821
329	329	7812
330	330	7810
331	331	7804
332	332	7798
333	333	7791
334	334	7799
335	335	7793
336	336	7785
337	337	7794
338	338	7782
339	339	7775
340	340	7769
341	341	7768
342	342	7766
343	343	7761
344	344	7757
345	345	7747
346	346	7740
347	347	7739
348	348	7736
349	349	7732
350	350	7726
351	351	7725
352	352	7712
353	353	7710
354	354	7710
355	355	7708
356	356	7702
357	357	7698
358	358	7691
359	359	7692
360	360	7694
361	361	7691
362	362	7686
363	363	7679
364	364	7671
365	365	7671
366	366	7661
367	367	7661
368	368	7658
369	369	7654
370	370	7649
371	371	7653
372	372	7645
373	373	7639
374	374	7640
375	375	7642
376	376	7637
377	377	7635
378	378	7625
379	379	7620
380	380	7620
381	381	7610
382	382	7595
383	383	7584
384	384	7575
385	385	7562
386	386	7566
387	387	7568
388	388	7558
389	389	7545
390	390	7527
391	391	7517
392	392	7499
393	393	7491
394	394	7471
395	395	7462
396	396	7442
397	397	7423
398	398	7389
399	399	7368
400	400	7347
401	401	7326
402	402	7300
403	403	7273
404	404	7261
405	405	7230
406	406	7215
407	407	7194
408	408	7165
409	409	7151
410	410	7120
411	411	7095
412	412	7068
413	413	7048
414	414	7021
415	415	6986
416	416	6947
417	417	6917
418	418	6889
419	419	6857
420	420	6820
421	421	6783
422	422	6753
423	423	6731
424	424	6703
425	425	6661
426	426	6637
427	427	6605
428	428	6573
429	429	6541
430	430	6504
431	431	6464
432	432	6414
433	433	6382
434	434	6343
435	435	6304
436	436	6272
437	437	6233
438	438	6199
439	439	6163
440	440	6122
441	441	6083
442	442	6083
443	443	6053
444	444	6018
445	445	5985
446	446	5954
447	447	5922
448	448	5888
449	449	5844
450	450	5812
451	451	5780
452	452	5738
453	453	5716
454	454	5679
455	455	5635
456	456	5602
457	457	5548
458	458	5520
459	459	5497
460	460	5479
461	461	5435
462	462	5406
463	463	5372
464	464	5348
465	465	5304
466	466	5268
467	467	5232
468	468	5206
469	469	5172
470	470	5144
471	471	5114
472	472	5093
473	473	5069
474	474	5041
475	475	5007
476	476	4985
477	477	4954
478	478	4926
479	479	4902
480	480	4874
481	481	4844
482	482	4808
483	483	4781
484	484	4748
485	485	4726
486	486	4691
487	487	4662
488	488	4645
489	489	4619
490	490	4583
491	491	4563
492	492	4543
493	493	4504
494	494	4478
495	495	4464
496	496	4429
497	497	4402
498	498	4385
499	499	4360
500	500	4332
501	501	4304
502	502	4273
503	503	4253
504	504	4233
505	505	4219
506	506	4190
507	507	4197
508	508	4171
509	509	4150
510	510	4132
511	511	4115
512	512	4090
513	513	4081
514	514	4072
515	515	4061
516	516	4041
517	517	4012
518	518	3976
519	519	3964
520	520	3937
521	521	3919
522	522	3917
523	523	3904
524	524	3875
525	525	3857
526	526	3841
527	527	3829
528	528	3819
529	529	3795
530	530	3781
531	531	3765
532	532	3747
533	533	3729
534	534	3718
535	535	3704
536	536	3683
537	537	3672
538	538	3639
539	539	3626
540	540	3615
541	541	3598
542	542	3580
543	543	3571
544	544	3553
545	545	3547
546	546	3516
547	547	3505
548	548	3493
549	549	3471
550	550	3461
551	551	3448
552	552	3432
553	553	3417
554	554	3408
555	555	3388
556	556	3375
557	557	3363
558	558	3344
559	559	3333
560	560	3319
561	561	3299
562	562	3281
563	563	3280
564	564	3263
565	565	3246
566	566	3236
567	567	3225
568	568	3212
569	569	3196
570	570	3185
571	571	3180
572	572	3171
573	573	3158
574	574	3144
575	575	3136
576	576	3126
577	577	3108
578	578	3101
579	579	3088
580	580	3086
581	581	3068
582	582	3065
583	583	3061
584	584	3041
585	585	3032
586	586	3025
587	587	3031
588	588	3012
589	589	3003
590	590	2999
591	591	2980
592	592	2969
593	593	2958
594	594	2957
595	595	2941
596	596	2924
597	597	2913
598	598	2905
599	599	2892
600	600	2879
601	601	2869
602	602	2876
603	603	2864
604	604	2862
605	605	2884
606	606	2881
607	607	2872
608	608	2858
609	609	2856
610	610	2844
611	611	2838
612	612	2834
613	613	2823
614	614	2813
615	615	2807
616	616	2801
617	617	2796
618	618	2791
619	619	2784
620	620	2769
621	621	2760
622	622	2750
623	623	2748
624	624	2736
625	625	2729
626	626	2712
627	627	2714
628	628	2708
629	629	2702
630	630	2695
631	631	2684
632	632	2685
633	633	2672
634	634	2667
635	635	2658
636	636	2656
637	637	2651
638	638	2646
639	639	2647
640	640	2639
641	641	2629
642	642	2628
643	643	2617
644	644	2602
645	645	2604
646	646	2586
647	647	2592
648	648	2581
649	649	2577
650	650	2575
651	651	2571
652	652	2557
653	653	2554
654	654	2550
655	655	2546
656	656	2543
657	657	2537
658	658	2530
659	659	2523
660	660	2519
661	661	2522
662	662	2506
663	663	2504
664	664	2498
665	665	2491
666	666	2491
667	667	2480
668	668	2470
669	669	2470
670	670	2460
671	671	2462
672	672	2460
673	673	2454
674	674	2442
675	675	2431
676	676	2421
677	677	2421
678	678	2417
679	679	2419
680	680	2406
681	681	2403
682	682	2402
683	683	2398
684	684	2396
685	685	2393
686	686	2389
687	687	2387
688	688	2380
689	689	2375
690	690	2368
691	691	2370
692	692	2362
693	693	2364
694	694	2357
695	695	2341
696	696	2339
697	697	2331
698	698	2333
699	699	2334
700	700	2326
701	701	2314
702	702	2305
703	703	2316
704	704	2310
705	705	2311
706	706	2303
707	707	2290
708	708	2296
709	709	2294
710	710	2286
711	711	2282
712	712	2272
713	713	2264
714	714	2267
715	715	2263
716	716	2265
717	717	2260
718	718	2263
719	719	2254
720	720	2244
721	721	2243
722	722	2238
723	723	2231
724	724	2224
725	725	2222
726	726	2224
727	727	2222
728	728	2211
729	729	2207
730	730	2209
731	731	2194
732	732	2194
733	733	2190
734	734	2189
735	735	2186
736	736	2182
737	737	2181
738	738	2178
739	739	2172
740	740	2179
741	741	2173
742	742	2175
743	743	2164
744	744	2162
745	745	2153
746	746	2152
747	747	2150
748	748	2144
749	749	2147
750	750	2137
751	751	2133
752	752	2132
753	753	2116
754	754	2119
755	755	2117
756	756	2114
757	757	2110
758	758	2106
759	759	2118
760	760	2113
761	761	2103
762	762	2097
763	763	2097
764	764	2090
765	765	2093
766	766	2092
767	767	2082
768	768	2082
769	769	2081
770	770	2077
771	771	2072
772	772	2063
773	773	2065
774	774	2057
775	775	2060
776	776	2051
777	777	2046
778	778	2045
779	779	2031
780	780	2030
781	781	2035
782	782	2030
783	783	2027
784	784	2020
785	785	2019
786	786	2019
787	787	2017
788	788	2016
789	789	2005
790	790	2000
791	791	2001
792	792	1998
793	793	1999
794	794	1994
795	795	1991
796	796	1984
797	797	1977
798	798	1981
799	799	1979
800	800	1988
801	801	1977
802	802	1976
803	803	1973
804	804	1969
805	805	1960
806	806	1969
807	807	1960
808	808	1964
809	809	1952
810	810	1942
811	811	1941
812	812	1937
813	813	1935
814	814	1923
815	815	1920
816	816	1926
817	817	1919
818	818	1912
819	819	1917
820	820	1911
821	821	1911
822	822	1908
823	823	1899
824	824	1902
825	825	1895
826	826	1898
827	827	1894
828	828	1898
829	829	1892
830	830	1887
831	831	1881
832	832	1886
833	833	1872
834	834	1874
835	835	1914
836	836	1903
837	837	1901
838	838	1897
839	839	1895
840	840	1902
841	841	1888
842	842	1907
843	843	1890
844	844	1898
845	845	1893
846	846	1888
847	847	1890
848	848	1892
849	849	1874
850	850	1881
851	851	1875
852	852	1882
853	853	1876
854	854	1871
855	855	1878
856	856	1873
857	857	1879
858	858	1866
859	859	1867
860	860	1862
861	861	1862
862	862	1853
863	863	1852
864	864	1859
865	865	1853
866	866	1855
867	867	1847
868	868	1844
869	869	1834
870	870	1842
871	871	1845
872	872	1833
873	873	1835
874	874	1829
875	875	1827
876	876	1816
877	877	1813
878	878	1811
879	879	1798
880	880	1804
881	881	1801
882	882	1791
883	883	1798
884	884	1800
885	885	1791
886	886	1788
887	887	1798
888	888	1790
889	889	1791
890	890	1786
891	891	1779
892	892	1783
893	893	1788
894	894	1773
895	895	1772
896	896	1769
897	897	1771
898	898	1758
899	899	1756
900	900	1754
901	901	1766
902	902	1764
903	903	1753
904	904	1751
905	905	1748
906	906	1745
907	907	1739
908	908	1733
909	909	1743
910	910	1738
911	911	1737
912	912	1727
913	913	1729
914	914	1731
915	915	1732
916	916	1728
917	917	1721
918	918	1725
919	919	1720
920	920	1709
921	921	1718
922	922	1710
923	923	1715
924	924	1708
925	925	1713
926	926	1716
927	927	1704
928	928	1704
929	929	1712
930	930	1704
931	931	1704
932	932	1707
933	933	1701
934	934	1696
935	935	1704
936	936	1695
937	937	1690
938	938	1695
939	939	1696
940	940	1692
941	941	1697
942	942	1688
943	943	1684
944	944	1688
945	945	1678
946	946	1683
947	947	1686
948	948	1674
949	949	1677
950	950	1684
951	951	1670
952	952	1682
953	953	1666
954	954	1670
955	955	1658
956	956	1664
957	957	1662
958	958	1659
959	959	1656
960	960	1657
961	961	1656
962	962	1654
963	963	1649
964	964	1646
965	965	1658
966	966	1644
967	967	1639
968	968	1647
969	969	1637
970	970	1648
971	971	1638
972	972	1645
973	973	1627
974	974	1632
975	975	1630
976	976	1632
977	977	1629
978	978	1625
979	979	1622
980	980	1626
981	981	1616
982	982	1622
983	983	1621
984	984	1617
985	985	1608
986	986	1602
987	987	1613
988	988	1608
989	989	1606
990	990	1602
991	991	1605
992	992	1598
993	993	1590
994	994	1592
995	995	1593
996	996	1595
997	997	1595
998	998	1592
999	999	1584
1000	1000	1585
1001	1001	1587
1002	1002	1583
1003	1003	1581
1004	1004	1578
1005	1005	1575
1006	1006	1578
1007	1007	1578
1008	1008	1578
1009	1009	1575
1010	1010	1567
1011	1011	1569
1012	1012	1566
1013	1013	1569
1014	1014	1562
1015	1015	1561
1016	1016	1551
1017	1017	1551
1018	1018	1550
1019	1019	1547
1020	1020	1552
1021	1021	1556
1022	1022	1552
1023	1023	1546
1024	1024	1549
1025	1025	1542
1026	1026	1544
1027	1027	1532
1028	1028	1548
1029	1029	1540
1030	1030	1535
1031	1031	1533
1032	1032	1532
1033	1033	1537
1034	1034	1530
1035	1035	1525
1036	1036	1523
1037	1037	1519
1038	1038	1528
1039	1039	1523
1040	1040	1513
1041	1041	1520
1042	1042	1523
1043	1043	1517
1044	1044	1514
1045	1045	1518
1046	1046	1515
1047	1047	1510
1048	1048	1516
1049	1049	1514
1050	1050	1508
1051	1051	1499
1052	1052	1501
1053	1053	1503
1054	1054	1502
1055	1055	1497
1056	1056	1502
1057	1057	1498
1058	1058	1499
1059	1059	1492
1060	1060	1493
1061	1061	1496
1062	1062	1491
1063	1063	1483
1064	1064	1487
1065	1065	1484
1066	1066	1488
1067	1067	1482
1068	1068	1481
1069	1069	1476
1070	1070	1471
1071	1071	1476
1072	1072	1475
1073	1073	1474
1074	1074	1472
1075	1075	1478
1076	1076	1479
1077	1077	1466
1078	1078	1476
1079	1079	1468
1080	1080	1467
1081	1081	1461
1082	1082	1457
1083	1083	1457
1084	1084	1459
1085	1085	1452
1086	1086	1460
1087	1087	1457
1088	1088	1458
1089	1089	1447
1090	1090	1452
1091	1091	1452
1092	1092	1451
1093	1093	1451
1094	1094	1444
1095	1095	1453
1096	1096	1448
1097	1097	1439
1098	1098	1441
1099	1099	1440
1100	1100	1440
1101	1101	1444
1102	1102	1438
1103	1103	1445
1104	1104	1437
1105	1105	1445
1106	1106	1445
1107	1107	1437
1108	1108	1433
1109	1109	1436
1110	1110	1435
1111	1111	1435
1112	1112	1432
1113	1113	1429
1114	1114	1426
1115	1115	1425
1116	1116	1423
1117	1117	1420
1118	1118	1430
1119	1119	1417
1120	1120	1422
1121	1121	1423
1122	1122	1415
1123	1123	1421
1124	1124	1417
1125	1125	1415
1126	1126	1407
1127	1127	1412
1128	1128	1413
1129	1129	1407
1130	1130	1413
1131	1131	1414
1132	1132	1404
1133	1133	1396
1134	1134	1405
1135	1135	1409
1136	1136	1397
1137	1137	1399
1138	1138	1412
1139	1139	1396
1140	1140	1399
1141	1141	1398
1142	1142	1401
1143	1143	1402
1144	1144	1392
1145	1145	1391
1146	1146	1390
1147	1147	1386
1148	1148	1390
1149	1149	1383
1150	1150	1378
1151	1151	1390
1152	1152	1385
1153	1153	1387
1154	1154	1385
1155	1155	1385
1156	1156	1380
1157	1157	1384
1158	1158	1382
1159	1159	1379
1160	1160	1374
1161	1161	1377
1162	1162	1371
1163	1163	1376
1164	1164	1366
1165	1165	1377
1166	1166	1371
1167	1167	1366
1168	1168	1370
1169	1169	1367
1170	1170	1373
1171	1171	1371
1172	1172	1367
1173	1173	1362
1174	1174	1360
1175	1175	1360
1176	1176	1359
1177	1177	1358
1178	1178	1358
1179	1179	1357
1180	1180	1362
1181	1181	1360
1182	1182	1361
1183	1183	1353
1184	1184	1359
1185	1185	1352
1186	1186	1355
1187	1187	1356
1188	1188	1351
1189	1189	1355
1190	1190	1351
1191	1191	1350
1192	1192	1355
1193	1193	1354
1194	1194	1348
1195	1195	1344
1196	1196	1349
1197	1197	1342
1198	1198	1341
1199	1199	1347
1200	1200	1348
1201	1201	1349
1202	1202	1341
1203	1203	1339
1204	1204	1341
1205	1205	1340
1206	1206	1336
1207	1207	1342
1208	1208	1346
1209	1209	1339
1210	1210	1338
1211	1211	1345
1212	1212	1348
1213	1213	1325
1214	1214	1328
1215	1215	1326
1216	1216	1328
1217	1217	1329
1218	1218	1318
1219	1219	1329
1220	1220	1322
1221	1221	1328
1222	1222	1325
1223	1223	1323
1224	1224	1325
1225	1225	1316
1226	1226	1316
1227	1227	1313
1228	1228	1314
1229	1229	1314
1230	1230	1312
1231	1231	1305
1232	1232	1310
1233	1233	1307
1234	1234	1312
1235	1235	1309
1236	1236	1308
1237	1237	1308
1238	1238	1305
1239	1239	1298
1240	1240	1301
1241	1241	1297
1242	1242	1294
1243	1243	1301
1244	1244	1294
1245	1245	1299
1246	1246	1296
1247	1247	1291
1248	1248	1286
1249	1249	1298
1250	1250	1300
1251	1251	1294
1252	1252	1289
1253	1253	1289
1254	1254	1295
1255	1255	1295
1256	1256	1284
1257	1257	1302
1258	1258	1283
1259	1259	1283
1260	1260	1287
1261	1261	1289
1262	1262	1290
1263	1263	1288
1264	1264	1285
1265	1265	1285
1266	1266	1290
1267	1267	1282
1268	1268	1355
1269	1269	1292
1270	1270	1290
1271	1271	1284
1272	1272	1276
1273	1273	1277
1274	1274	1285
1275	1275	1285
1276	1276	1281
1277	1277	1283
1278	1278	1282
1279	1279	1284
1280	1280	1283
1281	1281	1282
1282	1282	1273
1283	1283	1270
1284	1284	1273
1285	1285	1276
1286	1286	1278
1287	1287	1272
1288	1288	1277
1289	1289	1277
1290	1290	1271
1291	1291	1277
1292	1292	1278
1293	1293	1344
1294	1294	1334
1295	1295	1334
1296	1296	1333
1297	1297	1341
1298	1298	1321
1299	1299	1342
1300	1300	1341
1301	1301	1341
1302	1302	1331
1303	1303	1341
1304	1304	1331
1305	1305	1335
1306	1306	1343
1307	1307	1331
1308	1308	1317
1309	1309	1326
1310	1310	1334
1311	1311	1323
1312	1312	1325
1313	1313	1323
1314	1314	1319
1315	1315	1317
1316	1316	1313
1317	1317	1310
1318	1318	1311
1319	1319	1303
1320	1320	1314
1321	1321	1316
1322	1322	1308
1323	1323	1303
1324	1324	1312
1325	1325	1306
1326	1326	1301
1327	1327	1305
1328	1328	1295
1329	1329	1301
1330	1330	1300
1331	1331	1301
1332	1332	1309
1333	1333	1296
1334	1334	1304
1335	1335	1303
1336	1336	1309
1337	1337	1293
1338	1338	1305
1339	1339	1293
1340	1340	1302
1341	1341	1298
1342	1342	1297
1343	1343	1302
1344	1344	1292
1345	1345	1297
1346	1346	1298
1347	1347	1293
1348	1348	1295
1349	1349	1293
1350	1350	1299
1351	1351	1295
1352	1352	1291
1353	1353	1276
1354	1354	1284
1355	1355	1289
1356	1356	1278
1357	1357	1296
1358	1358	1290
1359	1359	1286
1360	1360	1280
1361	1361	1285
1362	1362	1292
1363	1363	1285
1364	1364	1283
1365	1365	1285
1366	1366	1286
1367	1367	1281
1368	1368	1280
1369	1369	1275
1370	1370	1277
1371	1371	1273
1372	1372	1288
1373	1373	1284
1374	1374	1277
1375	1375	1279
1376	1376	1282
1377	1377	1286
1378	1378	1281
1379	1379	1281
1380	1380	1282
1381	1381	1274
1382	1382	1277
1383	1383	1284
1384	1384	1283
1385	1385	1284
1386	1386	1274
1387	1387	1271
1388	1388	1277
1389	1389	1274
1390	1390	1286
1391	1391	1266
1392	1392	1276
1393	1393	1265
1394	1394	1275
1395	1395	1279
1396	1396	1276
1397	1397	1267
1398	1398	1269
1399	1399	1276
1400	1400	1269
1401	1401	1273
1402	1402	1262
1403	1403	1269
1404	1404	1272
1405	1405	1268
1406	1406	1267
1407	1407	1255
1408	1408	1259
1409	1409	1258
1410	1410	1260
1411	1411	1260
1412	1412	1262
1413	1413	1260
1414	1414	1256
1415	1415	1255
1416	1416	1255
1417	1417	1254
1418	1418	1259
1419	1419	1257
1420	1420	1251
1421	1421	1259
1422	1422	1247
1423	1423	1242
1424	1424	1246
1425	1425	1256
1426	1426	1249
1427	1427	1254
1428	1428	1249
1429	1429	1253
1430	1430	1242
1431	1431	1247
1432	1432	1239
1433	1433	1245
1434	1434	1242
1435	1435	1236
1436	1436	1235
1437	1437	1240
1438	1438	1225
1439	1439	1239
1440	1440	1235
1441	1441	1231
1442	1442	1241
1443	1443	1237
1444	1444	1238
1445	1445	1231
1446	1446	1226
1447	1447	1218
1448	1448	1235
1449	1449	1229
1450	1450	1232
1451	1451	1235
1452	1452	1230
1453	1453	1219
1454	1454	1220
1455	1455	1217
1456	1456	1222
1457	1457	1225
1458	1458	1224
1459	1459	1224
1460	1460	1221
1461	1461	1214
1462	1462	1217
1463	1463	1210
1464	1464	1215
1465	1465	1206
1466	1466	1214
1467	1467	1212
1468	1468	1215
1469	1469	1206
1470	1470	1214
1471	1471	1212
1472	1472	1209
1473	1473	1212
1474	1474	1210
1475	1475	1208
1476	1476	1212
1477	1477	1204
1478	1478	1209
1479	1479	1201
1480	1480	1209
1481	1481	1200
1482	1482	1195
1483	1483	1206
1484	1484	1203
1485	1485	1209
1486	1486	1199
1487	1487	1197
1488	1488	1206
1489	1489	1200
1490	1490	1198
1491	1491	1196
1492	1492	1200
1493	1493	1192
1494	1494	1206
1495	1495	1196
1496	1496	1193
1497	1497	1202
1498	1498	1195
1499	1499	1189
1500	1500	1198
1501	1501	1201
1502	1502	1194
1503	1503	1197
1504	1504	1188
1505	1505	1184
1506	1506	1189
1507	1507	1195
1508	1508	1196
1509	1509	1204
1510	1510	1191
1511	1511	1194
1512	1512	1192
1513	1513	1192
1514	1514	1198
1515	1515	1187
1516	1516	1176
1517	1517	1184
1518	1518	1187
1519	1519	1173
1520	1520	1190
1521	1521	1179
1522	1522	1175
1523	1523	1179
1524	1524	1177
1525	1525	1180
1526	1526	1177
1527	1527	1175
1528	1528	1180
1529	1529	1179
1530	1530	1178
1531	1531	1173
1532	1532	1169
1533	1533	1174
1534	1534	1174
1535	1535	1176
1536	1536	1173
1537	1537	1162
1538	1538	1179
1539	1539	1165
1540	1540	1173
1541	1541	1168
1542	1542	1180
1543	1543	1170
1544	1544	1173
1545	1545	1171
1546	1546	1172
1547	1547	1165
1548	1548	1167
1549	1549	1167
1550	1550	1160
1551	1551	1166
1552	1552	1166
1553	1553	1171
1554	1554	1163
1555	1555	1165
1556	1556	1168
1557	1557	1168
1558	1558	1168
1559	1559	1166
1560	1560	1158
1561	1561	1157
1562	1562	1152
1563	1563	1169
1564	1564	1159
1565	1565	1163
1566	1566	1156
1567	1567	1155
1568	1568	1155
1569	1569	1157
1570	1570	1167
1571	1571	1153
1572	1572	1152
1573	1573	1151
1574	1574	1146
1575	1575	1143
1576	1576	1148
1577	1577	1153
1578	1578	1161
1579	1579	1154
1580	1580	1148
1581	1581	1146
1582	1582	1140
1583	1583	1150
1584	1584	1146
1585	1585	1141
1586	1586	1152
1587	1587	1141
1588	1588	1145
1589	1589	1145
1590	1590	1152
1591	1591	1147
1592	1592	1137
1593	1593	1153
1594	1594	1150
1595	1595	1144
1596	1596	1149
1597	1597	1144
1598	1598	1141
1599	1599	1146
1600	1600	1149
1601	1601	1138
1602	1602	1141
1603	1603	1156
1604	1604	1140
1605	1605	1149
1606	1606	1149
1607	1607	1146
1608	1608	1139
1609	1609	1139
1610	1610	1139
1611	1611	1139
1612	1612	1137
1613	1613	1142
1614	1614	1135
1615	1615	1140
1616	1616	1144
1617	1617	1135
1618	1618	1135
1619	1619	1140
1620	1620	1124
1621	1621	1136
1622	1622	1135
1623	1623	1133
1624	1624	1130
1625	1625	1123
1626	1626	1127
1627	1627	1130
1628	1628	1128
1629	1629	1128
1630	1630	1136
1631	1631	1135
1632	1632	1118
1633	1633	1128
1634	1634	1121
1635	1635	1123
1636	1636	1130
1637	1637	1120
1638	1638	1124
1639	1639	1123
1640	1640	1128
1641	1641	1126
1642	1642	1125
1643	1643	1132
1644	1644	1127
1645	1645	1122
1646	1646	1122
1647	1647	1127
1648	1648	1126
1649	1649	1126
1650	1650	1116
1651	1651	1122
1652	1652	1122
1653	1653	1121
1654	1654	1125
1655	1655	1130
1656	1656	1124
1657	1657	1127
1658	1658	1119
1659	1659	1115
1660	1660	1113
1661	1661	1119
1662	1662	1128
1663	1663	1114
1664	1664	1123
1665	1665	1129
1666	1666	1126
1667	1667	1126
1668	1668	1114
1669	1669	1121
1670	1670	1115
1671	1671	1114
1672	1672	1126
1673	1673	1121
1674	1674	1117
1675	1675	1114
1676	1676	1122
1677	1677	1113
1678	1678	1114
1679	1679	1119
1680	1680	1113
1681	1681	1110
1682	1682	1115
1683	1683	1120
1684	1684	1118
1685	1685	1120
1686	1686	1112
1687	1687	1110
1688	1688	1112
1689	1689	1112
1690	1690	1119
1691	1691	1109
1692	1692	1107
1693	1693	1113
1694	1694	1111
1695	1695	1109
1696	1696	1105
1697	1697	1108
1698	1698	1107
1699	1699	1103
1700	1700	1102
1701	1701	1105
1702	1702	1107
1703	1703	1109
1704	1704	1096
1705	1705	1109
1706	1706	1106
1707	1707	1091
1708	1708	1084
1709	1709	1099
1710	1710	1099
1711	1711	1113
1712	1712	1102
1713	1713	1102
1714	1714	1107
1715	1715	1099
1716	1716	1099
1717	1717	1101
1718	1718	1100
1719	1719	1098
1720	1720	1096
1721	1721	1092
1722	1722	1094
1723	1723	1093
1724	1724	1093
1725	1725	1092
1726	1726	1089
1727	1727	1086
1728	1728	1083
1729	1729	1100
1730	1730	1101
1731	1731	1088
1732	1732	1091
1733	1733	1095
1734	1734	1087
1735	1735	1094
1736	1736	1091
1737	1737	1090
1738	1738	1078
1739	1739	1090
1740	1740	1093
1741	1741	1089
1742	1742	1090
1743	1743	1083
1744	1744	1092
1745	1745	1085
1746	1746	1084
1747	1747	1080
1748	1748	1079
1749	1749	1087
1750	1750	1089
1751	1751	1091
1752	1752	1075
1753	1753	1086
1754	1754	1093
1755	1755	1095
1756	1756	1094
1757	1757	1093
1758	1758	1081
1759	1759	1081
1760	1760	1079
1761	1761	1081
1762	1762	1084
1763	1763	1075
1764	1764	1085
1765	1765	1076
1766	1766	1088
1767	1767	1089
1768	1768	1088
1769	1769	1074
1770	1770	1074
1771	1771	1073
1772	1772	1074
1773	1773	1074
1774	1774	1082
1775	1775	1066
1776	1776	1069
1777	1777	1069
1778	1778	1073
1779	1779	1069
1780	1780	1076
1781	1781	1075
1782	1782	1070
1783	1783	1074
1784	1784	1078
1785	1785	1083
1786	1786	1071
1787	1787	1073
1788	1788	1068
1789	1789	1066
1790	1790	1065
1791	1791	1067
1792	1792	1064
1793	1793	1065
1794	1794	1069
1795	1795	1050
1796	1796	1062
1797	1797	1067
1798	1798	1062
1799	1799	1072
1800	1800	1071
1801	1801	1066
1802	1802	1063
1803	1803	1059
1804	1804	1065
1805	1805	1062
1806	1806	1057
1807	1807	1058
1808	1808	1057
1809	1809	1048
1810	1810	1061
1811	1811	1058
1812	1812	1059
1813	1813	1064
1814	1814	1052
1815	1815	1053
1816	1816	1059
1817	1817	1058
1818	1818	1053
1819	1819	1054
1820	1820	1049
1821	1821	1050
1822	1822	1051
1823	1823	1054
1824	1824	1052
1825	1825	1054
1826	1826	1051
1827	1827	1051
1828	1828	1044
1829	1829	1048
1830	1830	1049
1831	1831	1054
1832	1832	1050
1833	1833	1054
1834	1834	1041
1835	1835	1051
1836	1836	1048
1837	1837	1045
1838	1838	1051
1839	1839	1054
1840	1840	1054
1841	1841	1037
1842	1842	1039
1843	1843	1056
1844	1844	1043
1845	1845	1041
1846	1846	1052
1847	1847	1042
1848	1848	1049
1849	1849	1046
1850	1850	1036
1851	1851	1050
1852	1852	1042
1853	1853	1035
1854	1854	1039
1855	1855	1031
1856	1856	1049
1857	1857	1035
1858	1858	1032
1859	1859	1035
1860	1860	1041
1861	1861	1049
1862	1862	1044
1863	1863	1035
1864	1864	1026
1865	1865	1034
1866	1866	1036
1867	1867	1032
1868	1868	1032
1869	1869	1036
1870	1870	1042
1871	1871	1034
1872	1872	1025
1873	1873	1024
1874	1874	1033
1875	1875	1037
1876	1876	1031
1877	1877	1042
1878	1878	1036
1879	1879	1028
1880	1880	1040
1881	1881	1026
1882	1882	1031
1883	1883	1026
1884	1884	1026
1885	1885	1032
1886	1886	1036
1887	1887	1024
1888	1888	1039
1889	1889	1034
1890	1890	1029
1891	1891	1029
1892	1892	1030
1893	1893	1026
1894	1894	1026
1895	1895	1036
1896	1896	1028
1897	1897	1027
1898	1898	1031
1899	1899	1027
1900	1900	1024
1901	1901	1040
1902	1902	1020
1903	1903	1030
1904	1904	1029
1905	1905	1021
1906	1906	1034
1907	1907	1031
1908	1908	1023
1909	1909	1021
1910	1910	1027
1911	1911	1028
1912	1912	1017
1913	1913	1015
1914	1914	1020
1915	1915	1012
1916	1916	1016
1917	1917	1020
1918	1918	1019
1919	1919	1009
1920	1920	1018
1921	1921	1024
1922	1922	1018
1923	1923	1010
1924	1924	1015
1925	1925	1014
1926	1926	1016
1927	1927	1020
1928	1928	1028
1929	1929	1006
1930	1930	1013
1931	1931	1028
1932	1932	1019
1933	1933	1017
1934	1934	1006
1935	1935	1008
1936	1936	1014
1937	1937	1014
1938	1938	1015
1939	1939	1015
1940	1940	1011
1941	1941	1015
1942	1942	1023
1943	1943	1030
1944	1944	1008
1945	1945	1034
1946	1946	1024
1947	1947	1018
1948	1948	1016
1949	1949	1001
1950	1950	1010
1951	1951	1004
1952	1952	1008
1953	1953	1006
1954	1954	1011
1955	1955	1010
1956	1956	1006
1957	1957	1003
1958	1958	1005
1959	1959	1018
1960	1960	1014
1961	1961	1004
1962	1962	999
1963	1963	1014
1964	1964	1005
1965	1965	993
1966	1966	1017
1967	1967	1005
1968	1968	1005
1969	1969	1003
1970	1970	994
1971	1971	1002
1972	1972	1001
1973	1973	998
1974	1974	1000
1975	1975	1010
1976	1976	1007
1977	1977	1002
1978	1978	1003
1979	1979	1012
1980	1980	999
1981	1981	1000
1982	1982	992
1983	1983	1004
1984	1984	998
1985	1985	994
1986	1986	1001
1987	1987	1001
1988	1988	1000
1989	1989	999
1990	1990	1000
1991	1991	991
1992	1992	995
1993	1993	1004
1994	1994	999
1995	1995	991
1996	1996	987
1997	1997	1005
1998	1998	994
1999	1999	997
2000	2000	993
2001	2001	994
2002	2002	994
2003	2003	993
2004	2004	1001
2005	2005	1000
2006	2006	995
2007	2007	1000
2008	2008	997
2009	2009	999
2010	2010	995
2011	2011	981
2012	2012	997
2013	2013	997
2014	2014	986
2015	2015	992
2016	2016	986
2017	2017	994
2018	2018	987
2019	2019	990
2020	2020	992
2021	2021	992
2022	2022	1001
2023	2023	990
2024	2024	990
2025	2025	982
2026	2026	992
2027	2027	988
2028	2028	984
2029	2029	993
2030	2030	985
2031	2031	989
2032	2032	983
2033	2033	999
2034	2034	997
2035	2035	985
2036	2036	982
2037	2037	986
2038	2038	987
2039	2039	978
2040	2040	987
2041	2041	979
2042	2042	984
2043	2043	984
2044	2044	988
2045	2045	984
2046	2046	986
2047	2047	981
2048	2048	991
2049	2049	984
2050	2050	982
2051	2051	972
2052	2052	979
2053	2053	982
2054	2054	982
2055	2055	987
2056	2056	988
2057	2057	982
2058	2058	974
2059	2059	979
2060	2060	976
2061	2061	982
2062	2062	968
2063	2063	976
2064	2064	974
2065	2065	977
2066	2066	981
2067	2067	976
2068	2068	979
2069	2069	982
2070	2070	974
2071	2071	976
2072	2072	981
2073	2073	973
2074	2074	974
2075	2075	977
2076	2076	980
2077	2077	975
2078	2078	970
2079	2079	974
2080	2080	972
2081	2081	970
2082	2082	965
2083	2083	976
2084	2084	967
2085	2085	967
2086	2086	971
2087	2087	984
2088	2088	966
2089	2089	972
2090	2090	969
2091	2091	966
2092	2092	978
2093	2093	974
2094	2094	967
2095	2095	973
2096	2096	969
2097	2097	977
2098	2098	965
2099	2099	965
2100	2100	965
2101	2101	968
2102	2102	961
2103	2103	964
2104	2104	956
2105	2105	965
2106	2106	963
2107	2107	962
2108	2108	971
2109	2109	956
2110	2110	964
2111	2111	966
2112	2112	966
2113	2113	967
2114	2114	960
2115	2115	969
2116	2116	960
2117	2117	968
2118	2118	966
2119	2119	972
2120	2120	957
2121	2121	967
2122	2122	962
2123	2123	962
2124	2124	963
2125	2125	965
2126	2126	971
2127	2127	961
2128	2128	963
2129	2129	960
2130	2130	958
2131	2131	958
2132	2132	956
2133	2133	954
2134	2134	952
2135	2135	963
2136	2136	947
2137	2137	962
2138	2138	964
2139	2139	952
2140	2140	953
2141	2141	966
2142	2142	955
2143	2143	963
2144	2144	962
2145	2145	958
2146	2146	959
2147	2147	962
2148	2148	956
2149	2149	956
2150	2150	963
2151	2151	957
2152	2152	960
2153	2153	952
2154	2154	948
2155	2155	954
2156	2156	958
2157	2157	961
2158	2158	960
2159	2159	947
2160	2160	941
2161	2161	950
2162	2162	952
2163	2163	946
2164	2164	951
2165	2165	949
2166	2166	947
2167	2167	947
2168	2168	946
2169	2169	947
2170	2170	944
2171	2171	950
2172	2172	948
2173	2173	956
2174	2174	949
2175	2175	952
2176	2176	944
2177	2177	952
2178	2178	950
2179	2179	954
2180	2180	956
2181	2181	945
2182	2182	955
2183	2183	946
2184	2184	954
2185	2185	952
2186	2186	948
2187	2187	952
2188	2188	950
2189	2189	943
2190	2190	946
2191	2191	945
2192	2192	949
2193	2193	957
2194	2194	955
2195	2195	940
2196	2196	949
2197	2197	938
2198	2198	950
2199	2199	947
2200	2200	942
2201	2201	946
2202	2202	947
2203	2203	936
2204	2204	934
2205	2205	942
2206	2206	950
2207	2207	952
2208	2208	944
2209	2209	955
2210	2210	937
2211	2211	940
2212	2212	951
2213	2213	940
2214	2214	935
2215	2215	945
2216	2216	941
2217	2217	931
2218	2218	948
2219	2219	938
2220	2220	935
2221	2221	931
2222	2222	939
2223	2223	937
2224	2224	933
2225	2225	930
2226	2226	923
2227	2227	937
2228	2228	932
2229	2229	930
2230	2230	931
2231	2231	931
2232	2232	933
2233	2233	926
2234	2234	940
2235	2235	942
2236	2236	927
2237	2237	927
2238	2238	925
2239	2239	934
2240	2240	927
2241	2241	938
2242	2242	928
2243	2243	935
2244	2244	938
2245	2245	934
2246	2246	939
2247	2247	936
2248	2248	926
2249	2249	929
2250	2250	936
2251	2251	932
2252	2252	933
2253	2253	932
2254	2254	933
2255	2255	941
2256	2256	933
2257	2257	931
2258	2258	930
2259	2259	933
2260	2260	936
2261	2261	931
2262	2262	927
2263	2263	934
2264	2264	931
2265	2265	939
2266	2266	928
2267	2267	927
2268	2268	922
2269	2269	926
2270	2270	933
2271	2271	929
2272	2272	916
2273	2273	919
2274	2274	932
2275	2275	924
2276	2276	921
2277	2277	924
2278	2278	923
2279	2279	928
2280	2280	928
2281	2281	914
2282	2282	915
2283	2283	927
2284	2284	931
2285	2285	927
2286	2286	915
2287	2287	919
2288	2288	921
2289	2289	923
2290	2290	928
2291	2291	929
2292	2292	917
2293	2293	926
2294	2294	918
2295	2295	915
2296	2296	919
2297	2297	910
2298	2298	930
2299	2299	917
2300	2300	918
2301	2301	914
2302	2302	919
2303	2303	925
2304	2304	911
2305	2305	911
2306	2306	918
2307	2307	908
2308	2308	913
2309	2309	908
2310	2310	908
2311	2311	906
2312	2312	919
2313	2313	913
2314	2314	909
2315	2315	911
2316	2316	911
2317	2317	919
2318	2318	914
2319	2319	908
2320	2320	909
2321	2321	906
2322	2322	910
2323	2323	916
2324	2324	918
2325	2325	911
2326	2326	912
2327	2327	919
2328	2328	915
2329	2329	920
2330	2330	917
2331	2331	921
2332	2332	915
2333	2333	917
2334	2334	914
2335	2335	912
2336	2336	906
2337	2337	918
2338	2338	920
2339	2339	917
2340	2340	905
2341	2341	916
2342	2342	916
2343	2343	917
2344	2344	912
2345	2345	910
2346	2346	918
2347	2347	918
2348	2348	917
2349	2349	918
2350	2350	914
2351	2351	911
2352	2352	906
2353	2353	916
2354	2354	904
2355	2355	903
2356	2356	910
2357	2357	914
2358	2358	911
2359	2359	905
2360	2360	918
2361	2361	921
2362	2362	916
2363	2363	915
2364	2364	905
2365	2365	914
2366	2366	912
2367	2367	902
2368	2368	911
2369	2369	905
2370	2370	917
2371	2371	906
2372	2372	924
2373	2373	909
2374	2374	903
2375	2375	903
2376	2376	908
2377	2377	913
2378	2378	902
2379	2379	916
2380	2380	906
2381	2381	896
2382	2382	902
2383	2383	912
2384	2384	916
2385	2385	905
2386	2386	905
2387	2387	902
2388	2388	905
2389	2389	904
2390	2390	907
2391	2391	909
2392	2392	908
2393	2393	906
2394	2394	913
2395	2395	903
2396	2396	909
2397	2397	907
2398	2398	905
2399	2399	903
2400	2400	899
2401	2401	898
2402	2402	900
2403	2403	902
2404	2404	899
2405	2405	911
2406	2406	911
2407	2407	904
2408	2408	907
2409	2409	906
2410	2410	898
2411	2411	902
2412	2412	910
2413	2413	898
2414	2414	903
2415	2415	896
2416	2416	903
2417	2417	898
2418	2418	898
2419	2419	895
2420	2420	903
2421	2421	891
2422	2422	899
2423	2423	893
2424	2424	893
2425	2425	889
2426	2426	902
2427	2427	903
2428	2428	897
2429	2429	900
2430	2430	894
2431	2431	888
2432	2432	895
2433	2433	893
2434	2434	898
2435	2435	897
2436	2436	895
2437	2437	900
2438	2438	894
2439	2439	892
2440	2440	894
2441	2441	899
2442	2442	895
2443	2443	893
2444	2444	899
2445	2445	891
2446	2446	897
2447	2447	892
2448	2448	886
2449	2449	880
2450	2450	894
2451	2451	888
2452	2452	888
2453	2453	891
2454	2454	883
2455	2455	889
2456	2456	892
2457	2457	890
2458	2458	884
2459	2459	889
2460	2460	897
2461	2461	886
2462	2462	897
2463	2463	885
2464	2464	890
2465	2465	894
2466	2466	890
2467	2467	887
2468	2468	883
2469	2469	888
2470	2470	893
2471	2471	892
2472	2472	897
2473	2473	892
2474	2474	885
2475	2475	892
2476	2476	890
2477	2477	884
2478	2478	888
2479	2479	888
2480	2480	882
2481	2481	878
2482	2482	891
2483	2483	887
2484	2484	883
2485	2485	879
2486	2486	885
2487	2487	881
2488	2488	877
2489	2489	872
2490	2490	890
2491	2491	888
2492	2492	883
2493	2493	885
2494	2494	877
2495	2495	883
2496	2496	878
2497	2497	875
2498	2498	880
2499	2499	882
2500	2500	880
2501	2501	878
2502	2502	877
2503	2503	881
2504	2504	876
2505	2505	879
2506	2506	876
2507	2507	876
2508	2508	875
2509	2509	881
2510	2510	869
2511	2511	883
2512	2512	882
2513	2513	874
2514	2514	878
2515	2515	877
2516	2516	883
2517	2517	879
2518	2518	878
2519	2519	882
2520	2520	882
2521	2521	885
2522	2522	886
2523	2523	877
2524	2524	878
2525	2525	877
2526	2526	885
2527	2527	877
2528	2528	877
2529	2529	876
2530	2530	878
2531	2531	879
2532	2532	867
2533	2533	873
2534	2534	870
2535	2535	873
2536	2536	872
2537	2537	883
2538	2538	879
2539	2539	877
2540	2540	865
2541	2541	866
2542	2542	863
2543	2543	865
2544	2544	874
2545	2545	862
2546	2546	866
2547	2547	869
2548	2548	868
2549	2549	865
2550	2550	874
2551	2551	873
2552	2552	871
2553	2553	870
2554	2554	861
2555	2555	859
2556	2556	861
2557	2557	873
2558	2558	875
2559	2559	869
2560	2560	870
2561	2561	871
2562	2562	865
2563	2563	864
2564	2564	871
2565	2565	872
2566	2566	868
2567	2567	863
2568	2568	875
2569	2569	865
2570	2570	869
2571	2571	864
2572	2572	868
2573	2573	868
2574	2574	872
2575	2575	865
2576	2576	863
2577	2577	862
2578	2578	862
2579	2579	862
2580	2580	860
2581	2581	865
2582	2582	869
2583	2583	859
2584	2584	870
2585	2585	862
2586	2586	861
2587	2587	872
2588	2588	874
2589	2589	864
2590	2590	870
2591	2591	865
2592	2592	877
2593	2593	860
2594	2594	862
2595	2595	865
2596	2596	863
2597	2597	862
2598	2598	866
2599	2599	867
2600	2600	863
2601	2601	859
2602	2602	863
2603	2603	863
2604	2604	867
2605	2605	860
2606	2606	872
2607	2607	862
2608	2608	866
2609	2609	863
2610	2610	871
2611	2611	868
2612	2612	862
2613	2613	864
2614	2614	859
2615	2615	850
2616	2616	854
2617	2617	861
2618	2618	854
2619	2619	862
2620	2620	872
2621	2621	860
2622	2622	871
2623	2623	865
2624	2624	862
2625	2625	858
2626	2626	855
2627	2627	860
2628	2628	856
2629	2629	858
2630	2630	874
2631	2631	859
2632	2632	854
2633	2633	864
2634	2634	872
2635	2635	865
2636	2636	856
2637	2637	861
2638	2638	859
2639	2639	860
2640	2640	856
2641	2641	857
2642	2642	867
2643	2643	857
2644	2644	861
2645	2645	851
2646	2646	858
2647	2647	854
2648	2648	860
2649	2649	861
2650	2650	855
2651	2651	856
2652	2652	861
2653	2653	850
2654	2654	858
2655	2655	852
2656	2656	857
2657	2657	856
2658	2658	859
2659	2659	852
2660	2660	849
2661	2661	847
2662	2662	844
2663	2663	849
2664	2664	859
2665	2665	851
2666	2666	842
2667	2667	857
2668	2668	848
2669	2669	852
2670	2670	859
2671	2671	863
2672	2672	854
2673	2673	846
2674	2674	859
2675	2675	842
2676	2676	849
2677	2677	843
2678	2678	848
2679	2679	851
2680	2680	841
2681	2681	864
2682	2682	854
2683	2683	850
2684	2684	846
2685	2685	854
2686	2686	845
2687	2687	851
2688	2688	848
2689	2689	853
2690	2690	846
2691	2691	842
2692	2692	850
2693	2693	847
2694	2694	851
2695	2695	851
2696	2696	847
2697	2697	866
2698	2698	849
2699	2699	852
2700	2700	849
2701	2701	846
2702	2702	848
2703	2703	847
2704	2704	847
2705	2705	852
2706	2706	858
2707	2707	847
2708	2708	851
2709	2709	861
2710	2710	849
2711	2711	847
2712	2712	849
2713	2713	845
2714	2714	836
2715	2715	836
2716	2716	858
2717	2717	847
2718	2718	849
2719	2719	843
2720	2720	844
2721	2721	844
2722	2722	843
2723	2723	848
2724	2724	855
2725	2725	849
2726	2726	843
2727	2727	849
2728	2728	840
2729	2729	844
2730	2730	846
2731	2731	840
2732	2732	841
2733	2733	840
2734	2734	853
2735	2735	850
2736	2736	842
2737	2737	849
2738	2738	845
2739	2739	840
2740	2740	846
2741	2741	840
2742	2742	843
2743	2743	840
2744	2744	846
2745	2745	837
2746	2746	848
2747	2747	838
2748	2748	837
2749	2749	836
2750	2750	848
2751	2751	838
2752	2752	843
2753	2753	839
2754	2754	839
2755	2755	847
2756	2756	843
2757	2757	837
2758	2758	841
2759	2759	845
2760	2760	832
2761	2761	838
2762	2762	834
2763	2763	839
2764	2764	852
2765	2765	882
2766	2766	906
2767	2767	890
2768	2768	899
2769	2769	904
2770	2770	905
2771	2771	913
2772	2772	898
2773	2773	895
2774	2774	907
2775	2775	892
2776	2776	859
2777	2777	842
2778	2778	833
2779	2779	835
2780	2780	835
2781	2781	841
2782	2782	849
2783	2783	838
2784	2784	836
2785	2785	838
2786	2786	830
2787	2787	838
2788	2788	846
2789	2789	837
2790	2790	826
2791	2791	845
2792	2792	835
2793	2793	825
2794	2794	832
2795	2795	834
2796	2796	842
2797	2797	827
2798	2798	843
2799	2799	837
2800	2800	842
2801	2801	833
2802	2802	834
2803	2803	839
2804	2804	836
2805	2805	836
2806	2806	843
2807	2807	837
2808	2808	842
2809	2809	829
2810	2810	850
2811	2811	835
2812	2812	848
2813	2813	833
2814	2814	844
2815	2815	828
2816	2816	840
2817	2817	842
2818	2818	841
2819	2819	842
2820	2820	829
2821	2821	837
2822	2822	834
2823	2823	839
2824	2824	840
2825	2825	839
2826	2826	841
2827	2827	835
2828	2828	834
2829	2829	833
2830	2830	840
2831	2831	838
2832	2832	838
2833	2833	835
2834	2834	844
2835	2835	839
2836	2836	837
2837	2837	839
2838	2838	841
2839	2839	841
2840	2840	836
2841	2841	834
2842	2842	821
2843	2843	828
2844	2844	835
2845	2845	839
2846	2846	840
2847	2847	835
2848	2848	834
2849	2849	838
2850	2850	836
2851	2851	847
2852	2852	833
2853	2853	833
2854	2854	837
2855	2855	838
2856	2856	843
2857	2857	833
2858	2858	842
2859	2859	841
2860	2860	833
2861	2861	845
2862	2862	838
2863	2863	845
2864	2864	842
2865	2865	834
2866	2866	833
2867	2867	844
2868	2868	829
2869	2869	828
2870	2870	840
2871	2871	839
2872	2872	843
2873	2873	835
2874	2874	837
2875	2875	840
2876	2876	833
2877	2877	837
2878	2878	832
2879	2879	842
2880	2880	841
2881	2881	833
2882	2882	842
2883	2883	836
2884	2884	833
2885	2885	836
2886	2886	827
2887	2887	835
2888	2888	828
2889	2889	835
2890	2890	832
2891	2891	844
2892	2892	831
2893	2893	836
2894	2894	830
2895	2895	830
2896	2896	830
2897	2897	829
2898	2898	839
2899	2899	833
2900	2900	835
2901	2901	838
2902	2902	837
2903	2903	831
2904	2904	833
2905	2905	833
2906	2906	833
2907	2907	830
2908	2908	825
2909	2909	826
2910	2910	830
2911	2911	838
2912	2912	829
2913	2913	830
2914	2914	824
2915	2915	824
2916	2916	832
2917	2917	838
2918	2918	831
2919	2919	832
2920	2920	825
2921	2921	823
2922	2922	832
2923	2923	833
2924	2924	834
2925	2925	832
2926	2926	830
2927	2927	835
2928	2928	826
2929	2929	836
2930	2930	825
2931	2931	830
2932	2932	828
2933	2933	829
2934	2934	833
2935	2935	834
2936	2936	829
2937	2937	825
2938	2938	826
2939	2939	834
2940	2940	821
2941	2941	821
2942	2942	824
2943	2943	821
2944	2944	824
2945	2945	826
2946	2946	829
2947	2947	819
2948	2948	834
2949	2949	823
2950	2950	816
2951	2951	828
2952	2952	819
2953	2953	826
2954	2954	821
2955	2955	821
2956	2956	828
2957	2957	828
2958	2958	827
2959	2959	822
2960	2960	826
2961	2961	835
2962	2962	835
2963	2963	828
2964	2964	829
2965	2965	822
2966	2966	823
2967	2967	821
2968	2968	817
2969	2969	824
2970	2970	827
2971	2971	819
2972	2972	823
2973	2973	816
2974	2974	825
2975	2975	822
2976	2976	816
2977	2977	820
2978	2978	817
2979	2979	822
2980	2980	817
2981	2981	826
2982	2982	823
2983	2983	824
2984	2984	820
2985	2985	827
2986	2986	823
2987	2987	834
2988	2988	819
2989	2989	822
2990	2990	832
2991	2991	826
2992	2992	815
2993	2993	818
2994	2994	816
2995	2995	821
2996	2996	816
2997	2997	829
2998	2998	818
2999	2999	818
3000	3000	822
3001	3001	824
3002	3002	816
3003	3003	821
3004	3004	828
3005	3005	812
3006	3006	819
3007	3007	824
3008	3008	823
3009	3009	822
3010	3010	822
3011	3011	824
3012	3012	819
3013	3013	820
3014	3014	819
3015	3015	812
3016	3016	823
3017	3017	821
3018	3018	823
3019	3019	831
3020	3020	815
3021	3021	820
3022	3022	819
3023	3023	818
3024	3024	813
3025	3025	818
3026	3026	815
3027	3027	826
3028	3028	821
3029	3029	821
3030	3030	823
3031	3031	821
3032	3032	813
3033	3033	815
3034	3034	815
3035	3035	815
3036	3036	817
3037	3037	821
3038	3038	819
3039	3039	818
3040	3040	816
3041	3041	816
3042	3042	823
