time_ms	y_um	
0	0.05190153846153846
0.1500000000000341	0.1199015384615385
0.3000000000000114	-0.1270984615384615
0.4500000000000455	-0.1020984615384615
0.6000000000000227	-0.1770984615384615
0.75	-0.09709846153846154
0.9000000000000341	-0.1420984615384615
1.050000000000011	-0.004098461538461533
1.200000000000045	-0.01409846153846153
1.350000000000023	-0.02609846153846154
1.5	-0.2130984615384615
1.650000000000034	-0.1840984615384615
1.800000000000011	-0.3520984615384615
1.950000000000045	-0.1140984615384615
2.100000000000023	-0.09109846153846153
2.25	0.0009015384615384675
2.400000000000034	-0.04109846153846154
2.550000000000011	0.1249015384615385
2.700000000000045	0.05490153846153846
2.850000000000023	-0.09409846153846153
3	-0.05309846153846154
3.150000000000034	0.05990153846153846
3.300000000000011	0.1909015384615385
3.450000000000045	-0.1170984615384615
3.600000000000023	-0.07309846153846153
3.75	-0.002098461538461535
3.900000000000034	-0.1170984615384615
4.050000000000011	0.1019015384615385
4.200000000000045	-0.2100984615384615
4.350000000000023	-0.1330984615384615
4.5	-0.07809846153846153
4.650000000000034	-0.05009846153846154
4.800000000000011	0.08390153846153846
4.950000000000045	0.02290153846153846
5.100000000000023	0.04290153846153846
5.25	0.09890153846153846
5.400000000000034	-0.1650984615384615
5.550000000000011	-0.1250984615384615
5.700000000000045	0.1289015384615385
5.850000000000023	-0.08509846153846154
6	-0.07509846153846153
6.150000000000034	0.3389015384615385
6.300000000000011	0.1479015384615385
6.450000000000045	-0.09609846153846154
6.600000000000023	0.1009015384615385
6.75	-0.1370984615384615
6.900000000000034	-0.1500984615384615
7.050000000000011	-0.03309846153846153
7.200000000000045	0.3289015384615385
7.350000000000023	0.1119015384615385
7.5	0.2359015384615385
7.650000000000034	0.02990153846153847
7.800000000000011	0.02390153846153846
7.950000000000045	-0.1530984615384615
8.100000000000023	-0.2470984615384615
8.25	0.06590153846153846
8.400000000000034	0.09290153846153847
8.550000000000011	-0.06609846153846154
8.700000000000045	0.02290153846153846
8.850000000000023	-0.04909846153846154
9	0.2009015384615385
9.150000000000034	0.03790153846153847
9.300000000000011	-0.2360984615384615
9.450000000000045	-0.3170984615384615
9.600000000000023	-0.1900984615384615
9.75	-0.1080984615384615
9.900000000000034	-0.1850984615384615
10.05000000000001	-0.1900984615384615
10.20000000000005	-0.1050984615384615
10.35000000000002	-0.2660984615384615
10.5	-0.1810984615384615
10.65000000000003	-0.09409846153846153
10.80000000000001	-0.03509846153846154
10.95000000000005	0.02690153846153847
11.10000000000002	-0.1870984615384615
11.25	-0.1210984615384615
11.40000000000003	-0.2350984615384615
11.55000000000001	-0.1580984615384615
11.70000000000005	-0.1170984615384615
11.85000000000002	-0.004098461538461533
12	-0.09709846153846154
12.15000000000003	0.04890153846153847
12.30000000000001	-0.1830984615384615
12.45000000000005	-0.2120984615384615
12.60000000000002	-0.2170984615384615
12.75	-0.1380984615384615
12.90000000000003	0.3289015384615385
13.05000000000001	0.5819015384615385
13.20000000000005	0.2109015384615385
13.35000000000002	-0.1820984615384615
13.5	-0.1030984615384615
13.65000000000003	0.2029015384615385
13.80000000000001	0.07990153846153847
13.95000000000005	0.1979015384615385
14.10000000000002	-0.1200984615384615
14.25	-0.04909846153846154
14.40000000000003	0.09490153846153847
14.55000000000001	0.2909015384615385
14.70000000000005	0.2309015384615385
14.85000000000002	0.2069015384615385
15	0.2979015384615385
15.15000000000003	0.4749015384615385
15.30000000000001	0.5469015384615384
15.45000000000005	0.1469015384615385
15.60000000000002	-0.1650984615384615
15.75	-0.1020984615384615
15.90000000000003	-0.1180984615384615
16.05000000000001	0.1159015384615385
16.20000000000005	-0.08109846153846154
16.35000000000002	0.08290153846153846
16.5	0.2299015384615385
16.65000000000003	-0.003098461538461533
16.80000000000001	-0.07509846153846153
16.95000000000005	0.2019015384615385
17.10000000000002	0.2749015384615385
17.25	0.3169015384615385
17.40000000000003	0.5249015384615385
17.55000000000001	0.3229015384615385
17.70000000000005	0.08890153846153846
17.85000000000002	0.2209015384615385
18	0.3809015384615385
18.15000000000003	0.3709015384615385
18.30000000000001	0.4449015384615385
18.45000000000005	0.2509015384615385
18.60000000000002	0.4129015384615385
18.75	0.4329015384615385
18.90000000000003	-0.002098461538461535
19.05000000000001	-0.2570984615384615
19.20000000000005	-0.1240984615384615
19.35000000000002	-0.05909846153846153
19.5	-0.3640984615384615
19.65000000000003	-0.4490984615384615
19.80000000000001	-0.1970984615384615
19.95000000000005	-0.1220984615384615
20.10000000000002	-0.02209846153846153
20.25	0.01990153846153847
20.40000000000003	-0.3340984615384615
20.55000000000001	-0.2780984615384615
20.70000000000005	-0.1650984615384615
20.85000000000002	-0.01309846153846153
21	-0.06709846153846154
21.15000000000003	0.3189015384615385
21.30000000000001	0.6339015384615385
21.45000000000005	0.07490153846153846
21.60000000000002	0.2349015384615385
21.75	0.5789015384615385
21.90000000000003	0.08590153846153846
22.05000000000001	0.2029015384615385
22.20000000000005	0.1279015384615385
22.35000000000002	-0.1530984615384615
22.5	-0.1870984615384615
22.65000000000003	-0.2060984615384615
22.80000000000001	-0.006098461538461534
22.95000000000005	-0.07709846153846153
23.10000000000002	-0.1910984615384616
23.25	-0.2320984615384615
23.40000000000003	-0.2230984615384616
23.55000000000001	-0.3020984615384615
23.70000000000005	-0.2090984615384615
23.85000000000002	-0.2560984615384615
24	0.07690153846153847
24.15000000000003	0.1569015384615385
24.30000000000001	-0.2710984615384615
24.45000000000005	-0.1030984615384615
24.60000000000002	0.05790153846153846
24.75	0.07590153846153846
24.90000000000003	0.009901538461538465
25.05000000000001	0.1239015384615385
25.20000000000005	0.06290153846153847
25.35000000000002	0.1519015384615384
25.5	-0.006098461538461534
25.65000000000003	-0.1500984615384615
25.80000000000001	-0.3370984615384615
25.95000000000005	-0.1840984615384615
26.10000000000002	-0.02809846153846153
26.25	0.1309015384615385
26.40000000000003	0.3439015384615385
26.55000000000001	0.2009015384615385
26.70000000000005	0.6419015384615385
26.85000000000002	0.2249015384615385
27	0.09490153846153847
27.15000000000003	0.2619015384615385
27.30000000000001	0.09790153846153846
27.45000000000005	0.07190153846153846
27.60000000000002	0.09890153846153846
27.75	0.6049015384615385
27.90000000000003	0.1519015384615384
28.05000000000001	0.1119015384615385
28.20000000000005	0.3889015384615385
28.35000000000002	0.5569015384615384
28.5	0.1009015384615385
28.65000000000003	0.1469015384615385
28.80000000000001	0.09090153846153846
28.95000000000005	-0.04809846153846153
29.10000000000002	-0.1730984615384615
29.25	-0.2120984615384615
29.40000000000003	-0.1640984615384615
29.55000000000001	-0.3670984615384615
29.70000000000005	-0.4300984615384615
29.85000000000002	-0.2510984615384615
30	-0.4040984615384615
30.15000000000003	-0.1950984615384615
30.30000000000001	-0.1870984615384615
30.45000000000005	-0.2070984615384615
30.60000000000002	-0.1150984615384615
30.75	-0.08709846153846154
30.90000000000003	-0.1470984615384615
31.05000000000001	-0.008098461538461534
31.20000000000005	-0.1670984615384615
31.35000000000002	-0.2400984615384615
31.5	-0.1800984615384615
31.65000000000003	-0.08009846153846154
31.80000000000001	0.02990153846153847
31.95000000000005	-0.03309846153846153
32.10000000000002	0.1329015384615385
32.25	-0.1000984615384615
32.40000000000003	-0.1470984615384615
32.55000000000001	-0.08609846153846154
32.70000000000005	-0.2120984615384615
32.85000000000002	-0.2160984615384615
33	-0.3050984615384615
33.15000000000003	-0.2460984615384615
33.30000000000001	-0.02409846153846153
33.45000000000005	0.1139015384615385
33.60000000000002	0.08390153846153846
33.75	0.3989015384615385
33.90000000000003	0.1419015384615385
34.05000000000001	0.01190153846153847
34.20000000000005	-0.02209846153846153
34.35000000000002	0.2969015384615385
34.5	0.3149015384615385
34.65000000000003	-0.08509846153846154
34.80000000000001	-0.2530984615384615
34.95000000000005	-0.1560984615384615
35.10000000000002	0.02390153846153846
35.25	-0.01409846153846153
35.40000000000003	-0.1610984615384615
35.55000000000001	-0.1140984615384615
35.70000000000005	0.06690153846153846
35.85000000000002	0.05790153846153846
36	-0.04309846153846153
36.15000000000003	-0.03109846153846153
36.30000000000001	-0.05109846153846154
36.45000000000005	-0.2510984615384615
36.60000000000002	-0.2320984615384615
36.75	-0.3110984615384615
36.90000000000003	-0.09509846153846153
37.05000000000001	-0.1030984615384615
37.20000000000005	-0.2010984615384615
37.35000000000002	-0.1520984615384615
37.5	-0.03809846153846153
37.65000000000003	-0.2290984615384615
37.80000000000001	0.2599015384615385
37.95000000000005	0.1959015384615385
38.10000000000002	0.3109015384615385
38.25	-0.001098461538461534
38.40000000000003	-0.2570984615384615
38.55000000000001	0.08690153846153846
38.70000000000005	0.1279015384615385
38.85000000000002	0.4869015384615385
39	0.1719015384615385
39.15000000000003	0.2049015384615385
39.30000000000001	0.1409015384615385
39.45000000000005	0.04290153846153846
39.60000000000002	0.1159015384615385
39.75	0.1049015384615385
39.90000000000003	-0.04309846153846153
40.05000000000001	0.005901538461538465
40.20000000000005	0.001901538461538465
40.35000000000002	0.1649015384615385
40.5	0.04290153846153846
40.65000000000003	0.02090153846153847
40.80000000000001	-0.2110984615384615
40.95000000000005	-0.4170984615384615
41.10000000000002	-0.3400984615384615
41.25	-0.2690984615384615
41.40000000000003	-0.1320984615384615
41.55000000000001	0.02290153846153846
41.70000000000005	0.2899015384615385
41.85000000000002	0.04590153846153847
42	0.07690153846153847
42.15000000000003	0.03790153846153847
42.30000000000001	-0.1220984615384615
42.45000000000005	-0.3530984615384615
42.60000000000002	-0.1190984615384615
42.75	-0.1460984615384615
42.90000000000003	-0.1850984615384615
43.05000000000001	-0.1280984615384615
43.20000000000005	-0.3050984615384615
43.35000000000002	-0.2710984615384615
43.5	-0.02909846153846153
43.65000000000003	0.06490153846153847
43.80000000000001	-0.1010984615384615
43.95000000000005	0.03590153846153847
44.10000000000002	0.2399015384615385
44.25	0.1359015384615385
44.40000000000003	0.3519015384615385
44.55000000000001	0.4969015384615385
44.70000000000005	0.3229015384615385
44.85000000000002	0.2299015384615385
45	-0.1520984615384615
45.15000000000003	-0.1680984615384615
45.30000000000001	-0.1730984615384615
45.45000000000005	-0.1190984615384615
45.60000000000002	0.03090153846153846
45.75	-0.07209846153846153
45.90000000000003	0.1029015384615385
46.05000000000001	0.2769015384615385
46.20000000000005	0.3459015384615385
46.35000000000002	0.4479015384615385
46.5	0.2199015384615385
46.65000000000003	0.4259015384615385
46.80000000000001	0.1949015384615385
46.95000000000005	-0.1290984615384615
47.10000000000002	-0.2580984615384615
47.25	-0.04309846153846153
47.40000000000003	-0.04309846153846153
47.55000000000001	0.03190153846153847
47.70000000000005	0.1289015384615385
47.85000000000002	0.2089015384615385
48	0.1449015384615385
48.15000000000003	0.3449015384615385
48.30000000000001	0.1559015384615385
48.45000000000005	0.02990153846153847
48.60000000000002	0.1969015384615385
48.75	-0.1960984615384615
48.90000000000003	-0.02109846153846153
49.05000000000001	-0.01809846153846154
49.20000000000005	-0.1500984615384615
49.35000000000002	-0.1610984615384615
49.5	0.2319015384615385
49.65000000000003	0.1949015384615385
49.80000000000001	0.2049015384615385
49.95000000000005	0.1109015384615385
50.10000000000002	0.07490153846153846
