trajectory	start     	end       	x1        	y1        	x2        	y2        	duration  	distance  	rate      	angle (deg)
36.0000   	277.5000  	283.9500  	-0.2720   	0.2700    	-0.8140   	0.1160    	6.4500    	0.5640    	0.0870    	-164.0750 
73.0000   	255.0000  	256.5000  	-0.0490   	0.1450    	-0.4890   	-0.1070   	1.5000    	0.5070    	0.3380    	-150.2660 
73.0000   	258.9000  	259.9500  	-0.6270   	-0.3870   	-1.2810   	-0.2610   	1.0500    	0.6660    	0.6340    	169.0610  
79.0000   	248.5500  	249.6000  	-0.1590   	-0.1300   	0.2740    	0.4780    	1.0500    	0.7460    	0.7110    	54.5420   
79.0000   	250.5000  	251.5500  	0.4230    	0.4340    	0.7350    	0.1880    	1.0500    	0.3970    	0.3780    	-38.2640  
104.0000  	253.9500  	255.0000  	-1.1620   	0.4660    	-1.5160   	0.5310    	1.0500    	0.3600    	0.3430    	169.5760  
104.0000  	285.6000  	286.9500  	-2.8870   	0.6200    	-3.2610   	0.5580    	1.3500    	0.3790    	0.2810    	-170.4700 
113.0000  	282.3000  	283.6500  	-0.0580   	0.0004    	0.7230    	-0.3410   	1.3500    	0.8520    	0.6310    	-23.6020  
113.0000  	287.1000  	288.1500  	0.8030    	-0.2600   	1.4000    	0.1000    	1.0500    	0.6970    	0.6640    	31.1210   
115.0000  	230.1000  	230.8500  	-0.2180   	-0.3340   	-0.4870   	-0.1320   	0.7500    	0.3360    	0.4480    	143.1510  
126.0000  	263.1000  	263.8500  	-1.1620   	-0.0600   	-1.4550   	-0.0030   	0.7500    	0.2980    	0.3980    	168.9980  
126.0000  	269.7000  	271.5000  	-2.2410   	-0.0100   	-3.5530   	0.1200    	1.8000    	1.3180    	0.7320    	174.3260  
130.0000  	209.1000  	210.6000  	-0.0890   	-0.0290   	-0.3870   	-0.0930   	1.5000    	0.3050    	0.2030    	-167.9020 
259.0000  	251.4000  	252.9000  	0.0690    	0.1840    	-0.6200   	-0.0540   	1.5000    	0.7290    	0.4860    	-160.9740 
259.0000  	260.1000  	262.3500  	-0.9390   	0.0540    	-2.2620   	-0.3140   	2.2500    	1.3730    	0.6100    	-164.4340 
259.0000  	265.2000  	266.8500  	-2.3580   	-0.5530   	-3.2780   	0.0530    	1.6500    	1.1010    	0.6670    	146.6560  
259.0000  	279.6000  	280.8000  	-4.1310   	-0.7610   	-5.0990   	-0.0920   	1.2000    	1.1770    	0.9810    	145.3520  
291.0000  	246.7500  	247.8000  	0.0470    	-0.2130   	-0.7420   	-0.0750   	1.0500    	0.8010    	0.7630    	170.0600  
291.0000  	256.0500  	257.7000  	-1.6510   	-0.0250   	-2.6590   	-0.1680   	1.6500    	1.0180    	0.6170    	-171.9220 
291.0000  	269.4000  	270.6000  	-4.6010   	-0.4400   	-5.5050   	-0.4800   	1.2000    	0.9050    	0.7540    	-177.4270 
291.0000  	274.9500  	278.8500  	-6.1180   	-0.5680   	-8.2190   	-0.6120   	3.9000    	2.1010    	0.5390    	-178.7980 
318.0000  	382.3500  	383.4000  	-0.3880   	-0.0007   	-0.2090   	-0.0430   	1.0500    	0.1840    	0.1750    	-13.2390  
318.0000  	384.6000  	385.5000  	-0.1760   	-0.1510   	-0.0300   	0.0980    	0.9000    	0.2880    	0.3200    	59.5250   
318.0000  	387.4500  	388.3500  	0.2500    	0.0290    	0.4580    	0.0410    	0.9000    	0.2080    	0.2310    	3.2740    
318.0000  	390.1500  	392.2500  	0.5140    	-0.0560   	1.4040    	-0.1380   	2.1000    	0.8940    	0.4260    	-5.2410   
318.0000  	393.1500  	395.8500  	1.5540    	-0.1090   	2.5680    	-0.1680   	2.7000    	1.0160    	0.3760    	-3.3250   
318.0000  	396.0000  	396.7500  	2.6340    	-0.0770   	2.8560    	-0.2800   	0.7500    	0.3010    	0.4020    	-42.5600  
339.0000  	275.5500  	278.7000  	-0.3950   	-0.1430   	-1.4340   	-0.1270   	3.1500    	1.0390    	0.3300    	179.1210  
405.0000  	276.3000  	277.3500  	-0.1010   	-0.1650   	0.2010    	-0.2990   	1.0500    	0.3300    	0.3150    	-23.9400  
410.0000  	332.4000  	340.8000  	-1.3460   	-0.0510   	1.1710    	0.0710    	8.4000    	2.5200    	0.3000    	2.7790    
411.0000  	270.0000  	271.0500  	-0.0300   	-0.2420   	-0.4490   	-0.2040   	1.0500    	0.4210    	0.4010    	174.8110  
425.0000  	213.0000  	213.7500  	-0.0900   	-0.2740   	-0.3490   	0.0250    	0.7500    	0.3960    	0.5280    	130.8790  
433.0000  	351.9000  	360.7500  	-2.5860   	-0.1430   	0.2720    	-0.2560   	8.8500    	2.8600    	0.3230    	-2.2470   
433.0000  	366.9000  	369.3000  	0.8320    	-0.3490   	1.8860    	-0.5680   	2.4000    	1.0760    	0.4480    	-11.7090  
433.0000  	371.8500  	373.5000  	2.4460    	-0.4320   	3.2350    	-0.4640   	1.6500    	0.7900    	0.4790    	-2.2890   
433.0000  	382.8000  	387.9000  	4.3760    	-0.5290   	6.4440    	-0.7820   	5.1000    	2.0830    	0.4090    	-6.9710   
433.0000  	391.6500  	393.7500  	7.0880    	-0.8080   	7.9360    	-0.6360   	2.1000    	0.8650    	0.4120    	11.4590   
469.0000  	230.8500  	232.0500  	-0.2180   	0.0680    	-0.5880   	-0.0640   	1.2000    	0.3930    	0.3270    	-160.3660 
469.0000  	239.1000  	240.7500  	-0.6630   	-0.0250   	-1.8690   	0.1150    	1.6500    	1.2140    	0.7360    	173.3670  
474.0000  	275.5500  	277.0500  	-0.7780   	-0.1650   	-1.5270   	0.0650    	1.5000    	0.7840    	0.5220    	162.9260  
474.0000  	279.4500  	280.5000  	-1.6820   	-0.0600   	-2.1850   	0.0220    	1.0500    	0.5100    	0.4850    	170.7550  
474.0000  	280.9500  	281.8500  	-2.3620   	0.3650    	-2.9130   	-0.0840   	0.9000    	0.7100    	0.7890    	-140.8540 
474.0000  	283.2000  	284.1000  	-3.0310   	-0.0750   	-3.3410   	0.0670    	0.9000    	0.3410    	0.3790    	155.2900  
481.0000  	391.9500  	393.1500  	-2.3800   	-0.1810   	-1.4210   	-0.5390   	1.2000    	1.0240    	0.8530    	-20.4730  
481.0000  	394.3500  	396.7500  	-1.1680   	-0.2490   	0.0480    	0.0380    	2.4000    	1.2490    	0.5210    	13.2880   
481.0000  	397.9500  	399.4500  	0.5080    	-0.1630   	1.0510    	0.2980    	1.5000    	0.7120    	0.4750    	40.3180   
487.0000  	283.3500  	284.8500  	-0.6850   	0.0030    	-1.2280   	-0.0670   	1.5000    	0.5470    	0.3650    	-172.7410 
522.0000  	239.2500  	240.7500  	-0.6680   	-0.0930   	-1.2830   	-0.1080   	1.5000    	0.6150    	0.4100    	-178.5860 
522.0000  	240.9000  	242.4000  	-1.3500   	-0.0680   	-2.3610   	-0.0610   	1.5000    	1.0110    	0.6740    	179.6000  
567.0000  	255.9000  	258.1500  	-1.9830   	-0.1910   	-2.8230   	-0.2170   	2.2500    	0.8400    	0.3740    	-178.2510 
587.0000  	245.8500  	247.9500  	-0.4500   	-0.1500   	-1.3200   	-0.0710   	2.1000    	0.8740    	0.4160    	174.7620  
588.0000  	246.6000  	247.3500  	0.3100    	0.1420    	0.6080    	-0.7110   	0.7500    	0.9040    	1.2060    	-70.7570  
595.0000  	325.6500  	327.3000  	-0.3310   	-0.3520   	0.2580    	0.0860    	1.6500    	0.7340    	0.4450    	36.6100   
606.0000  	246.4500  	248.1000  	-0.3570   	-0.1410   	-0.9170   	0.2130    	1.6500    	0.6620    	0.4010    	147.7280  
616.0000  	296.1000  	297.0000  	-2.3880   	-1.4650   	-5.3430   	-2.0950   	0.9000    	3.0210    	3.3570    	-167.9770 
622.0000  	282.9000  	285.0000  	0.1040    	0.3020    	1.4320    	0.3450    	2.1000    	1.3290    	0.6330    	1.8620    
622.0000  	297.0000  	298.3500  	2.4560    	0.2240    	3.2240    	0.1010    	1.3500    	0.7780    	0.5760    	-9.1000   
622.0000  	305.4000  	307.8000  	5.7140    	0.2900    	7.1590    	0.3260    	2.4000    	1.4450    	0.6020    	1.4140    
622.0000  	310.0500  	310.8000  	7.8270    	0.6140    	8.5760    	-0.2610   	0.7500    	1.1520    	1.5360    	-49.4430  
622.0000  	314.2500  	315.4500  	10.0770   	0.2900    	10.5890   	0.4530    	1.2000    	0.5370    	0.4480    	17.6000   
622.0000  	316.5000  	317.5500  	10.7230   	0.1630    	11.3630   	0.2880    	1.0500    	0.6520    	0.6210    	11.0510   
626.0000  	254.1000  	255.0000  	-0.6180   	-0.3940   	-1.0410   	-0.3680   	0.9000    	0.4240    	0.4710    	176.5700  
626.0000  	270.1500  	270.9000  	-1.9380   	-0.1600   	-2.1860   	-0.0840   	0.7500    	0.2590    	0.3460    	162.9820  
626.0000  	280.8000  	282.0000  	-2.2780   	-0.0990   	-3.1450   	-0.1430   	1.2000    	0.8680    	0.7230    	-177.0990 
635.0000  	291.3000  	292.5000  	-0.0080   	-0.3110   	-0.4510   	-0.4600   	1.2000    	0.4670    	0.3890    	-161.4170 
649.0000  	261.9000  	264.4500  	1.3450    	-0.2040   	2.2010    	-0.1520   	2.5500    	0.8580    	0.3360    	3.4930    
655.0000  	302.2500  	303.4500  	0.1320    	-0.0470   	0.8760    	0.1100    	1.2000    	0.7600    	0.6340    	11.9130   
658.0000  	272.2500  	273.0000  	-0.2240   	-0.0880   	0.0920    	-0.1080   	0.7500    	0.3170    	0.4220    	-3.6580   
658.0000  	274.5000  	276.0000  	0.4440    	-0.2340   	1.3650    	-0.3530   	1.5000    	0.9290    	0.6190    	-7.4120   
664.0000  	212.8500  	213.6000  	-0.6430   	-0.1040   	-0.7790   	-0.0790   	0.7500    	0.1380    	0.1840    	169.4380  
700.0000  	288.4500  	289.6500  	-0.9160   	-0.3240   	-1.3690   	-0.3120   	1.2000    	0.4530    	0.3780    	178.5510  
703.0000  	302.1000  	308.8500  	-0.0830   	0.1810    	-0.5950   	0.0170    	6.7500    	0.5370    	0.0800    	-162.2910 
708.0000  	231.3000  	233.4000  	-0.5250   	-0.2160   	-1.1570   	-0.3830   	2.1000    	0.6540    	0.3110    	-165.2410 
717.0000  	267.9000  	268.6500  	0.0140    	-0.0950   	-1.1250   	-0.3200   	0.7500    	1.1610    	1.5480    	-168.8200 
717.0000  	270.1500  	270.9000  	-1.6710   	-0.1270   	-2.6240   	0.3220    	0.7500    	1.0530    	1.4050    	154.7740  
717.0000  	273.6000  	275.4000  	-2.8100   	0.0340    	-3.3950   	0.1980    	1.8000    	0.6070    	0.3370    	164.4080  
722.0000  	342.6000  	343.8000  	0.0190    	-0.0050   	0.5920    	0.0800    	1.2000    	0.5790    	0.4830    	8.3810    
724.0000  	300.1500  	310.0500  	-1.1390   	-0.1950   	-5.2510   	-0.0430   	9.9000    	4.1150    	0.4160    	177.8740  
728.0000  	341.2500  	343.6500  	-0.1410   	-0.2270   	0.7870    	-0.1560   	2.4000    	0.9310    	0.3880    	4.3650    
728.0000  	375.3000  	376.2000  	4.6380    	-0.7350   	4.9930    	-0.6970   	0.9000    	0.3570    	0.3970    	6.0530    
738.0000  	285.0000  	285.7500  	-0.2120   	0.1160    	-0.0100   	-0.5120   	0.7500    	0.6600    	0.8800    	-72.1790  
745.0000  	237.6000  	238.5000  	-0.6510   	-0.0780   	-1.1590   	-0.0830   	0.9000    	0.5080    	0.5640    	-179.4770 
745.0000  	238.8000  	239.7000  	-0.9590   	-0.0660   	-1.5860   	-0.2660   	0.9000    	0.6580    	0.7320    	-162.2300 
746.0000  	207.4500  	208.9500  	-0.2320   	-0.2160   	0.3850    	-0.1840   	1.5000    	0.6180    	0.4120    	2.9420    
769.0000  	228.9000  	231.1500  	-1.2300   	-0.0570   	-2.1790   	-0.3120   	2.2500    	0.9830    	0.4370    	-164.9920 
776.0000  	292.6500  	294.7500  	-2.2110   	-0.0210   	-3.7830   	0.2320    	2.1000    	1.5920    	0.7580    	170.8490  
776.0000  	302.1000  	303.1500  	-6.2060   	0.0320    	-6.8950   	0.0630    	1.0500    	0.6900    	0.6570    	177.4110  
776.0000  	306.4500  	307.8000  	-7.0430   	0.1550    	-8.1720   	0.4950    	1.3500    	1.1790    	0.8730    	163.2410  
789.0000  	274.0500  	276.1500  	-1.0110   	-0.0150   	-1.9450   	-0.1810   	2.1000    	0.9490    	0.4520    	-169.8790 
791.0000  	358.6500  	360.7500  	0.9530    	0.1960    	2.0140    	0.1080    	2.1000    	1.0650    	0.5070    	-4.7090   
791.0000  	363.3000  	364.5000  	2.3440    	0.0990    	2.7920    	0.1380    	1.2000    	0.4500    	0.3750    	5.0110    
798.0000  	280.0500  	281.4000  	-0.9580   	-0.2870   	-2.0490   	-0.3230   	1.3500    	1.0920    	0.8090    	-178.1080 
798.0000  	283.3500  	284.2500  	-2.5280   	0.1720    	-2.7410   	0.4050    	0.9000    	0.3150    	0.3500    	132.4960  
805.0000  	235.2000  	236.2500  	-0.4080   	-0.1900   	-0.7990   	-0.0850   	1.0500    	0.4050    	0.3860    	165.0070  
807.0000  	344.4000  	346.5000  	-0.4470   	0.5520    	0.0980    	0.6390    	2.1000    	0.5520    	0.2630    	9.0640    
822.0000  	218.4000  	219.3000  	-0.1770   	-0.2000   	-0.0150   	-0.4200   	0.9000    	0.2730    	0.3040    	-53.6430  
825.0000  	218.1000  	219.1500  	-0.2320   	0.0140    	0.0160    	-0.2910   	1.0500    	0.3930    	0.3740    	-50.8570  
829.0000  	297.6000  	298.3500  	-0.0240   	0.1820    	0.1180    	-0.1160   	0.7500    	0.3300    	0.4400    	-64.5060  
832.0000  	298.3500  	300.0000  	-0.2500   	-0.1230   	-0.9380   	-0.1450   	1.6500    	0.6880    	0.4170    	-178.1700 
832.0000  	324.9000  	325.8000  	-2.2840   	-1.2540   	-2.6290   	-1.1940   	0.9000    	0.3500    	0.3890    	170.1710  
832.0000  	326.7000  	327.4500  	-3.3750   	-1.0670   	-4.4630   	-0.6770   	0.7500    	1.1560    	1.5410    	160.2930  
832.0000  	332.8500  	334.0500  	-4.6250   	0.2030    	-3.4410   	-0.0170   	1.2000    	1.2040    	1.0040    	-10.5390  
840.0000  	293.1000  	295.0500  	0.0990    	-0.1810   	-0.6930   	-0.1010   	1.9500    	0.7960    	0.4080    	174.2210  
840.0000  	295.5000  	297.0000  	-0.6900   	-0.1120   	-1.8660   	-0.0350   	1.5000    	1.1790    	0.7860    	176.2530  
840.0000  	323.1000  	323.8500  	-2.6830   	0.0600    	-3.4500   	-0.1710   	0.7500    	0.8010    	1.0680    	-163.2690 
848.0000  	286.8000  	287.5500  	-0.1090   	0.0160    	-0.7000   	0.1250    	0.7500    	0.6010    	0.8010    	169.5260  
857.0000  	247.8000  	249.3000  	-0.2080   	-0.1750   	-0.0430   	-0.0510   	1.5000    	0.2070    	0.1380    	36.9860   
857.0000  	251.5500  	252.7500  	-0.0900   	-0.0690   	0.0100    	-0.2070   	1.2000    	0.1700    	0.1420    	-54.0790  
857.0000  	253.3500  	254.4000  	0.0050    	0.0380    	0.0910    	0.0100    	1.0500    	0.0900    	0.0860    	-17.6330  
857.0000  	254.5500  	255.3000  	0.0930    	-0.0910   	0.2020    	-0.1370   	0.7500    	0.1190    	0.1580    	-23.1560  
859.0000  	252.1500  	253.0500  	-0.3800   	-0.1500   	-0.7610   	-0.0760   	0.9000    	0.3880    	0.4310    	168.9320  
859.0000  	257.2500  	259.2000  	-1.3570   	-0.1460   	-2.0210   	-0.3510   	1.9500    	0.6950    	0.3560    	-162.8160 
863.0000  	225.0000  	226.2000  	-0.1810   	-0.0920   	0.2080    	0.0140    	1.2000    	0.4030    	0.3360    	15.2570   
868.0000  	277.5000  	282.4500  	-0.8130   	0.3520    	0.3250    	0.0150    	4.9500    	1.1870    	0.2400    	-16.4700  
868.0000  	288.4500  	293.2500  	1.1550    	-0.1150   	2.3740    	0.0830    	4.8000    	1.2350    	0.2570    	9.2520    
868.0000  	299.2500  	302.2500  	2.9650    	0.0400    	4.0540    	-0.0260   	3.0000    	1.0910    	0.3640    	-3.4420   
868.0000  	307.6500  	310.8000  	4.4130    	0.1810    	5.0290    	-0.2470   	3.1500    	0.7500    	0.2380    	-34.7700  
872.0000  	283.0500  	283.8000  	0.0550    	-0.2360   	0.2690    	-0.1060   	0.7500    	0.2500    	0.3340    	31.2250   
878.0000  	318.7500  	324.6000  	-2.0200   	-0.3840   	0.9290    	0.2430    	5.8500    	3.0150    	0.5150    	12.0040   
878.0000  	326.7000  	328.3500  	1.6170    	0.1860    	2.6700    	0.1180    	1.6500    	1.0550    	0.6400    	-3.7190   
889.0000  	305.5500  	307.0500  	-0.1180   	-0.1290   	0.6210    	0.0100    	1.5000    	0.7520    	0.5010    	10.6670   
896.0000  	253.2000  	254.5500  	-0.8520   	0.3760    	-1.8110   	-0.1160   	1.3500    	1.0780    	0.7980    	-152.8330 
896.0000  	263.5500  	265.3500  	-2.0620   	-0.2110   	-3.4400   	-0.1920   	1.8000    	1.3780    	0.7660    	179.2270  
905.0000  	294.9000  	296.2500  	0.1490    	-0.4250   	0.9280    	-0.2640   	1.3500    	0.7960    	0.5890    	11.7230   
905.0000  	306.3000  	307.8000  	3.4880    	-0.0790   	4.4820    	0.0580    	1.5000    	1.0030    	0.6690    	7.8410    
920.0000  	296.7000  	298.5000  	-0.3410   	-0.2140   	0.5970    	-0.0520   	1.8000    	0.9520    	0.5290    	9.8140    
920.0000  	304.2000  	306.6000  	1.4880    	-0.0880   	1.9360    	0.1350    	2.4000    	0.5000    	0.2080    	26.4260   
923.0000  	303.3000  	304.3500  	-0.3240   	0.0080    	-1.0540   	-0.1570   	1.0500    	0.7480    	0.7130    	-167.3150 
923.0000  	308.2500  	309.1500  	-2.4460   	-0.2470   	-3.2470   	0.3510    	0.9000    	1.0000    	1.1110    	143.2370  
923.0000  	312.0000  	313.3500  	-3.6990   	-0.4180   	-4.8800   	-0.0940   	1.3500    	1.2250    	0.9070    	164.6620  
923.0000  	329.8500  	331.5000  	-5.7710   	-0.1830   	-6.7400   	-0.5630   	1.6500    	1.0410    	0.6310    	-158.5540 
923.0000  	334.6500  	335.4000  	-6.6470   	-0.7520   	-7.7590   	-0.7270   	0.7500    	1.1120    	1.4830    	178.7010  
926.0000  	274.5000  	275.7000  	0.5740    	-0.2800   	-0.0550   	-0.3060   	1.2000    	0.6300    	0.5250    	-177.6630 
926.0000  	287.7000  	288.7500  	-0.4130   	-0.0040   	-0.8720   	-0.4900   	1.0500    	0.6680    	0.6360    	-133.3780 
926.0000  	314.4000  	315.7500  	-2.1260   	-0.5280   	-1.7570   	-0.3090   	1.3500    	0.4290    	0.3180    	30.6690   
930.0000  	312.6000  	313.8000  	-0.5300   	0.1240    	-1.0790   	-0.0960   	1.2000    	0.5920    	0.4930    	-158.1210 
930.0000  	332.1000  	333.6000  	-0.9560   	0.0840    	-1.8840   	-0.3170   	1.5000    	1.0110    	0.6740    	-156.6260 
935.0000  	238.2000  	239.4000  	0.0050    	0.0580    	-0.9040   	-0.0340   	1.2000    	0.9140    	0.7610    	-174.2200 
935.0000  	258.3000  	265.8000  	-0.8130   	0.0210    	-9.5180   	0.1960    	7.5000    	8.7070    	1.1610    	178.8480  
935.0000  	321.7500  	322.8000  	-10.1310  	-0.0360   	-12.7360  	-0.0930   	1.0500    	2.6060    	2.4820    	-178.7500 
958.0000  	223.6500  	224.4000  	-0.2010   	0.0190    	-0.0150   	-0.0470   	0.7500    	0.1980    	0.2630    	-19.7120  
958.0000  	273.0000  	274.6500  	0.3450    	0.0590    	1.0010    	-0.2090   	1.6500    	0.7090    	0.4300    	-22.2480  
958.0000  	283.3500  	285.0000  	1.0110    	-0.1380   	1.5880    	-0.0150   	1.6500    	0.5900    	0.3580    	12.0080   
958.0000  	292.8000  	293.5500  	2.1870    	-0.2080   	2.3930    	-0.2310   	0.7500    	0.2070    	0.2760    	-6.3790   
958.0000  	300.4500  	302.8500  	3.1470    	-0.4170   	4.0170    	-0.0930   	2.4000    	0.9280    	0.3870    	20.4410   
974.0000  	283.2000  	285.7500  	0.7370    	-0.2530   	2.1480    	-0.0920   	2.5500    	1.4200    	0.5570    	6.5040    
978.0000  	295.5000  	296.7000  	-0.2190   	0.0050    	-0.6340   	-0.1210   	1.2000    	0.4340    	0.3620    	-163.0600 
982.0000  	270.4500  	271.9500  	-1.1430   	-0.1940   	-0.5470   	-0.1780   	1.5000    	0.5960    	0.3970    	1.4600    
982.0000  	295.2000  	296.2500  	0.1480    	-0.1510   	0.8840    	-0.1650   	1.0500    	0.7360    	0.7010    	-1.0540   
982.0000  	298.9500  	301.0500  	1.6230    	-0.4190   	2.8090    	-0.2720   	2.1000    	1.1950    	0.5690    	7.0400    
982.0000  	305.2500  	307.6500  	4.1620    	-0.2320   	4.9910    	-0.1780   	2.4000    	0.8310    	0.3460    	3.7140    
982.0000  	309.7500  	310.8000  	5.7570    	-0.2710   	6.4200    	-0.1920   	1.0500    	0.6680    	0.6360    	6.7650    
983.0000  	288.1500  	289.2000  	-1.0270   	-0.1840   	-0.7610   	-0.1820   	1.0500    	0.2660    	0.2530    	0.3450    
990.0000  	291.4500  	293.4000  	0.0450    	-0.3970   	0.4180    	-1.0400   	1.9500    	0.7430    	0.3810    	-59.8730  
1024.0000 	395.4000  	399.3000  	-0.2280   	0.0180    	-0.7860   	-0.0740   	3.9000    	0.5660    	0.1450    	-170.6320 
1034.0000 	277.8000  	278.7000  	-0.1060   	-0.1460   	-0.3340   	-0.0070   	0.9000    	0.2670    	0.2960    	148.7090  
1034.0000 	280.6500  	281.4000  	-0.3900   	-0.2330   	-0.9510   	-0.0860   	0.7500    	0.5800    	0.7730    	165.2740  
1034.0000 	281.7000  	283.5000  	-1.0870   	0.2790    	-1.9350   	0.2650    	1.8000    	0.8480    	0.4710    	-179.0250 
1042.0000 	272.8500  	273.7500  	-0.1630   	-0.5130   	0.4420    	-0.0840   	0.9000    	0.7420    	0.8240    	35.3530   
1042.0000 	274.0500  	275.2500  	0.5560    	0.2860    	1.0210    	-0.4050   	1.2000    	0.8330    	0.6940    	-56.0550  
1047.0000 	269.8500  	271.6500  	-1.1630   	0.3570    	-2.2590   	0.7400    	1.8000    	1.1610    	0.6450    	160.7420  
1063.0000 	256.5000  	258.6000  	0.3630    	0.0210    	-0.7040   	0.0260    	2.1000    	1.0670    	0.5080    	179.7280  
1063.0000 	262.9500  	264.6000  	-1.0720   	-0.2160   	-1.7480   	-0.1410   	1.6500    	0.6800    	0.4120    	173.6440  
1063.0000 	285.9000  	287.1000  	-3.8360   	0.4210    	-4.5350   	0.5240    	1.2000    	0.7060    	0.5890    	171.6540  
1063.0000 	301.5000  	302.8500  	-6.7910   	0.6620    	-7.5590   	-0.4720   	1.3500    	1.3690    	1.0140    	-124.1160 
1063.0000 	320.2500  	322.8000  	-6.9160   	-0.3130   	-8.3000   	0.7690    	2.5500    	1.7560    	0.6890    	141.9940  
1084.0000 	246.1500  	247.8000  	-1.5490   	-0.3540   	-2.6720   	-0.4580   	1.6500    	1.1280    	0.6840    	-174.7020 
1094.0000 	207.7500  	208.5000  	-0.2170   	-0.0050   	0.1640    	0.1420    	0.7500    	0.4080    	0.5440    	21.0560   
1097.0000 	305.4000  	307.9500  	-1.6090   	-0.2170   	-2.4930   	0.3690    	2.5500    	1.0600    	0.4160    	146.4890  
1102.0000 	275.7000  	276.9000  	-0.7370   	-0.5600   	-0.0940   	0.0730    	1.2000    	0.9020    	0.7520    	44.5440   
1102.0000 	281.2500  	283.2000  	0.3490    	-0.0050   	1.1890    	0.1930    	1.9500    	0.8630    	0.4430    	13.2570   
1102.0000 	283.5000  	284.5500  	1.2530    	-0.4680   	1.8660    	0.0840    	1.0500    	0.8250    	0.7860    	42.0050   
1102.0000 	303.4500  	305.8500  	1.7190    	0.3610    	2.7140    	-0.2890   	2.4000    	1.1880    	0.4950    	-33.1420  
1102.0000 	306.7500  	308.8500  	3.4000    	-0.1720   	4.2320    	-0.5010   	2.1000    	0.8950    	0.4260    	-21.5840  
1102.0000 	310.0500  	312.4500  	4.8900    	-0.2970   	5.8080    	-0.7730   	2.4000    	1.0340    	0.4310    	-27.4220  
1102.0000 	316.9500  	319.5000  	6.4160    	-0.7240   	7.1830    	-0.4530   	2.5500    	0.8130    	0.3190    	19.4070   
1102.0000 	322.3500  	324.3000  	8.0190    	0.4210    	8.5650    	-0.7210   	1.9500    	1.2660    	0.6490    	-64.4470  
1102.0000 	331.0500  	333.0000  	9.6150    	-0.3600   	10.2870   	-0.4600   	1.9500    	0.6790    	0.3480    	-8.4480   
1102.0000 	333.1500  	334.5000  	10.5630   	-0.3560   	11.3990   	-0.7300   	1.3500    	0.9160    	0.6780    	-24.0590  
1112.0000 	264.3000  	265.8000  	-0.1730   	-0.2070   	0.4080    	0.0620    	1.5000    	0.6400    	0.4270    	24.8550   
1112.0000 	265.9500  	267.3000  	0.3920    	0.0730    	0.9500    	0.0720    	1.3500    	0.5580    	0.4130    	-0.0990   
1113.0000 	327.1500  	329.5500  	0.4870    	-0.2790   	-0.5380   	-0.2270   	2.4000    	1.0260    	0.4280    	177.0690  
1113.0000 	331.3500  	334.3500  	-0.9850   	-0.3440   	-2.6850   	0.2550    	3.0000    	1.8020    	0.6010    	160.5900  
1263.0000 	312.6000  	313.5000  	-1.1950   	-0.2450   	-1.8480   	-0.1630   	0.9000    	0.6580    	0.7310    	172.8430  
1293.0000 	280.8000  	281.8500  	0.0340    	-0.3610   	-0.2940   	-0.1510   	1.0500    	0.3900    	0.3710    	147.3450  
1310.0000 	317.8500  	324.6000  	-0.4250   	-0.2300   	2.8370    	0.1500    	6.7500    	3.2840    	0.4870    	6.6480    
1310.0000 	328.6500  	335.1000  	3.0730    	0.1610    	6.4070    	0.0960    	6.4500    	3.3350    	0.5170    	-1.1230   
1393.0000 	251.1000  	252.3000  	-1.2050   	0.4810    	-2.0810   	-0.1680   	1.2000    	1.0900    	0.9090    	-143.4570 
1393.0000 	258.9000  	261.0000  	-2.6540   	0.1400    	-4.0170   	0.1460    	2.1000    	1.3630    	0.6490    	179.7280  
1394.0000 	272.5500  	277.0500  	-1.3730   	0.2520    	0.7090    	-0.2270   	4.5000    	2.1360    	0.4750    	-12.9610  
1394.0000 	279.3000  	281.2500  	1.3230    	-0.1790   	2.7400    	0.1730    	1.9500    	1.4600    	0.7490    	13.9350   
1394.0000 	284.4000  	285.7500  	3.1050    	0.1370    	4.1500    	-0.0340   	1.3500    	1.0590    	0.7840    	-9.2690   
1394.0000 	288.3000  	289.5000  	4.7260    	0.0370    	5.8120    	-0.2170   	1.2000    	1.1150    	0.9300    	-13.1860  
1394.0000 	310.6500  	312.6000  	5.7880    	-0.3010   	7.1950    	0.1980    	1.9500    	1.4930    	0.7660    	19.5210   
1418.0000 	288.3000  	289.2000  	-0.0640   	-0.0730   	-0.4290   	0.3040    	0.9000    	0.5240    	0.5820    	134.1390  
1421.0000 	268.3500  	269.4000  	1.5650    	0.0150    	2.2860    	-0.2320   	1.0500    	0.7620    	0.7260    	-18.8700  
1421.0000 	297.6000  	298.9500  	2.4480    	0.0490    	2.7950    	0.0790    	1.3500    	0.3480    	0.2580    	4.9150    
1421.0000 	303.6000  	306.7500  	3.4780    	-0.4920   	5.1380    	0.0880    	3.1500    	1.7580    	0.5580    	19.2550   
1421.0000 	310.2000  	313.0500  	6.0640    	-0.2440   	7.4900    	-0.2580   	2.8500    	1.4260    	0.5000    	-0.5730   
1435.0000 	309.9000  	311.4000  	-0.2430   	-0.0230   	0.7810    	0.3870    	1.5000    	1.1030    	0.7350    	21.8270   
1436.0000 	216.9000  	217.8000  	0.0740    	0.1950    	-0.1800   	-0.0630   	0.9000    	0.3620    	0.4020    	-134.5480 
1443.0000 	280.3500  	283.3500  	-1.2970   	-0.0890   	-2.9990   	0.0990    	3.0000    	1.7120    	0.5710    	173.6850  
1443.0000 	316.2000  	317.2500  	-3.4090   	-0.3180   	-4.1460   	-0.1290   	1.0500    	0.7610    	0.7250    	165.5930  
1476.0000 	331.9500  	335.8500  	0.9250    	-0.2250   	0.4130    	0.1050    	3.9000    	0.6090    	0.1560    	147.2090  
1486.0000 	244.3500  	245.7000  	-0.5940   	0.0090    	-0.2730   	0.0270    	1.3500    	0.3210    	0.2380    	3.1820    
1486.0000 	246.7500  	249.3000  	0.0220    	-0.0690   	0.8980    	-0.0270   	2.5500    	0.8770    	0.3440    	2.7520    
1486.0000 	256.2000  	259.5000  	1.9940    	-0.1590   	2.9630    	-0.3100   	3.3000    	0.9810    	0.2970    	-8.8520   
1486.0000 	261.0000  	263.2500  	3.3340    	-0.2820   	4.1200    	-0.2540   	2.2500    	0.7870    	0.3500    	2.0770    
1505.0000 	289.5000  	297.1500  	0.0290    	-0.0260   	-0.7590   	-0.3160   	7.6500    	0.8400    	0.1100    	-159.8070 
1506.0000 	255.3000  	256.6500  	0.3140    	-0.3110   	-0.2700   	0.3800    	1.3500    	0.9050    	0.6700    	130.2120  
1506.0000 	262.6500  	263.4000  	-0.7520   	0.2710    	-1.1300   	-0.0240   	0.7500    	0.4800    	0.6400    	-141.9950 
1506.0000 	263.8500  	264.7500  	-1.5500   	0.0570    	-1.9010   	0.3260    	0.9000    	0.4430    	0.4920    	142.4840  
1506.0000 	278.1000  	278.8500  	-2.5330   	0.1680    	-3.1420   	-0.1170   	0.7500    	0.6730    	0.8970    	-154.8920 
1506.0000 	285.0000  	285.9000  	-4.1290   	-0.1900   	-4.7810   	-0.4290   	0.9000    	0.6940    	0.7710    	-159.9280 
1559.0000 	250.6500  	251.8500  	0.1210    	0.1550    	-0.3190   	-0.2240   	1.2000    	0.5810    	0.4840    	-139.2310 
1612.0000 	286.9500  	288.0000  	-0.4180   	-0.5440   	0.2180    	0.4420    	1.0500    	1.1740    	1.1180    	57.1960   
1612.0000 	290.8500  	292.0500  	0.2410    	0.2920    	0.8010    	0.2050    	1.2000    	0.5670    	0.4720    	-8.8230   
1612.0000 	301.0500  	302.1000  	1.3400    	0.4460    	1.8360    	0.3220    	1.0500    	0.5110    	0.4870    	-13.9800  
1612.0000 	303.1500  	305.4000  	2.0310    	0.3790    	3.3220    	0.3290    	2.2500    	1.2920    	0.5740    	-2.2290   
1612.0000 	308.2500  	311.2500  	3.7610    	0.3150    	5.1820    	0.3360    	3.0000    	1.4210    	0.4740    	0.8320    
1612.0000 	313.0500  	314.7000  	5.5460    	0.3530    	6.4740    	0.4580    	1.6500    	0.9340    	0.5660    	6.4690    
1612.0000 	316.0500  	318.7500  	6.6820    	0.4270    	7.9270    	0.2840    	2.7000    	1.2530    	0.4640    	-6.5620   
1612.0000 	326.8500  	330.0000  	8.6840    	0.3710    	10.1100   	0.3180    	3.1500    	1.4270    	0.4530    	-2.1300   
1689.0000 	250.2000  	250.9500  	-1.7420   	-0.1270   	-1.2360   	-0.0270   	0.7500    	0.5160    	0.6880    	11.1220   
1689.0000 	277.0500  	278.2500  	-0.2630   	0.0820    	0.5250    	-0.0830   	1.2000    	0.8050    	0.6710    	-11.8500  
1689.0000 	281.1000  	283.2000  	1.0770    	-0.1700   	2.1650    	0.1530    	2.1000    	1.1350    	0.5400    	16.5280   
1689.0000 	285.4500  	288.3000  	0.7860    	0.0130    	1.9410    	0.1160    	2.8500    	1.1600    	0.4070    	5.0790    
1689.0000 	289.9500  	292.0500  	2.3850    	0.1770    	3.2280    	0.2480    	2.1000    	0.8460    	0.4030    	4.8060    
1691.0000 	250.3500  	251.4000  	-0.5140   	-0.0240   	-0.0008   	0.0420    	1.0500    	0.5170    	0.4930    	7.3500    
1691.0000 	261.3000  	263.1000  	0.6940    	0.1860    	1.6060    	0.2410    	1.8000    	0.9140    	0.5080    	3.4630    
1703.0000 	270.7500  	271.9500  	0.0210    	-0.0930   	-0.9280   	0.0480    	1.2000    	0.9600    	0.8000    	171.5080  
1710.0000 	300.3000  	302.8500  	-0.3120   	0.0220    	0.7690    	-0.0210   	2.5500    	1.0820    	0.4240    	-2.2990   
1713.0000 	270.9000  	271.8000  	-0.0190   	0.0190    	0.1280    	0.3200    	0.9000    	0.3350    	0.3720    	63.9310   
1720.0000 	270.0000  	271.3500  	-0.7380   	0.2910    	0.2270    	0.6150    	1.3500    	1.0180    	0.7540    	18.5680   
1720.0000 	273.1500  	274.5000  	0.7640    	0.5970    	1.3370    	-0.1930   	1.3500    	0.9760    	0.7230    	-54.0620  
1739.0000 	301.0500  	302.1000  	-0.2740   	-0.1360   	0.0430    	-0.1860   	1.0500    	0.3210    	0.3060    	-8.8860   
1748.0000 	273.9000  	275.1000  	-0.7100   	-0.0990   	0.0500    	-0.0610   	1.2000    	0.7610    	0.6340    	2.9000    
1748.0000 	286.5000  	288.4500  	0.4840    	0.0150    	1.3850    	0.0450    	1.9500    	0.9010    	0.4620    	1.8640    
1757.0000 	313.0500  	320.4000  	0.9100    	-0.1000   	-2.8710   	0.1510    	7.3500    	3.7890    	0.5160    	176.2040  
1757.0000 	327.0000  	335.8500  	-2.8450   	0.2610    	-8.4050   	0.6340    	8.8500    	5.5720    	0.6300    	176.1660  
1778.0000 	309.3000  	312.0000  	-0.7450   	-0.1180   	0.1060    	-0.2380   	2.7000    	0.8590    	0.3180    	-8.0030   
1778.0000 	321.0000  	324.0000  	0.1890    	-0.2730   	1.5940    	0.2350    	3.0000    	1.4940    	0.4980    	19.8750   
1778.0000 	330.9000  	333.4500  	2.8160    	0.0560    	4.1950    	0.0550    	2.5500    	1.3790    	0.5410    	-0.0150   
1783.0000 	299.8500  	301.2000  	0.7760    	0.0460    	0.1940    	0.0170    	1.3500    	0.5830    	0.4320    	-177.2050 
1783.0000 	302.8500  	304.0500  	-0.1630   	0.0470    	-0.7080   	-0.0620   	1.2000    	0.5560    	0.4630    	-168.6780 
1784.0000 	333.4500  	335.2500  	-0.8130   	0.1180    	-0.1280   	0.0630    	1.8000    	0.6870    	0.3820    	-4.5740   
1804.0000 	311.1000  	317.2500  	-0.6060   	-0.0780   	2.1960    	0.0240    	6.1500    	2.8040    	0.4560    	2.0750    
1839.0000 	380.2500  	381.4500  	-0.2940   	1.7180    	-2.2590   	-0.8090   	1.2000    	3.2000    	2.6670    	-127.8770 
1839.0000 	388.6500  	389.8500  	-2.9070   	-5.0490   	-3.7310   	-4.9530   	1.2000    	0.8300    	0.6910    	173.3790  
