trajectory	start     	end       	x1        	y1        	x2        	y2        	duration  	distance  	rate      	angle (deg)
325.0000  	154.2000  	155.1000  	-0.0720   	-0.1170   	0.2690    	-0.1970   	0.9000    	0.3500    	0.3890    	-13.3160  
410.0000  	146.4000  	148.0500  	-0.1500   	0.0320    	0.7410    	-0.0640   	1.6500    	0.8960    	0.5430    	-6.1190   
573.0000  	176.4000  	181.2000  	-0.0420   	0.1050    	1.8050    	-0.1210   	4.8000    	1.8600    	0.3880    	-6.9900   
617.0000  	135.7500  	136.5000  	0.0700    	-0.1620   	-0.0740   	0.0840    	0.7500    	0.2850    	0.3800    	120.3210  
714.0000  	124.0500  	124.9500  	0.0640    	-0.2960   	-0.2830   	0.2010    	0.9000    	0.6060    	0.6730    	124.9810  
754.0000  	135.3000  	137.4000  	-0.2610   	-0.0390   	0.3950    	0.0320    	2.1000    	0.6600    	0.3140    	6.1350    
754.0000  	138.7500  	139.8000  	0.8320    	0.0900    	1.3280    	-0.0080   	1.0500    	0.5060    	0.4820    	-11.1890  
1001.0000 	121.3500  	122.5500  	-0.0530   	-0.0010   	0.2960    	0.0440    	1.2000    	0.3520    	0.2930    	7.3610    
1001.0000 	122.7000  	123.4500  	0.2660    	-0.3670   	0.4460    	-0.1060   	0.7500    	0.3180    	0.4230    	55.3010   
1218.0000 	192.1500  	193.8000  	-0.0500   	-0.0010   	0.6900    	-0.0350   	1.6500    	0.7400    	0.4480    	-2.6320   
1350.0000 	148.0500  	149.1000  	-1.5760   	-0.0490   	-2.3470   	0.0730    	1.0500    	0.7810    	0.7440    	171.0140  
1364.0000 	150.7500  	152.1000  	0.2610    	-0.3350   	-0.8260   	0.0670    	1.3500    	1.1580    	0.8580    	159.7100  
1427.0000 	121.3500  	122.4000  	-0.0180   	-0.2500   	0.3490    	0.0500    	1.0500    	0.4740    	0.4510    	39.3560   
1487.0000 	140.4000  	141.9000  	-0.2080   	0.0040    	-0.9840   	-0.1310   	1.5000    	0.7880    	0.5250    	-170.1190 
1487.0000 	148.2000  	149.2500  	-1.4590   	-0.4650   	-1.9060   	-0.4920   	1.0500    	0.4470    	0.4260    	-176.6200 
1518.0000 	122.5500  	123.3000  	0.0590    	-0.0420   	-0.5420   	0.1320    	0.7500    	0.6260    	0.8350    	163.8750  
1586.0000 	246.3000  	248.7000  	-1.2460   	-0.0450   	-0.3330   	0.1060    	2.4000    	0.9260    	0.3860    	9.3640    
1586.0000 	251.8500  	254.8500  	0.2670    	0.0310    	1.9890    	0.0530    	3.0000    	1.7220    	0.5740    	0.7340    
1586.0000 	263.2500  	264.6000  	3.0160    	0.1060    	3.5250    	-0.0610   	1.3500    	0.5360    	0.3970    	-18.1940  
1586.0000 	269.7000  	273.6000  	4.9440    	0.1070    	7.0060    	-0.0840   	3.9000    	2.0710    	0.5310    	-5.2810   
1586.0000 	275.1000  	277.2000  	7.3060    	-0.0330   	8.5280    	0.0380    	2.1000    	1.2240    	0.5830    	3.3120    
1586.0000 	287.1000  	294.0000  	5.7200    	0.0140    	9.1600    	-0.0370   	6.9000    	3.4400    	0.4990    	-0.8470   
1586.0000 	295.5000  	296.5500  	9.4340    	0.0950    	10.0620   	-0.1000   	1.0500    	0.6590    	0.6270    	-17.3000  
1598.0000 	135.4500  	137.1000  	-0.0130   	-0.0940   	-0.6880   	-0.3680   	1.6500    	0.7290    	0.4420    	-157.8920 
1599.0000 	167.8500  	169.0500  	-0.6780   	-0.0010   	-0.1120   	-0.0070   	1.2000    	0.5660    	0.4720    	-0.6100   
1726.0000 	125.7000  	126.4500  	0.0350    	0.0990    	-0.2100   	-0.1670   	0.7500    	0.3610    	0.4810    	-132.7210 
1857.0000 	162.4500  	163.5000  	-0.0960   	-0.1270   	-0.5630   	0.3500    	1.0500    	0.6670    	0.6360    	134.4380  
1974.0000 	231.3000  	232.0500  	0.0430    	-0.0430   	0.3150    	-0.0210   	0.7500    	0.2730    	0.3640    	4.6940    
2113.0000 	136.2000  	137.2500  	0.1100    	-0.1860   	-0.5420   	-0.2920   	1.0500    	0.6610    	0.6300    	-170.7320 
2113.0000 	137.4000  	138.1500  	-0.5300   	-0.4420   	-1.0370   	-0.3370   	0.7500    	0.5180    	0.6910    	168.2930  
2186.0000 	124.2000  	124.9500  	-0.0180   	-0.0080   	-0.5840   	-0.0470   	0.7500    	0.5680    	0.7570    	-176.0130 
2557.0000 	157.5000  	159.1500  	1.2050    	0.2960    	2.2900    	0.0130    	1.6500    	1.1210    	0.6790    	-14.6140  
2592.0000 	139.2000  	141.9000  	-0.1500   	-0.1810   	0.5460    	-0.0240   	2.7000    	0.7130    	0.2640    	12.6550   
2592.0000 	142.3500  	143.5500  	0.6400    	0.1400    	1.1730    	-0.1200   	1.2000    	0.5930    	0.4940    	-26.0750  
2700.0000 	120.3000  	121.3500  	-0.1120   	-0.0270   	-0.3660   	-0.1150   	1.0500    	0.2690    	0.2560    	-160.8980 
3338.0000 	112.6500  	113.8500  	0.1520    	-0.6500   	-0.4160   	0.2470    	1.2000    	1.0610    	0.8840    	122.3610  
3480.0000 	118.8000  	119.8500  	0.0190    	0.2520    	0.2690    	0.4010    	1.0500    	0.2910    	0.2770    	30.8830   
3628.0000 	160.8000  	161.5500  	-0.8450   	-0.0470   	-1.6860   	-0.2010   	0.7500    	0.8550    	1.1410    	-169.6650 
3695.0000 	126.7500  	127.5000  	-0.2860   	-0.0550   	-1.1980   	-0.0700   	0.7500    	0.9120    	1.2160    	-179.0640 
3695.0000 	128.5500  	129.4500  	-1.4270   	-0.1410   	-2.0110   	-0.2430   	0.9000    	0.5930    	0.6590    	-170.1120 
3882.0000 	124.2000  	125.1000  	0.1810    	0.3180    	-0.3170   	-0.1210   	0.9000    	0.6640    	0.7370    	-138.5770 
3935.0000 	128.4000  	129.7500  	-0.1710   	-1.5100   	0.4850    	0.5850    	1.3500    	2.1950    	1.6260    	72.6100   
3959.0000 	122.1000  	123.6000  	1.6900    	0.0560    	-0.0030   	-0.2920   	1.5000    	1.7280    	1.1520    	-168.3820 
4667.0000 	159.1500  	159.9000  	0.9060    	0.3990    	0.2820    	0.3270    	0.7500    	0.6280    	0.8380    	-173.3940 
4805.0000 	161.2500  	162.0000  	0.1790    	-0.0480   	-0.1780   	-0.0430   	0.7500    	0.3570    	0.4760    	179.2880  
5235.0000 	191.8500  	192.9000  	0.5940    	-0.1710   	0.2260    	0.0420    	1.0500    	0.4250    	0.4050    	150.0060  
5248.0000 	226.0500  	228.1500  	-0.0420   	-0.1130   	0.3020    	-0.1450   	2.1000    	0.3460    	0.1650    	-5.3770   
