trajectory	start     	end       	x1        	y1        	x2        	y2        	duration  	distance  	rate      	angle (deg)	msd_y
12	244.95	247.2	-0.302	-0.037	-0.051	-0.083	2.25	0.255	0.113	-10.528	1.081660696177772e-14
12	264.15	265.95	0.055	-0.211	0.243	0.192	1.8	0.444	0.247	64.94	1.081660696177772e-14
12	303.45	304.35	0.143	0.081	0.347	-0.026	0.9	0.231	0.256	-27.814	1.081660696177772e-14
12	306.75	307.5	0.746	-0.149	0.971	0.108	0.75	0.342	0.456	48.816	1.081660696177772e-14
12	309.75	312.6	1.075	-0.185	1.735	-0.08599999999999999	2.85	0.667	0.234	8.528	1.081660696177772e-14
12	313.95	316.05	1.81	-0.163	2.405	-0.188	2.1	0.596	0.284	-2.438	1.081660696177772e-14
206	270.3	273.6	-2.043	0.076	-2.949	-0.066	3.3	0.917	0.278	-171.084	4.40623909523809e-14
206	277.35	278.25	-3.256	-0.06	-3.653	0.059	0.9	0.415	0.461	163.278	4.40623909523809e-14
403	251.55	252.9	-0.509	0.183	-1.324	-0.337	1.35	0.967	0.716	-147.461	6.167180448019269e-14
416	245.55	248.55	-0.489	-0.065	0.604	0.024	3	1.097	0.366	4.669	4.687185409039264e-14
416	249.6	253.65	0.409	0.002	2.171	0.033	4.05	1.762	0.435	1.035	4.687185409039264e-14
496	227.25	228.3	-0.249	-0.377	-0.582	0.033	1.05	0.528	0.503	129.093	1.626791139786642e-14
505	233.4	235.8	-0.831	0.297	-1.228	0.473	2.4	0.434	0.181	156.047	4.54029519753509e-15
505	247.5	253.2	-1.268	0.408	-1.947	0.422	5.7	0.679	0.119	178.821	4.54029519753509e-15
505	270.75	272.55	-2.756	0.381	-3.804	0.474	1.8	1.052	0.584	174.951	4.54029519753509e-15
507	253.65	254.4	-0.745	-0.04	-0.918	0.062	0.75	0.201	0.268	149.449	9.377624412679597e-15
509	235.5	237.3	-0.022	0.002	-0.469	-0.196	1.8	0.489	0.272	-156.127	9.31601131403825e-15
530	281.4	283.65	-1.842	-0.047	-3.222	-0.099	2.25	1.381	0.614	-177.851	5.934758781028058e-14
535	270.45	271.35	-1.095	-0.137	-1.304	-0.149	0.9	0.209	0.233	-176.718	8.546182617699898e-15
552	255.3	257.4	-0.218	-0.014	0.768	0.058	2.1	0.989	0.471	4.183	7.166738365595286e-15
552	257.85	260.55	0.9419999999999999	-0.083	1.824	0.036	2.7	0.89	0.33	7.684	7.166738365595286e-15
556	261.15	262.65	-0.738	0.248	-0.025	-0.321	1.5	0.913	0.608	-38.619	3.863764959635103e-14
556	271.35	274.35	0.345	-0.223	2.095	-0.098	3	1.754	0.585	4.077	3.863764959635103e-14
556	308.1	309.9	2.862	-0.225	3.902	-0.492	1.8	1.074	0.596	-14.385	3.863764959635103e-14
568	241.2	242.25	-0.349	-0.135	0.13	-0.315	1.05	0.512	0.487	-20.621	5.351750552469138e-14
568	284.7	285.9	1.008	-0.292	1.686	-0.138	1.2	0.695	0.579	12.839	5.351750552469138e-14
596	237.3	239.4	-1.922	0.113	-1.253	-0.034	2.1	0.6850000000000001	0.326	-12.365	5.481245290272954e-15
596	259.35	261	-0.759	0.044	-0.052	0.079	1.65	0.708	0.429	2.862	5.481245290272954e-15
596	261.75	262.8	0.108	-0.089	0.385	-0.07099999999999999	1.05	0.278	0.264	3.653	5.481245290272954e-15
596	264.45	265.8	0.638	-0.076	0.98	-0.036	1.35	0.344	0.255	6.709	5.481245290272954e-15
596	273.45	277.35	2.505	-0.08400000000000001	3.812	-0.129	3.9	1.308	0.335	-1.979	5.481245290272954e-15
615	244.05	245.4	0.608	-0.37	-0.167	0.301	1.35	1.025	0.759	139.114	5.831372433027905e-14
615	259.2	259.95	-1.312	-0.239	-1.636	-0.372	0.75	0.35	0.467	-157.799	5.831372433027905e-14
615	265.95	267	-2.925	-0.246	-3.736	-0.168	1.05	0.8149999999999999	0.776	174.521	5.831372433027905e-14
615	284.7	287.1	-4.343	-0.58	-6.066	-0.435	2.4	1.729	0.72	175.178	5.831372433027905e-14
615	295.35	297.15	-6.192	-0.493	-7.301	-0.661	1.8	1.122	0.623	-171.365	5.831372433027905e-14
633	252.9	256.05	-0.2	0.005	0.076	0.016	3.15	0.276	0.08799999999999999	2.189	3.963871988330567e-15
633	260.4	265.05	0.141	0.0003	0.596	-0.023	4.65	0.456	0.098	-2.917	3.963871988330567e-15
641	309.45	313.05	-1.247	-0.187	-0.044	-0.073	3.6	1.208	0.336	5.405	1.975576975619835e-14
641	321.75	323.85	0.364	-0.097	0.849	0.038	2.1	0.504	0.24	15.627	1.975576975619835e-14
641	353.85	355.35	-0.539	0.042	-0.047	-0.321	1.5	0.611	0.408	-36.407	1.975576975619835e-14
668	334.35	338.55	-0.223	-0.056	-0.9429999999999999	-0.012	4.2	0.721	0.172	176.515	1.989685163782712e-14
668	339.45	340.65	-0.799	-0.153	-1.441	0.021	1.2	0.665	0.554	164.846	1.989685163782712e-14
723	249.3	250.35	0.144	-0.074	-0.516	-0.201	1.05	0.672	0.64	-169.082	2.580939018804311e-14
723	266.25	267	-0.728	-0.146	-1.02	-0.126	0.75	0.293	0.39	176.092	2.580939018804311e-14
723	271.8	274.95	-1.42	-0.06	-2.604	-0.28	3.15	1.204	0.382	-169.482	2.580939018804311e-14
723	310.5	311.55	-3.287	-0.205	-3.72	-0.242	1.05	0.435	0.414	-175.114	2.580939018804311e-14
750	242.55	245.25	0.126	-0.298	1.152	-0.06900000000000001	2.7	1.051	0.389	12.586	2.083105350766648e-14
752	227.4	228.6	-0.303	-0.223	-0.773	-0.129	1.2	0.479	0.399	168.702	9.123925253658734e-15
752	239.7	240.75	-1.375	-0.246	-1.802	-0.245	1.05	0.427	0.407	179.891	9.123925253658734e-15
754	267.6	268.35	-0.237	-0.263	-0.703	0.062	0.75	0.5679999999999999	0.758	145.07	6.069361673220678e-14
755	273.45	274.5	0.08599999999999999	-0.196	0.728	0.045	1.05	0.6860000000000001	0.653	20.552	6.030055144286814e-14
755	282.6	283.65	2.177	-0.165	2.566	-0.349	1.05	0.431	0.41	-25.373	6.030055144286814e-14
755	285.75	286.5	3.528	-0.074	4.041	-0.104	0.75	0.514	0.6850000000000001	-3.348	6.030055144286814e-14
787	258.75	259.65	-3.051	-0.108	-3.603	-0.182	0.9	0.5570000000000001	0.619	-172.314	1.920645718142593e-14
787	263.25	264.6	-4.01	-0.182	-4.61	-0.252	1.35	0.604	0.447	-173.324	1.920645718142593e-14
787	270.9	272.1	-5.477	-0.292	-5.957	-0.201	1.2	0.488	0.407	169.3	1.920645718142593e-14
801	369.45	375.45	-4.765	-0.08500000000000001	-1.449	-0.173	6	3.317	0.553	-1.523	3.039719705485612e-14
924	243.15	244.2	-0.569	-0.022	-1.064	-0.101	1.05	0.501	0.477	-170.961	1.015193674330144e-14
924	290.55	291.75	-3.057	-0.147	-3.793	-0.268	1.2	0.746	0.622	-170.631	1.015193674330144e-14
924	295.5	298.65	-4.63	-0.251	-6.939	-0.091	3.15	2.315	0.735	176.046	1.015193674330144e-14
956	365.1	367.5	-0.768	0.256	0.151	-0.403	2.4	1.131	0.471	-35.628	7.895461062973207e-15
959	268.2	269.55	0.521	0.201	-0.247	-0.286	1.35	0.909	0.673	-147.663	1.646146409256223e-14
959	270.45	272.7	-0.476	-0.157	-1.935	-0.083	2.25	1.461	0.649	177.106	1.646146409256223e-14
959	274.05	274.95	-2.202	-0.077	-2.95	-0.284	0.9	0.776	0.862	-164.55	1.646146409256223e-14
959	336.15	337.05	-2.59	-0.334	-3.242	-0.263	0.9	0.656	0.729	173.814	1.646146409256223e-14
959	361.5	363	-3.617	-0.067	-4.815	-0.347	1.5	1.23	0.82	-166.84	1.646146409256223e-14
962	281.7	283.5	-2.543	0.108	-3.784	-0.199	1.8	1.278	0.71	-166.13	4.201072966885804e-14
1014	276	281.55	0.593	0.028	-2.49	-0.09	5.55	3.085	0.556	-177.804	6.307284323487638e-14
1014	372.6	374.25	-1.283	-0.24	-0.647	-0.028	1.65	0.67	0.406	18.434	6.307284323487638e-14
1014	370.05	371.4	-2.439	-0.421	-1.999	-0.008999999999999999	1.35	0.602	0.446	43.088	6.307284323487638e-14
1021	274.5	275.7	-0.122	-0.33	0.294	-0.487	1.2	0.445	0.371	-20.721	7.211956608708595e-14
1021	289.05	292.2	1.163	-1.115	1.514	-1.672	3.15	0.658	0.209	-57.765	7.211956608708595e-14
1099	292.05	297.6	0.106	0.093	-2.491	0.101	5.55	2.597	0.468	179.82	1.155184539536781e-14
1099	306.6	310.95	-3.542	0.181	-5.281	0.167	4.35	1.739	0.4	-179.512	1.155184539536781e-14
1099	318.6	319.35	-5.92	0.329	-6.193	0.425	0.75	0.29	0.386	160.532	1.155184539536781e-14
1169	335.85	337.65	1.806	0.031	-0.163	0.157	1.8	1.973	1.096	176.332	2.784501550515206e-14
1169	344.85	346.65	-0.525	0.198	-2.166	-0.042	1.8	1.658	0.921	-171.693	2.784501550515206e-14
1169	356.7	357.75	-2.648	-0.025	-3.674	-0.066	1.05	1.027	0.978	-177.76	2.784501550515206e-14
1169	372.75	373.8	-4.35	0.129	-4.629	-0.19	1.05	0.424	0.404	-131.15	2.784501550515206e-14
1254	256.2	257.4	-0.206	-0.019	-0.901	0.121	1.2	0.709	0.591	168.589	2.121114910348753e-14
1254	263.1	264.3	-1.755	0.079	-2.486	0.032	1.2	0.732	0.61	-176.346	2.121114910348753e-14
1305	207.9	208.65	0.127	0.067	0.0002	0.112	0.75	0.135	0.179	160.412	8.892651456183136e-15
1305	212.55	215.1	-0.104	0.116	-0.345	0.112	2.55	0.241	0.095	-179.01	8.892651456183136e-15
1396	304.05	306.75	-1.397	-0.109	-0.332	-0.041	2.7	1.067	0.395	3.604	3.446995135518052e-14
1396	329.1	331.8	-0.704	-0.194	0.12	0.23	2.7	0.927	0.343	27.261	3.446995135518052e-14
1396	331.95	334.05	0.283	0.083	0.984	0.167	2.1	0.706	0.336	6.811	3.446995135518052e-14
1446	268.05	269.7	-1.141	0.231	-2.312	-0.08400000000000001	1.65	1.213	0.735	-164.955	6.902101375933341e-14
1446	265.65	266.7	-0.428	0.029	-0.767	-0.049	1.05	0.348	0.331	-167.008	6.902101375933341e-14
1761	367.5	370.05	-0.195	-0.134	0.8149999999999999	-0.162	2.55	1.01	0.396	-1.588	1.922166479620148e-14
1814	294.75	295.5	-0.803	-0.15	-0.593	-0.175	0.75	0.212	0.282	-6.855	1.069838864141458e-14
1814	365.25	366.45	0.096	0.182	0.637	-0.006	1.2	0.573	0.477	-19.154	1.069838864141458e-14
1814	367.65	369.3	0.962	-0.099	1.445	-0.058	1.65	0.485	0.294	4.818	1.069838864141458e-14
938	241.8	243.45	-0.877	0.196	-1.646	-0.338	1.65	0.9360000000000001	0.5669999999999999	-145.223	2.920280006035912e-14
940	300.15	305.1	-0.178	0.112	0.199	0.043	4.95	0.383	0.077	-10.322	1.727903637998332e-14
17	384.9	386.25	0.352	-1.729	-1.637	-1.509	1.35	2.001	1.482	173.708	2.289212918543775e-14
44	295.95	298.5	-0.367	0.082	0.464	-0.502	2.55	1.015	0.398	-35.066	1.345028523308867e-14
44	299.55	301.35	0.78	-0.357	1.595	-0.6870000000000001	1.8	0.879	0.489	-22.048	1.345028523308867e-14
44	302.25	304.35	1.675	-0.709	2.734	-1.091	2.1	1.126	0.536	-19.839	1.345028523308867e-14
170	269.25	270.9	-1.137	-0.466	-2.077	-0.177	1.65	0.983	0.596	162.896	5.451942434555001e-14
170	274.35	275.85	-1.987	-0.174	-3.041	-0.12	1.5	1.055	0.704	177.094	5.451942434555001e-14
170	276.15	276.9	-3.097	-0.354	-3.678	-0.08699999999999999	0.75	0.639	0.852	155.36	5.451942434555001e-14
176	282.45	284.1	-0.955	0.013	-1.899	0.158	1.65	0.955	0.579	171.258	1.599281183069322e-14
200	342.6	344.7	0.387	-0.193	-0.854	-0.067	2.1	1.247	0.594	174.184	1.590935486702481e-14
212	307.65	308.4	-0.304	-0.042	-0.708	0.059	0.75	0.416	0.555	166.062	9.173624029594419e-15
225	335.55	337.8	-0.705	-0.1	-1.55	-0.828	2.25	1.115	0.496	-139.26	8.775145485159786e-15
225	338.4	339.45	-1.643	-1.225	-2.302	-1.269	1.05	0.66	0.629	-176.16	8.775145485159786e-15
252	230.25	231.45	-0.754	-0.859	-0.308	-0.028	1.2	0.9429999999999999	0.786	61.785	1.308998807003567e-14
252	237.45	239.25	0.254	-0.253	0.755	-0.013	1.8	0.555	0.309	25.561	1.308998807003567e-14
252	245.1	246	1.043	-0.112	1.244	-0.254	0.9	0.246	0.273	-35.248	1.308998807003567e-14
252	252.3	255.3	1.414	-0.059	2.094	-0.019	3	0.681	0.227	3.343	1.308998807003567e-14
252	274.2	278.1	2.102	0.068	3.332	-0.075	3.9	1.238	0.318	-6.638	1.308998807003567e-14
304	262.35	264.15	-0.015	-0.063	0.922	0.073	1.8	0.947	0.526	8.295	5.497686167184615e-14
323	308.55	309.9	0.256	0.068	1.101	-0.533	1.35	1.037	0.768	-35.424	1.771226431394541e-14
369	278.85	282	0.8149999999999999	-0.146	2.462	0.02	3.15	1.655	0.525	5.74	1.792268389648436e-14
369	302.1	304.35	2.819	-0.113	4.022	-0.236	2.25	1.209	0.537	-5.816	1.792268389648436e-14
369	305.55	309.15	3.374	-0.089	4.747	-0.247	3.6	1.382	0.384	-6.578	1.792268389648436e-14
386	224.4	225.45	-0.373	-0.275	0.139	-0.101	1.05	0.541	0.515	18.746	4.308548300094521e-14
426	270.75	272.25	0.122	0.277	0.792	0.202	1.5	0.674	0.449	-6.393	1.340523607560258e-14
479	244.8	246.15	-0.594	0.23	-1.095	-0.136	1.35	0.62	0.46	-143.847	6.183332415441482e-14
501	311.55	315.45	-2.761	-0.344	-1.146	-0.353	3.9	1.615	0.414	-0.331	5.536302556046905e-14
501	318.75	319.95	-0.573	-0.399	0.027	-0.42	1.2	0.6	0.5	-2.081	5.536302556046905e-14
501	328.5	334.65	1.003	-0.508	3.051	-0.449	6.15	2.049	0.333	1.647	5.536302556046905e-14
501	340.95	343.95	3.204	-0.441	3.928	-0.415	3	0.724	0.241	2.037	5.536302556046905e-14
501	345.15	346.95	4.147	-0.441	4.716	-0.427	1.8	0.569	0.316	1.383	5.536302556046905e-14
501	360.9	363	5.259	-0.6929999999999999	6.115	-0.63	2.1	0.858	0.409	4.226	5.536302556046905e-14
506	257.1	259.35	-0.635	-0.113	-1.865	0.053	2.25	1.241	0.552	172.285	3.133051306526142e-14
544	327	331.8	-1.264	-0.062	-0.045	0.014	4.8	1.221	0.254	3.546	1.434249237011611e-14
544	332.25	339.15	-0.012	-0.011	2.091	-0.054	6.9	2.103	0.305	-1.177	1.434249237011611e-14
544	339.75	343.05	2.195	-0.012	3.238	-0.419	3.3	1.12	0.339	-21.36	1.434249237011611e-14
556	347.4	348.15	-1.41	-0.037	-1.615	-0.271	0.75	0.311	0.414	-131.259	1.30919523338527e-14
573	247.35	248.7	-0.219	-0.029	0.386	0.02	1.35	0.607	0.45	4.648	3.406304907872263e-14
585	268.65	269.85	-0.059	-0.054	-0.9370000000000001	-0.362	1.2	0.93	0.775	-160.666	2.367909730080062e-14
585	271.95	273.15	-0.99	-0.287	-1.494	0.017	1.2	0.589	0.491	148.856	2.367909730080062e-14
585	280.35	281.55	-2.341	-0.259	-1.798	0.033	1.2	0.616	0.514	28.257	2.367909730080062e-14
585	282.45	283.2	-1.717	-0.11	-1.28	0.035	0.75	0.461	0.614	18.386	2.367909730080062e-14
606	299.1	308.4	-0.187	-0.019	-0.73	-0.08400000000000001	9.300000000000001	0.547	0.059	-173.199	6.146614363333908e-15
628	289.35	297.3	0.003	0.08500000000000001	0.347	-0.016	7.95	0.358	0.045	-16.297	5.375229605723418e-15
631	237.45	238.35	-1.318	-0.463	-1.558	-0.409	0.9	0.246	0.274	167.142	8.564158757101336e-15
631	264	264.9	-1.833	-0.418	-2.056	-0.502	0.9	0.238	0.265	-159.366	8.564158757101336e-15
631	273.3	274.65	-2.483	-0.407	-3.013	-0.376	1.35	0.531	0.393	176.689	8.564158757101336e-15
646	237.9	238.65	-0.178	-0.171	0.054	-0.077	0.75	0.25	0.334	22.047	1.008137357894821e-14
668	235.05	236.7	-0.063	-0.185	-0.826	0.247	1.65	0.876	0.531	150.523	2.858479329759921e-14
704	258.3	261.45	-0.651	-0.056	0.9360000000000001	-0.046	3.15	1.587	0.504	0.359	2.914624115563284e-14
726	209.1	211.2	-0.08500000000000001	-0.158	-0.607	0.212	2.1	0.64	0.305	144.693	2.928316300093432e-14
726	213	214.05	-0.61	-0.289	-0.847	-0.059	1.05	0.33	0.315	135.816	2.928316300093432e-14
729	208.2	209.1	-0.179	-0.115	-0.12	-0.152	0.9	0.07000000000000001	0.078	-32.753	8.777731411468172e-15
780	261.75	262.65	-0.66	-0.484	-1.049	-0.262	0.9	0.448	0.497	150.323	4.093416486874274e-14
788	236.1	237.15	-0.3	0.006	-0.742	-0.293	1.05	0.534	0.508	-145.937	2.877489365045168e-14
802	285.9	287.4	-0.183	0.075	-0.395	-0.07000000000000001	1.5	0.257	0.171	-145.637	1.278968933190934e-14
828	258.3	260.25	-1.494	-0.081	-3.011	-0.123	1.95	1.518	0.778	-178.412	1.10734232781056e-14
839	262.8	264.15	0.492	0.283	-0.196	0.073	1.35	0.719	0.533	-163.023	5.606467271846928e-14
839	295.5	296.4	-1.012	-0.216	-1.671	0.07099999999999999	0.9	0.719	0.799	156.422	5.606467271846928e-14
856	258.6	259.35	-0.261	-0.211	-0.597	-0.351	0.75	0.364	0.486	-157.332	2.236433436938424e-14
861	242.4	244.2	-1.328	-0.092	-0.84	-0.11	1.8	0.488	0.271	-2.113	1.024405478137386e-14
861	250.05	252.6	-0.672	-0.013	-0.057	-0.051	2.55	0.616	0.242	-3.585	1.024405478137386e-14
861	254.4	258	0.032	0.05	1.021	0.041	3.6	0.989	0.275	-0.531	1.024405478137386e-14
861	259.2	261.9	1.103	-0.06	1.724	-0.013	2.7	0.623	0.231	4.311	1.024405478137386e-14
861	268.05	270.15	1.757	0.05	2.333	-0.175	2.1	0.618	0.294	-21.325	1.024405478137386e-14
861	316.5	322.2	1.909	-0.045	3.144	0.101	5.7	1.244	0.218	6.745	1.024405478137386e-14
861	326.55	331.2	3.644	0.123	4.92	-0.064	4.65	1.29	0.277	-8.346	1.024405478137386e-14
861	336.45	340.95	5.231	-0.002	6.184	0.016	4.5	0.953	0.212	1.095	1.024405478137386e-14
865	249.15	250.05	-0.005	-0.153	-0.415	-0.137	0.9	0.41	0.456	177.744	3.087339658350477e-14
865	252.3	253.35	-0.54	-0.189	-0.6889999999999999	-0.188	1.05	0.149	0.142	179.577	3.087339658350477e-14
865	285.15	286.35	-1.799	-0.246	-2.674	-0.746	1.2	1.007	0.84	-150.29	3.087339658350477e-14
874	242.55	244.05	-0.506	-0.15	-0.9419999999999999	-0.031	1.5	0.452	0.301	164.641	3.410674194104288e-14
874	246.3	247.2	-0.986	-0.117	-1.311	-0.222	0.9	0.341	0.379	-162.16	3.410674194104288e-14
884	279.9	281.4	-0.136	-0.188	-0.909	-0.143	1.5	0.774	0.516	176.648	4.162248277408286e-14
884	289.5	297.15	-0.997	-0.187	-3.225	0.073	7.65	2.243	0.293	173.366	4.162248277408286e-14
884	305.1	308.4	-4.113	0.131	-2.467	0.371	3.3	1.663	0.504	8.263999999999999	4.162248277408286e-14
909	250.35	252.3	-0.067	0.168	0.458	0.487	1.95	0.615	0.315	31.351	3.558858814508723e-14
912	225.3	227.1	-0.887	-0.063	-1.827	-0.139	1.8	0.9429999999999999	0.524	-175.404	4.039591193368712e-14
912	248.4	249.45	-2.216	-0.004	-2.611	-0.208	1.05	0.444	0.423	-152.705	4.039591193368712e-14
912	252	252.9	-2.578	-0.263	-3.248	-0.242	0.9	0.67	0.745	178.131	4.039591193368712e-14
916	240.3	241.2	-0.291	0.018	0.34	-0.2	0.9	0.668	0.742	-19.097	1.953093753545163e-14
926	250.95	251.7	-0.895	-0.124	-1.372	-0.18	0.75	0.48	0.64	-173.371	3.3527556083313e-14
926	258.75	260.25	-2.978	-0.212	-3.89	-0.038	1.5	0.928	0.619	169.219	3.3527556083313e-14
938	222.9	226.2	-0.294	-0.12	-0.878	-0.07000000000000001	3.3	0.586	0.178	175.102	1.98052692615056e-14
946	234.15	234.9	-0.435	-1.398	0.12	-0.405	0.75	1.138	1.517	60.81	4.359080997309629e-14
953	322.8	323.85	-2.218	-0.024	-2.583	-0.018	1.05	0.365	0.348	179.009	2.650689179203252e-14
953	328.35	329.55	-3.436	-0.041	-4.03	-0.333	1.2	0.662	0.552	-153.801	2.650689179203252e-14
956	259.2	261.15	-0.765	-0.028	-0.162	0.003	1.95	0.604	0.31	2.871	1.703332802115257e-14
956	266.55	269.55	0.252	-0.08500000000000001	1.232	0.056	3	0.99	0.33	8.178000000000001	1.703332802115257e-14
956	279.3	284.85	2.097	-0.092	4.168	0.11	5.55	2.081	0.375	5.556	1.703332802115257e-14
956	286.2	289.35	4.404	0.1	5.22	-0.06900000000000001	3.15	0.833	0.265	-11.714	1.703332802115257e-14
956	315.45	319.05	4.99	-0.114	6.332	-0.096	3.6	1.342	0.373	0.763	1.703332802115257e-14
979	288.45	289.8	-0.1	-0.012	-0.609	0.185	1.35	0.546	0.404	158.886	1.862143666574764e-14
980	207.3	208.8	-0.266	-0.246	-0.5	-0.252	1.5	0.234	0.156	-178.475	7.510772533973962e-15
1014	277.8	283.05	-0.254	-0.076	-0.8149999999999999	-0.039	5.25	0.5620000000000001	0.107	176.237	2.606490660413985e-14
1024	239.55	240.9	-0.177	-0.08699999999999999	0.103	0.001	1.35	0.294	0.218	17.571	1.63969113156125e-14
1027	314.1	321.75	-1.404	0.109	0.9370000000000001	-0.08699999999999999	7.65	2.349	0.307	-4.796	1.222533757477907e-14
1027	324.9	334.5	0.897	-0.06900000000000001	3.908	-0.404	9.6	3.03	0.316	-6.344	1.222533757477907e-14
1027	335.7	338.4	3.961	-0.429	4.736	-0.519	2.7	0.78	0.289	-6.662	1.222533757477907e-14
1027	341.25	343.05	4.888	-0.276	5.491	-0.452	1.8	0.628	0.349	-16.246	1.222533757477907e-14
1029	238.95	239.85	-0.406	-0.361	-0.8179999999999999	0.113	0.9	0.628	0.698	130.976	5.960094093606833e-14
1036	242.25	246	-0.474	-0.21	-2.423	0.176	3.75	1.987	0.53	168.797	2.067413291441843e-14
1036	267.9	269.1	-4.858	0.279	-5.423	0.315	1.2	0.5659999999999999	0.472	176.319	2.067413291441843e-14
1036	274.8	276	-6.427	0.433	-6.96	0.372	1.2	0.536	0.447	-173.513	2.067413291441843e-14
1036	279.75	281.55	-7.227	0.654	-8.472	0.461	1.8	1.26	0.7	-171.193	2.067413291441843e-14
1036	282.6	285	-8.723000000000001	0.722	-10.258	0.551	2.4	1.545	0.644	-173.637	2.067413291441843e-14
1045	242.85	243.9	0.277	-0.08799999999999999	-0.043	-0.005	1.05	0.331	0.315	165.473	2.29505155964643e-14
1045	270.75	271.65	-0.382	-0.227	-0.654	0.08799999999999999	0.9	0.416	0.462	130.838	2.29505155964643e-14
1045	273	273.75	-0.923	-0.188	-1.315	0.335	0.75	0.654	0.872	126.805	2.29505155964643e-14
1045	312.3	313.65	-3.052	0.018	-3.718	0.106	1.35	0.672	0.498	172.52	2.29505155964643e-14
1046	280.35	281.85	-0.569	-0.43	-2.027	0.209	1.5	1.592	1.061	156.333	3.706805054287327e-14
1053	232.05	238.35	-0.024	-0.109	-0.848	-0.224	6.3	0.832	0.132	-172.037	3.461035649735586e-14
1053	256.8	258.6	-1.219	-0.047	-2.132	-0.613	1.8	1.074	0.597	-148.187	3.461035649735586e-14
1053	259.35	260.55	-2.236	-0.497	-3.027	-0.169	1.2	0.856	0.714	157.452	3.461035649735586e-14
1056	243.15	249	-0.145	-0.171	2.279	-0.249	5.85	2.425	0.415	-1.857	2.37780964542542e-14
1058	392.4	399.9	-0.247	-0.229	3.5	-0.134	7.5	3.748	0.5	1.454	2.108722548340272e-14
1066	310.05	312.6	-0.123	-0.031	0.658	0.055	2.55	0.786	0.308	6.315	2.545462201595895e-14
1071	249.45	250.5	-0.785	0.154	-1.185	-0.294	1.05	0.601	0.572	-131.765	1.877950092206814e-14
1071	258.75	259.8	-1.377	-0.063	-1.87	0.127	1.05	0.528	0.503	158.913	1.877950092206814e-14
1071	273.9	275.25	-2.002	-0.083	-2.665	-0.058	1.35	0.663	0.491	177.82	1.877950092206814e-14
1076	283.35	285.6	0.014	-0.169	-0.511	-0.077	2.25	0.533	0.237	170.015	3.058853030885557e-14
1076	307.8	309.6	-0.773	-0.105	-1.063	-0.171	1.8	0.297	0.165	-167.194	3.058853030885557e-14
1077	312.6	313.95	-0.255	0.137	-1.814	-0.236	1.35	1.603	1.187	-166.531	3.278985438386894e-14
1096	316.5	319.5	-0.639	-0.128	0.88	-0.0009	3	1.524	0.508	4.774	1.925616021651162e-14
1096	320.4	323.4	0.881	-0.214	2.185	-0.169	3	1.305	0.435	1.985	1.925616021651162e-14
1138	302.85	303.6	-0.225	0.046	-0.515	0.121	0.75	0.3	0.399	165.53	2.465780883687127e-14
1147	300.6	304.65	-2.245	-0.541	-0.763	-0.9340000000000001	4.05	1.533	0.379	-14.835	1.28109026989265e-14
1147	308.85	310.65	-0.163	-1.078	0.648	-0.996	1.8	0.8149999999999999	0.453	5.775	1.28109026989265e-14
1159	217.5	218.7	-0.218	0.193	0.136	-0.127	1.2	0.477	0.398	-42.132	3.373577782763241e-14
1165	283.5	286.05	-0.5600000000000001	0.037	-2.28	0.098	2.55	1.721	0.675	177.994	1.528902701226592e-14
1165	286.5	287.7	-2.291	0.066	-2.8	-0.205	1.2	0.576	0.48	-152.008	1.528902701226592e-14
1165	301.8	303.6	-3.859	-0.033	-5.052	-0.076	1.8	1.194	0.663	-177.907	1.528902701226592e-14
1170	273	275.85	-0.233	-0.053	-1.795	-0.209	2.85	1.57	0.551	-174.323	2.275794911140862e-14
1170	286.05	289.8	-1.965	0.021	-4.181	-0.089	3.75	2.219	0.592	-177.154	2.275794911140862e-14
1182	287.25	288	-0.114	0.003	0.067	-0.113	0.75	0.215	0.286	-32.504	1.76838417881195e-14
1185	260.85	262.2	-0.092	-0.023	0.384	-0.216	1.35	0.514	0.38	-22.055	2.526129089798754e-14
1187	271.95	272.85	0.007	-0.093	-1.014	-0.045	0.9	1.022	1.136	177.291	2.346272979529405e-14
1190	209.7	210.75	0.768	0.307	0.171	-0.336	1.05	0.877	0.835	-132.884	4.867370771105804e-14
1190	212.85	214.05	-0.286	0.002	-0.894	-0.416	1.2	0.738	0.615	-145.451	4.867370771105804e-14
1190	327	328.35	-4.161	0.013	-5.142	0.095	1.35	0.984	0.729	175.218	4.867370771105804e-14
1192	245.25	247.2	-0.707	-0.222	0.168	-0.017	1.95	0.899	0.461	13.173	4.042490526891757e-14
1192	273	280.05	1.683	-0.053	4.539	0.058	7.05	2.858	0.405	2.225	4.042490526891757e-14
1201	280.5	281.85	-0.242	-0.261	0.638	-0.151	1.35	0.887	0.657	7.162	2.331939522578318e-14
1201	285.6	286.65	0.9419999999999999	0.183	1.439	0.198	1.05	0.497	0.474	1.687	2.331939522578318e-14
1226	224.1	224.85	-0.163	-0.183	-0.395	-0.457	0.75	0.359	0.479	-130.213	2.506530259587183e-14
1228	241.8	246	-1.152	-0.033	-3.132	0.195	4.2	1.993	0.475	173.434	5.074464862381e-14
1228	247.5	249.45	-3.305	0.198	-4.252	0.319	1.95	0.955	0.49	172.709	5.074464862381e-14
1235	287.25	295.35	0.346	-0.103	3.824	-0.04	8.1	3.479	0.429	1.042	3.842929909274468e-14
1252	271.8	273	-0.718	-0.296	-1.586	-0.058	1.2	0.9	0.75	164.669	4.942732668503212e-14
1270	223.95	225.45	-0.252	-0.159	0.02	-0.076	1.5	0.284	0.19	16.965	9.652568398437491e-15
1282	224.7	225.9	-0.267	0.015	0.334	-0.375	1.2	0.716	0.597	-32.969	1.463078153429825e-14
1284	277.65	278.55	0.534	-0.226	0.8120000000000001	-0.127	0.9	0.295	0.328	19.63	2.089161322422078e-14
1284	286.35	289.2	1.001	0.269	2.425	0.424	2.85	1.432	0.503	6.191	2.089161322422078e-14
1302	205.35	206.1	-0.123	-0.468	-0.4	-0.275	0.75	0.338	0.45	145.13	5.163174609607375e-14
1313	235.05	235.95	-0.068	-0.383	-0.471	-0.534	0.9	0.43	0.478	-159.524	6.953731616300207e-14
1314	247.8	249.3	-0.595	-0.169	-1.624	-0.187	1.5	1.029	0.6860000000000001	-178.98	4.937404280751786e-14
1323	272.4	273.3	-0.366	0.215	-0.089	-0.237	0.9	0.531	0.59	-58.527	3.707153360735535e-14
1323	287.1	288.15	0.874	0.236	1.196	0.025	1.05	0.385	0.367	-33.204	3.707153360735535e-14
1330	361.5	362.4	-1.633	-0.13	-2.686	-0.466	0.9	1.105	1.228	-162.303	5.086197102017625e-14
1339	222.15	223.5	0.105	-0.629	0.756	0.272	1.35	1.111	0.823	54.139	1.085838599376731e-13
1340	278.1	279.15	0.041	-0.14	-0.536	-0.149	1.05	0.577	0.55	-179.092	3.810059242557915e-14
1364	261.9	262.95	-0.222	-0.016	0.131	-0.158	1.05	0.38	0.362	-21.817	6.313795732525354e-14
1394	255.75	260.25	-0.672	-0.056	1.04	0.01	4.5	1.713	0.381	2.2	2.309968492102338e-14
1459	276.9	278.55	-0.414	0.328	-1.387	-0.843	1.65	1.522	0.923	-129.727	1.095574284072746e-13
1474	245.7	246.45	-1.066	-0.274	-1.681	-0.27	0.75	0.615	0.82	179.615	5.102376419976472e-14
1477	236.7	237.45	-0.013	-0.091	-0.19	0.057	0.75	0.231	0.308	140.103	6.048948699599877e-14
1500	269.25	270.45	-0.036	-0.295	-0.598	-0.235	1.2	0.5649999999999999	0.471	173.904	1.191758852621832e-14
1500	291.45	292.2	-1.132	0.253	-1.337	0.256	0.75	0.205	0.273	179.2	1.191758852621832e-14
1504	270.3	271.05	-0.079	0.056	0.205	0.042	0.75	0.284	0.379	-2.91	5.59672065972222e-14
1504	272.25	273	0.197	-0.106	0.61	0.01	0.75	0.429	0.572	15.75	5.59672065972222e-14
1530	240.6	241.35	0.044	-0.169	0.236	-0.205	0.75	0.195	0.26	-10.505	1.28269815858013e-14
1555	298.5	299.25	-0.498	-0.154	-1.052	0.16	0.75	0.637	0.849	150.446	4.024192231271953e-14
1581	262.35	264	0.192	-0.089	-1.018	-0.291	1.65	1.227	0.743	-170.526	1.445807388561984e-13
1623	232.2	234.75	-1.389	-0.061	-0.63	0.016	2.55	0.763	0.299	5.735	9.222000242695115e-14
1623	277.5	279	0.403	-0.5600000000000001	0.855	0.082	1.5	0.785	0.523	54.83	9.222000242695115e-14
1627	281.4	282.6	-1.612	0.142	-2.323	-0.999	1.2	1.345	1.121	-121.921	1.444039169600002e-14
1632	299.1	299.85	0.081	-0.57	-0.39	-0.6879999999999999	0.75	0.486	0.647	-165.918	1.735848303964289e-14
1644	272.55	273.3	0.607	0.355	-0.318	0.16	0.75	0.945	1.26	-168.125	3.698029786960516e-14
1680	312.3	313.35	0.608	0.046	-0.101	0.347	1.05	0.77	0.733	157.024	5.020645126236642e-14
1734	324.15	325.5	2.91	0.302	1.619	0.019	1.35	1.322	0.979	-167.622	3.732845011541949e-14
1734	325.8	327.45	1.262	0.171	-0.036	-0.002	1.65	1.31	0.794	-172.382	3.732845011541949e-14
36	277.5	283.95	-0.272	0.27	-0.8139999999999999	0.116	6.45	0.5639999999999999	0.08699999999999999	-164.075	2.928003009227629e-14
73	255	256.5	-0.049	0.145	-0.489	-0.107	1.5	0.507	0.338	-150.266	4.581873224951544e-14
73	258.9	259.95	-0.627	-0.387	-1.281	-0.261	1.05	0.666	0.634	169.061	4.581873224951544e-14
79	248.55	249.6	-0.159	-0.13	0.274	0.478	1.05	0.746	0.711	54.542	5.447691988895085e-14
79	250.5	251.55	0.423	0.434	0.735	0.188	1.05	0.397	0.378	-38.264	5.447691988895085e-14
104	253.95	255	-1.162	0.466	-1.516	0.531	1.05	0.36	0.343	169.576	3.07220191896781e-14
104	285.6	286.95	-2.887	0.62	-3.261	0.5580000000000001	1.35	0.379	0.281	-170.47	3.07220191896781e-14
113	282.3	283.65	-0.058	0.0004	0.723	-0.341	1.35	0.852	0.631	-23.602	3.738108157574204e-14
113	287.1	288.15	0.803	-0.26	1.4	0.1	1.05	0.697	0.664	31.121	3.738108157574204e-14
115	230.1	230.85	-0.218	-0.334	-0.487	-0.132	0.75	0.336	0.448	143.151	1.037765962574871e-14
126	263.1	263.85	-1.162	-0.06	-1.455	-0.003	0.75	0.298	0.398	168.998	1.730240289987831e-14
126	269.7	271.5	-2.241	-0.01	-3.553	0.12	1.8	1.318	0.732	174.326	1.730240289987831e-14
130	209.1	210.6	-0.089	-0.029	-0.387	-0.093	1.5	0.305	0.203	-167.902	1.681147485619835e-14
259	251.4	252.9	0.06900000000000001	0.184	-0.62	-0.054	1.5	0.729	0.486	-160.974	3.031414059079174e-14
259	260.1	262.35	-0.9389999999999999	0.054	-2.262	-0.314	2.25	1.373	0.61	-164.434	3.031414059079174e-14
259	265.2	266.85	-2.358	-0.553	-3.278	0.053	1.65	1.101	0.667	146.656	3.031414059079174e-14
259	279.6	280.8	-4.131	-0.761	-5.099	-0.092	1.2	1.177	0.981	145.352	3.031414059079174e-14
291	246.75	247.8	0.047	-0.213	-0.742	-0.075	1.05	0.801	0.763	170.06	1.761765659675012e-14
291	256.05	257.7	-1.651	-0.025	-2.659	-0.168	1.65	1.018	0.617	-171.922	1.761765659675012e-14
291	269.4	270.6	-4.601	-0.44	-5.505	-0.48	1.2	0.905	0.754	-177.427	1.761765659675012e-14
291	274.95	278.85	-6.118	-0.5679999999999999	-8.218999999999999	-0.612	3.9	2.101	0.539	-178.798	1.761765659675012e-14
318	382.35	383.4	-0.388	-0.0007	-0.209	-0.043	1.05	0.184	0.175	-13.239	8.783171425005155e-15
318	384.6	385.5	-0.176	-0.151	-0.03	0.098	0.9	0.288	0.32	59.525	8.783171425005155e-15
318	387.45	388.35	0.25	0.029	0.458	0.041	0.9	0.208	0.231	3.274	8.783171425005155e-15
318	390.15	392.25	0.514	-0.056	1.404	-0.138	2.1	0.894	0.426	-5.241	8.783171425005155e-15
318	393.15	395.85	1.554	-0.109	2.568	-0.168	2.7	1.016	0.376	-3.325	8.783171425005155e-15
318	396	396.75	2.634	-0.077	2.856	-0.28	0.75	0.301	0.402	-42.56	8.783171425005155e-15
405	276.3	277.35	-0.101	-0.165	0.201	-0.299	1.05	0.33	0.315	-23.94	2.032425874326047e-14
410	332.4	340.8	-1.346	-0.051	1.171	0.07099999999999999	8.4	2.52	0.3	2.779	3.258757848139391e-14
411	270	271.05	-0.03	-0.242	-0.449	-0.204	1.05	0.421	0.401	174.811	5.598515719670132e-14
425	213	213.75	-0.09	-0.274	-0.349	0.025	0.75	0.396	0.528	130.879	8.753653100464679e-15
433	351.9	360.75	-2.586	-0.143	0.272	-0.256	8.85	2.86	0.323	-2.247	3.351668990616257e-14
433	366.9	369.3	0.832	-0.349	1.886	-0.5679999999999999	2.4	1.076	0.448	-11.709	3.351668990616257e-14
433	371.85	373.5	2.446	-0.432	3.235	-0.464	1.65	0.79	0.479	-2.289	3.351668990616257e-14
433	382.8	387.9	4.376	-0.529	6.444	-0.782	5.1	2.083	0.409	-6.971	3.351668990616257e-14
433	391.65	393.75	7.088	-0.8080000000000001	7.936	-0.636	2.1	0.865	0.412	11.459	3.351668990616257e-14
469	230.85	232.05	-0.218	0.068	-0.588	-0.064	1.2	0.393	0.327	-160.366	1.910585296608266e-14
469	239.1	240.75	-0.663	-0.025	-1.869	0.115	1.65	1.214	0.736	173.367	1.910585296608266e-14
474	275.55	277.05	-0.778	-0.165	-1.527	0.065	1.5	0.784	0.522	162.926	1.274680276718141e-14
474	279.45	280.5	-1.682	-0.06	-2.185	0.022	1.05	0.51	0.485	170.755	1.274680276718141e-14
474	280.95	281.85	-2.362	0.365	-2.913	-0.08400000000000001	0.9	0.71	0.789	-140.854	1.274680276718141e-14
474	283.2	284.1	-3.031	-0.075	-3.341	0.067	0.9	0.341	0.379	155.29	1.274680276718141e-14
481	391.95	393.15	-2.38	-0.181	-1.421	-0.539	1.2	1.024	0.853	-20.473	2.244953908369135e-14
481	394.35	396.75	-1.168	-0.249	0.048	0.038	2.4	1.249	0.521	13.288	2.244953908369135e-14
481	397.95	399.45	0.508	-0.163	1.051	0.298	1.5	0.712	0.475	40.318	2.244953908369135e-14
522	239.25	240.75	-0.668	-0.093	-1.283	-0.108	1.5	0.615	0.41	-178.586	1.141974764264725e-14
522	240.9	242.4	-1.35	-0.068	-2.361	-0.061	1.5	1.011	0.674	179.6	1.141974764264725e-14
567	255.9	258.15	-1.983	-0.191	-2.823	-0.217	2.25	0.84	0.374	-178.251	1.026449386089129e-14
587	245.85	247.95	-0.45	-0.15	-1.32	-0.07099999999999999	2.1	0.874	0.416	174.762	1.305491876855081e-14
588	246.6	247.35	0.31	0.142	0.608	-0.711	0.75	0.904	1.206	-70.75700000000001	6.489763595041327e-14
595	325.65	327.3	-0.331	-0.352	0.258	0.08599999999999999	1.65	0.734	0.445	36.61	5.419378598830915e-14
606	246.45	248.1	-0.357	-0.141	-0.917	0.213	1.65	0.662	0.401	147.728	1.980838094788888e-14
616	296.1	297	-2.388	-1.465	-5.343	-2.095	0.9	3.021	3.357	-167.977	2.064314224055217e-14
626	254.1	255	-0.618	-0.394	-1.041	-0.368	0.9	0.424	0.471	176.57	1.797828696109693e-14
626	270.15	270.9	-1.938	-0.16	-2.186	-0.08400000000000001	0.75	0.259	0.346	162.982	1.797828696109693e-14
626	280.8	282	-2.278	-0.099	-3.145	-0.143	1.2	0.868	0.723	-177.099	1.797828696109693e-14
635	291.3	292.5	-0.008	-0.311	-0.451	-0.46	1.2	0.467	0.389	-161.417	4.99964715757847e-14
649	261.9	264.45	1.345	-0.204	2.201	-0.152	2.55	0.858	0.336	3.493	1.338218392434693e-14
655	302.25	303.45	0.132	-0.047	0.876	0.11	1.2	0.76	0.634	11.913	2.153483510615423e-14
658	272.25	273	-0.224	-0.08799999999999999	0.092	-0.108	0.75	0.317	0.422	-3.658	2.178643050056612e-14
658	274.5	276	0.444	-0.234	1.365	-0.353	1.5	0.929	0.619	-7.412	2.178643050056612e-14
664	212.85	213.6	-0.643	-0.104	-0.779	-0.079	0.75	0.138	0.184	169.438	4.578886120696919e-15
700	288.45	289.65	-0.916	-0.324	-1.369	-0.312	1.2	0.453	0.378	178.551	2.723234590913855e-14
703	302.1	308.85	-0.083	0.181	-0.595	0.017	6.75	0.537	0.08	-162.291	2.680581507228794e-14
708	231.3	233.4	-0.525	-0.216	-1.157	-0.383	2.1	0.654	0.311	-165.241	4.607948231811514e-15
717	267.9	268.65	0.014	-0.095	-1.125	-0.32	0.75	1.161	1.548	-168.82	5.149378323236403e-14
717	270.15	270.9	-1.671	-0.127	-2.624	0.322	0.75	1.053	1.405	154.774	5.149378323236403e-14
717	273.6	275.4	-2.81	0.034	-3.395	0.198	1.8	0.607	0.337	164.408	5.149378323236403e-14
722	342.6	343.8	0.019	-0.005	0.592	0.08	1.2	0.579	0.483	8.381	3.494866916965112e-14
724	300.15	310.05	-1.139	-0.195	-5.251	-0.043	9.9	4.115	0.416	177.874	1.075966550237811e-14
728	341.25	343.65	-0.141	-0.227	0.787	-0.156	2.4	0.931	0.388	4.365	1.455568545292519e-13
728	375.3	376.2	4.638	-0.735	4.993	-0.697	0.9	0.357	0.397	6.053	1.455568545292519e-13
738	285	285.75	-0.212	0.116	-0.01	-0.512	0.75	0.66	0.88	-72.179	1.122581082418316e-13
745	237.6	238.5	-0.651	-0.078	-1.159	-0.083	0.9	0.508	0.5639999999999999	-179.477	1.26488242536165e-14
745	238.8	239.7	-0.959	-0.066	-1.586	-0.266	0.9	0.658	0.732	-162.23	1.26488242536165e-14
746	207.45	208.95	-0.232	-0.216	0.385	-0.184	1.5	0.618	0.412	2.942	2.27585867381149e-14
769	228.9	231.15	-1.23	-0.057	-2.179	-0.312	2.25	0.983	0.437	-164.992	2.586815695419389e-14
776	292.65	294.75	-2.211	-0.021	-3.783	0.232	2.1	1.592	0.758	170.849	5.621124820922823e-14
776	302.1	303.15	-6.206	0.032	-6.895	0.063	1.05	0.6899999999999999	0.657	177.411	5.621124820922823e-14
776	306.45	307.8	-7.043	0.155	-8.172000000000001	0.495	1.35	1.179	0.873	163.241	5.621124820922823e-14
789	274.05	276.15	-1.011	-0.015	-1.945	-0.181	2.1	0.949	0.452	-169.879	2.14918379139749e-14
791	358.65	360.75	0.953	0.196	2.014	0.108	2.1	1.065	0.507	-4.709	1.182432748244175e-14
791	363.3	364.5	2.344	0.099	2.792	0.138	1.2	0.45	0.375	5.011	1.182432748244175e-14
798	280.05	281.4	-0.958	-0.287	-2.049	-0.323	1.35	1.092	0.8090000000000001	-178.108	1.996884140555131e-14
798	283.35	284.25	-2.528	0.172	-2.741	0.405	0.9	0.315	0.35	132.496	1.996884140555131e-14
805	235.2	236.25	-0.408	-0.19	-0.799	-0.08500000000000001	1.05	0.405	0.386	165.007	8.425657219324487e-15
807	344.4	346.5	-0.447	0.552	0.098	0.639	2.1	0.552	0.263	9.064	1.280852149835825e-14
822	218.4	219.3	-0.177	-0.2	-0.015	-0.42	0.9	0.273	0.304	-53.643	1.714862586734692e-14
825	218.1	219.15	-0.232	0.014	0.016	-0.291	1.05	0.393	0.374	-50.857	1.708359239662941e-14
829	297.6	298.35	-0.024	0.182	0.118	-0.116	0.75	0.33	0.44	-64.506	2.954670566219075e-14
832	298.35	300	-0.25	-0.123	-0.9379999999999999	-0.145	1.65	0.6879999999999999	0.417	-178.17	1.268157446934463e-14
832	324.9	325.8	-2.284	-1.254	-2.629	-1.194	0.9	0.35	0.389	170.171	1.268157446934463e-14
832	326.7	327.45	-3.375	-1.067	-4.463	-0.677	0.75	1.156	1.541	160.293	1.268157446934463e-14
832	332.85	334.05	-4.625	0.203	-3.441	-0.017	1.2	1.204	1.004	-10.539	1.268157446934463e-14
840	293.1	295.05	0.099	-0.181	-0.6929999999999999	-0.101	1.95	0.796	0.408	174.221	1.391507722910044e-14
840	295.5	297	-0.6899999999999999	-0.112	-1.866	-0.035	1.5	1.179	0.786	176.253	1.391507722910044e-14
840	323.1	323.85	-2.683	0.06	-3.45	-0.171	0.75	0.801	1.068	-163.269	1.391507722910044e-14
848	286.8	287.55	-0.109	0.016	-0.7	0.125	0.75	0.601	0.801	169.526	1.583347896726363e-14
857	247.8	249.3	-0.208	-0.175	-0.043	-0.051	1.5	0.207	0.138	36.986	8.541627125496044e-15
857	251.55	252.75	-0.09	-0.06900000000000001	0.01	-0.207	1.2	0.17	0.142	-54.079	8.541627125496044e-15
857	253.35	254.4	0.005	0.038	0.091	0.01	1.05	0.09	0.08599999999999999	-17.633	8.541627125496044e-15
857	254.55	255.3	0.093	-0.091	0.202	-0.137	0.75	0.119	0.158	-23.156	8.541627125496044e-15
859	252.15	253.05	-0.38	-0.15	-0.761	-0.076	0.9	0.388	0.431	168.932	1.348322336447183e-14
859	257.25	259.2	-1.357	-0.146	-2.021	-0.351	1.95	0.695	0.356	-162.816	1.348322336447183e-14
863	225	226.2	-0.181	-0.092	0.208	0.014	1.2	0.403	0.336	15.257	1.554504009343904e-14
868	277.5	282.45	-0.8129999999999999	0.352	0.325	0.015	4.95	1.187	0.24	-16.47	9.028345380385488e-14
868	288.45	293.25	1.155	-0.115	2.374	0.083	4.8	1.235	0.257	9.252000000000001	9.028345380385488e-14
868	299.25	302.25	2.965	0.04	4.054	-0.026	3	1.091	0.364	-3.442	9.028345380385488e-14
868	307.65	310.8	4.413	0.181	5.029	-0.247	3.15	0.75	0.238	-34.77	9.028345380385488e-14
872	283.05	283.8	0.055	-0.236	0.269	-0.106	0.75	0.25	0.334	31.225	3.203014386770854e-14
878	318.75	324.6	-2.02	-0.384	0.929	0.243	5.85	3.015	0.515	12.004	5.029509097855616e-14
878	326.7	328.35	1.617	0.186	2.67	0.118	1.65	1.055	0.64	-3.719	5.029509097855616e-14
889	305.55	307.05	-0.118	-0.129	0.621	0.01	1.5	0.752	0.501	10.667	9.15766047201037e-15
896	253.2	254.55	-0.852	0.376	-1.811	-0.116	1.35	1.078	0.798	-152.833	2.820848382041678e-14
896	263.55	265.35	-2.062	-0.211	-3.44	-0.192	1.8	1.378	0.766	179.227	2.820848382041678e-14
905	294.9	296.25	0.149	-0.425	0.928	-0.264	1.35	0.796	0.589	11.723	5.862057710316631e-14
905	306.3	307.8	3.488	-0.079	4.482	0.058	1.5	1.003	0.669	7.841	5.862057710316631e-14
920	296.7	298.5	-0.341	-0.214	0.597	-0.052	1.8	0.952	0.529	9.814	2.435668686549469e-14
920	304.2	306.6	1.488	-0.08799999999999999	1.936	0.135	2.4	0.5	0.208	26.426	2.435668686549469e-14
923	303.3	304.35	-0.324	0.008	-1.054	-0.157	1.05	0.748	0.713	-167.315	4.995331249702734e-14
923	308.25	309.15	-2.446	-0.247	-3.247	0.351	0.9	1	1.111	143.237	4.995331249702734e-14
923	312	313.35	-3.699	-0.418	-4.88	-0.094	1.35	1.225	0.907	164.662	4.995331249702734e-14
923	329.85	331.5	-5.771	-0.183	-6.74	-0.5629999999999999	1.65	1.041	0.631	-158.554	4.995331249702734e-14
923	334.65	335.4	-6.647	-0.752	-7.759	-0.727	0.75	1.112	1.483	178.701	4.995331249702734e-14
926	274.5	275.7	0.574	-0.28	-0.055	-0.306	1.2	0.63	0.525	-177.663	5.296723918400003e-14
926	287.7	288.75	-0.413	-0.004	-0.872	-0.49	1.05	0.668	0.636	-133.378	5.296723918400003e-14
926	314.4	315.75	-2.126	-0.528	-1.757	-0.309	1.35	0.429	0.318	30.669	5.296723918400003e-14
930	312.6	313.8	-0.53	0.124	-1.079	-0.096	1.2	0.592	0.493	-158.121	5.069852247283135e-14
930	332.1	333.6	-0.956	0.08400000000000001	-1.884	-0.317	1.5	1.011	0.674	-156.626	5.069852247283135e-14
935	238.2	239.4	0.005	0.058	-0.904	-0.034	1.2	0.914	0.761	-174.22	5.058805087408954e-14
935	258.3	265.8	-0.8129999999999999	0.021	-9.518000000000001	0.196	7.5	8.707000000000001	1.161	178.848	5.058805087408954e-14
935	321.75	322.8	-10.131	-0.036	-12.736	-0.093	1.05	2.606	2.482	-178.75	5.058805087408954e-14
958	223.65	224.4	-0.201	0.019	-0.015	-0.047	0.75	0.198	0.263	-19.712	7.478346675860064e-15
958	273	274.65	0.345	0.059	1.001	-0.209	1.65	0.709	0.43	-22.248	7.478346675860064e-15
958	283.35	285	1.011	-0.138	1.588	-0.015	1.65	0.59	0.358	12.008	7.478346675860064e-15
958	292.8	293.55	2.187	-0.208	2.393	-0.231	0.75	0.207	0.276	-6.379	7.478346675860064e-15
958	300.45	302.85	3.147	-0.417	4.017	-0.093	2.4	0.928	0.387	20.441	7.478346675860064e-15
974	283.2	285.75	0.737	-0.253	2.148	-0.092	2.55	1.42	0.5570000000000001	6.504	5.640644598280322e-14
978	295.5	296.7	-0.219	0.005	-0.634	-0.121	1.2	0.434	0.362	-163.06	5.33756855683196e-14
982	270.45	271.95	-1.143	-0.194	-0.547	-0.178	1.5	0.596	0.397	1.46	2.387574729360002e-14
982	295.2	296.25	0.148	-0.151	0.884	-0.165	1.05	0.736	0.701	-1.054	2.387574729360002e-14
982	298.95	301.05	1.623	-0.419	2.809	-0.272	2.1	1.195	0.569	7.04	2.387574729360002e-14
982	305.25	307.65	4.162	-0.232	4.991	-0.178	2.4	0.831	0.346	3.714	2.387574729360002e-14
982	309.75	310.8	5.757	-0.271	6.42	-0.192	1.05	0.668	0.636	6.765	2.387574729360002e-14
983	288.15	289.2	-1.027	-0.184	-0.761	-0.182	1.05	0.266	0.253	0.345	2.040546087003223e-14
990	291.45	293.4	0.045	-0.397	0.418	-1.04	1.95	0.743	0.381	-59.873	1.066286853890425e-13
1024	395.4	399.3	-0.228	0.018	-0.786	-0.074	3.9	0.5659999999999999	0.145	-170.632	1.864029756467758e-14
1034	277.8	278.7	-0.106	-0.146	-0.334	-0.007	0.9	0.267	0.296	148.709	2.061809615384616e-14
1034	280.65	281.4	-0.39	-0.233	-0.951	-0.08599999999999999	0.75	0.58	0.773	165.274	2.061809615384616e-14
1034	281.7	283.5	-1.087	0.279	-1.935	0.265	1.8	0.848	0.471	-179.025	2.061809615384616e-14
1042	272.85	273.75	-0.163	-0.513	0.442	-0.08400000000000001	0.9	0.742	0.824	35.353	8.347652113092321e-14
1042	274.05	275.25	0.556	0.286	1.021	-0.405	1.2	0.833	0.694	-56.055	8.347652113092321e-14
1047	269.85	271.65	-1.163	0.357	-2.259	0.74	1.8	1.161	0.645	160.742	1.178810162984692e-13
1063	256.5	258.6	0.363	0.021	-0.704	0.026	2.1	1.067	0.508	179.728	4.537840696740126e-14
1063	262.95	264.6	-1.072	-0.216	-1.748	-0.141	1.65	0.68	0.412	173.644	4.537840696740126e-14
1063	285.9	287.1	-3.836	0.421	-4.535	0.524	1.2	0.706	0.589	171.654	4.537840696740126e-14
1063	301.5	302.85	-6.791	0.662	-7.559	-0.472	1.35	1.369	1.014	-124.116	4.537840696740126e-14
1063	320.25	322.8	-6.916	-0.313	-8.300000000000001	0.769	2.55	1.756	0.6889999999999999	141.994	4.537840696740126e-14
1084	246.15	247.8	-1.549	-0.354	-2.672	-0.458	1.65	1.128	0.6840000000000001	-174.702	7.396452002625686e-14
1094	207.75	208.5	-0.217	-0.005	0.164	0.142	0.75	0.408	0.544	21.056	4.842581844244444e-14
1097	305.4	307.95	-1.609	-0.217	-2.493	0.369	2.55	1.06	0.416	146.489	3.83603732382789e-14
1102	275.7	276.9	-0.737	-0.5600000000000001	-0.094	0.073	1.2	0.902	0.752	44.544	6.854182043039045e-14
1102	281.25	283.2	0.349	-0.005	1.189	0.193	1.95	0.863	0.443	13.257	6.854182043039045e-14
1102	283.5	284.55	1.253	-0.468	1.866	0.08400000000000001	1.05	0.825	0.786	42.005	6.854182043039045e-14
1102	303.45	305.85	1.719	0.361	2.714	-0.289	2.4	1.188	0.495	-33.142	6.854182043039045e-14
1102	306.75	308.85	3.4	-0.172	4.232	-0.501	2.1	0.895	0.426	-21.584	6.854182043039045e-14
1102	310.05	312.45	4.89	-0.297	5.808	-0.773	2.4	1.034	0.431	-27.422	6.854182043039045e-14
1102	316.95	319.5	6.416	-0.724	7.183	-0.453	2.55	0.8129999999999999	0.319	19.407	6.854182043039045e-14
1102	322.35	324.3	8.019	0.421	8.565	-0.721	1.95	1.266	0.649	-64.447	6.854182043039045e-14
1102	331.05	333	9.615	-0.36	10.287	-0.46	1.95	0.679	0.348	-8.448	6.854182043039045e-14
1102	333.15	334.5	10.563	-0.356	11.399	-0.73	1.35	0.916	0.678	-24.059	6.854182043039045e-14
1112	264.3	265.8	-0.173	-0.207	0.408	0.062	1.5	0.64	0.427	24.855	7.188745256773772e-14
1112	265.95	267.3	0.392	0.073	0.95	0.07199999999999999	1.35	0.5580000000000001	0.413	-0.099	7.188745256773772e-14
1113	327.15	329.55	0.487	-0.279	-0.538	-0.227	2.4	1.026	0.428	177.069	1.237675154161579e-13
1113	331.35	334.35	-0.985	-0.344	-2.685	0.255	3	1.802	0.601	160.59	1.237675154161579e-13
1263	312.6	313.5	-1.195	-0.245	-1.848	-0.163	0.9	0.658	0.731	172.843	6.441825796710781e-14
1293	280.8	281.85	0.034	-0.361	-0.294	-0.151	1.05	0.39	0.371	147.345	3.881764150439553e-14
1310	317.85	324.6	-0.425	-0.23	2.837	0.15	6.75	3.284	0.487	6.648	2.713692503657503e-14
1310	328.65	335.1	3.073	0.161	6.407	0.096	6.45	3.335	0.517	-1.123	2.713692503657503e-14
1393	251.1	252.3	-1.205	0.481	-2.081	-0.168	1.2	1.09	0.909	-143.457	5.055237494793833e-14
1393	258.9	261	-2.654	0.14	-4.017	0.146	2.1	1.363	0.649	179.728	5.055237494793833e-14
1394	272.55	277.05	-1.373	0.252	0.709	-0.227	4.5	2.136	0.475	-12.961	5.697101394094861e-14
1394	279.3	281.25	1.323	-0.179	2.74	0.173	1.95	1.46	0.749	13.935	5.697101394094861e-14
1394	284.4	285.75	3.105	0.137	4.15	-0.034	1.35	1.059	0.784	-9.269	5.697101394094861e-14
1394	288.3	289.5	4.726	0.037	5.812	-0.217	1.2	1.115	0.93	-13.186	5.697101394094861e-14
1394	310.65	312.6	5.788	-0.301	7.195	0.198	1.95	1.493	0.766	19.521	5.697101394094861e-14
1418	288.3	289.2	-0.064	-0.073	-0.429	0.304	0.9	0.524	0.582	134.139	1.477606662680952e-13
1421	268.35	269.4	1.565	0.015	2.286	-0.232	1.05	0.762	0.726	-18.87	1.135754573461826e-13
1421	297.6	298.95	2.448	0.049	2.795	0.079	1.35	0.348	0.258	4.915	1.135754573461826e-13
1421	303.6	306.75	3.478	-0.492	5.138	0.08799999999999999	3.15	1.758	0.5580000000000001	19.255	1.135754573461826e-13
1421	310.2	313.05	6.064	-0.244	7.49	-0.258	2.85	1.426	0.5	-0.573	1.135754573461826e-13
1435	309.9	311.4	-0.243	-0.023	0.781	0.387	1.5	1.103	0.735	21.827	4.797283791350165e-14
1436	216.9	217.8	0.074	0.195	-0.18	-0.063	0.9	0.362	0.402	-134.548	1.799399383853944e-14
1443	280.35	283.35	-1.297	-0.089	-2.999	0.099	3	1.712	0.571	173.685	9.313503146492759e-14
1443	316.2	317.25	-3.409	-0.318	-4.146	-0.129	1.05	0.761	0.725	165.593	9.313503146492759e-14
1476	331.95	335.85	0.925	-0.225	0.413	0.105	3.9	0.609	0.156	147.209	2.52357974124252e-14
1486	244.35	245.7	-0.594	0.008999999999999999	-0.273	0.027	1.35	0.321	0.238	3.182	7.894510927456374e-15
1486	246.75	249.3	0.022	-0.06900000000000001	0.898	-0.027	2.55	0.877	0.344	2.752	7.894510927456374e-15
1486	256.2	259.5	1.994	-0.159	2.963	-0.31	3.3	0.981	0.297	-8.852	7.894510927456374e-15
1486	261	263.25	3.334	-0.282	4.12	-0.254	2.25	0.787	0.35	2.077	7.894510927456374e-15
1505	289.5	297.15	0.029	-0.026	-0.759	-0.316	7.65	0.84	0.11	-159.807	4.645454917157758e-14
1506	255.3	256.65	0.314	-0.311	-0.27	0.38	1.35	0.905	0.67	130.212	1.311777942825762e-13
1506	262.65	263.4	-0.752	0.271	-1.13	-0.024	0.75	0.48	0.64	-141.995	1.311777942825762e-13
1506	263.85	264.75	-1.55	0.057	-1.901	0.326	0.9	0.443	0.492	142.484	1.311777942825762e-13
1506	278.1	278.85	-2.533	0.168	-3.142	-0.117	0.75	0.673	0.897	-154.892	1.311777942825762e-13
1506	285	285.9	-4.129	-0.19	-4.781	-0.429	0.9	0.694	0.771	-159.928	1.311777942825762e-13
1559	250.65	251.85	0.121	0.155	-0.319	-0.224	1.2	0.581	0.484	-139.231	5.934354407700313e-14
1612	286.95	288	-0.418	-0.544	0.218	0.442	1.05	1.174	1.118	57.196	1.426278825203982e-13
1612	290.85	292.05	0.241	0.292	0.801	0.205	1.2	0.5669999999999999	0.472	-8.823	1.426278825203982e-13
1612	301.05	302.1	1.34	0.446	1.836	0.322	1.05	0.511	0.487	-13.98	1.426278825203982e-13
1612	303.15	305.4	2.031	0.379	3.322	0.329	2.25	1.292	0.574	-2.229	1.426278825203982e-13
1612	308.25	311.25	3.761	0.315	5.182	0.336	3	1.421	0.474	0.832	1.426278825203982e-13
1612	313.05	314.7	5.546	0.353	6.474	0.458	1.65	0.9340000000000001	0.5659999999999999	6.469	1.426278825203982e-13
1612	316.05	318.75	6.682	0.427	7.927	0.284	2.7	1.253	0.464	-6.562	1.426278825203982e-13
1612	326.85	330	8.683999999999999	0.371	10.11	0.318	3.15	1.427	0.453	-2.13	1.426278825203982e-13
1689	250.2	250.95	-1.742	-0.127	-1.236	-0.027	0.75	0.516	0.6879999999999999	11.122	1.773107556069776e-14
1689	277.05	278.25	-0.263	0.082	0.525	-0.083	1.2	0.805	0.671	-11.85	1.773107556069776e-14
1689	281.1	283.2	1.077	-0.17	2.165	0.153	2.1	1.135	0.54	16.528	1.773107556069776e-14
1689	285.45	288.3	0.786	0.013	1.941	0.116	2.85	1.16	0.407	5.079	1.773107556069776e-14
1689	289.95	292.05	2.385	0.177	3.228	0.248	2.1	0.846	0.403	4.806	1.773107556069776e-14
1710	300.3	302.85	-0.312	0.022	0.769	-0.021	2.55	1.082	0.424	-2.299	5.740181120421042e-14
1739	301.05	302.1	-0.274	-0.136	0.043	-0.186	1.05	0.321	0.306	-8.885999999999999	5.689691064296341e-14
1757	313.05	320.4	0.91	-0.1	-2.871	0.151	7.35	3.789	0.516	176.204	1.78504492715921e-14
1757	327	335.85	-2.845	0.261	-8.404999999999999	0.634	8.85	5.572	0.63	176.166	1.78504492715921e-14
1839	380.25	381.45	-0.294	1.718	-2.259	-0.8090000000000001	1.2	3.2	2.667	-127.877	5.210706103199048e-14
1839	388.65	389.85	-2.907	-5.049	-3.731	-4.953	1.2	0.83	0.6909999999999999	173.379	5.210706103199048e-14
2	302.85	312.6	-1.096	-0.508	-0.494	-0.707	9.75	0.634	0.065	-18.308	1.182715766416408e-15
27	278.55	282.45	-1.085	-0.342	-1.549	-0.302	3.9	0.466	0.119	175.12	5.315280761153908e-14
34	304.5	308.1	-1.414	-0.128	0.047	-0.132	3.6	1.461	0.406	-0.171	1.019215873580247e-14
40	363.15	364.05	0.242	-0.198	0.434	-0.199	0.9	0.192	0.213	-0.269	1.214095479642446e-14
40	374.7	375.6	0.896	-0.019	1.338	-0.017	0.9	0.442	0.491	0.249	1.214095479642446e-14
40	376.2	377.55	1.674	-0.003	2.304	-0.215	1.35	0.665	0.492	-18.585	1.214095479642446e-14
40	382.35	383.1	2.269	-0.279	2.7	-0.132	0.75	0.455	0.607	18.874	1.214095479642446e-14
40	385.65	390.9	3.304	-0.412	6.21	-0.167	5.25	2.916	0.555	4.815	1.214095479642446e-14
117	292.05	293.1	-0.311	0.303	-0.492	-0.075	1.05	0.419	0.399	-115.575	1.135930775596885e-14
117	301.65	302.55	-0.705	0.037	-0.803	-0.008	0.9	0.108	0.12	-155.338	1.135930775596885e-14
120	363.45	364.5	0.073	0.043	0.724	-0.075	1.05	0.662	0.63	-10.34	2.616103270106996e-14
125	236.4	237.45	-1.756	0.281	-2.122	-0.259	1.05	0.652	0.621	-124.138	1.983640158309934e-14
139	259.05	260.85	-0.254	-0.038	0.5590000000000001	-0.12	1.8	0.8169999999999999	0.454	-5.798	2.80243991867444e-14
154	294	295.2	-0.485	-0.135	-1.061	-0.236	1.2	0.585	0.487	-170.049	1.288206748541857e-14
160	261.6	262.5	-0.928	-0.216	-1.189	-0.419	0.9	0.33	0.367	-142.171	9.121599140066689e-15
190	252.6	253.65	-0.022	0.132	-0.894	-0.291	1.05	0.969	0.923	-154.123	2.722115335150251e-14
190	283.95	285.15	-2.294	0.634	-3.584	0.615	1.2	1.29	1.075	-179.142	2.722115335150251e-14
212	258.6	260.1	-0.405	0.122	-1.6	-0.279	1.5	1.26	0.84	-161.46	4.367740532954072e-14
257	315	315.9	-1.327	-0.08599999999999999	-2.055	0.11	0.9	0.754	0.838	164.878	2.386548313643874e-14
257	318	318.75	-2.305	0.244	-2.846	0.376	0.75	0.5570000000000001	0.743	166.282	2.386548313643874e-14
259	245.55	246.45	-0.395	-0.133	-0.548	0.016	0.9	0.214	0.237	135.722	2.644160990513978e-14
262	344.1	345.6	-0.6879999999999999	-0.621	-0.191	-0.383	1.5	0.551	0.367	25.585	4.678396414122905e-14
276	249.15	250.2	-0.739	-0.282	-0.371	-0.438	1.05	0.4	0.381	-23.039	1.675984814545489e-14
276	256.05	258.15	-0.351	-0.398	0.645	-0.467	2.1	0.998	0.475	-3.936	1.675984814545489e-14
304	263.4	264.15	0.02	0.104	0.207	0.042	0.75	0.197	0.263	-18.375	2.24109086788598e-14
304	274.35	276.3	1.011	0.206	1.755	0.059	1.95	0.758	0.389	-11.137	2.24109086788598e-14
304	279.3	280.8	2.347	0.061	3.142	-0.06	1.5	0.804	0.536	-8.718	2.24109086788598e-14
304	284.1	285	3.737	0.132	4.243	0.158	0.9	0.507	0.5629999999999999	2.912	2.24109086788598e-14
304	313.05	314.7	3.903	0.057	4.809	0.013	1.65	0.907	0.55	-2.757	2.24109086788598e-14
306	251.25	252.15	-0.164	-0.189	0.311	-0.288	0.9	0.485	0.539	-11.796	2.130564124082136e-14
314	274.5	275.25	-1.19	0.091	-1.772	-0.124	0.75	0.62	0.827	-159.711	1.221342313058522e-14
365	222.15	223.35	-0.107	-0.484	-0.8080000000000001	0.191	1.2	0.973	0.8110000000000001	136.097	3.630989104616147e-14
368	284.85	285.9	-0.064	-0.098	0.061	-0.209	1.05	0.167	0.159	-41.479	2.651839170968128e-14
405	286.05	286.8	-0.111	0.023	0.305	0.133	0.75	0.43	0.574	14.806	4.977190531988528e-14
405	305.55	307.65	1.875	-0.294	3.221	0.229	2.1	1.444	0.6879999999999999	21.215	4.977190531988528e-14
405	307.8	308.7	3.28	-0.183	3.857	-0.286	0.9	0.586	0.651	-10.147	4.977190531988528e-14
411	273.3	274.05	-0.128	0.107	-0.903	-1.433	0.75	1.724	2.298	-116.717	8.392990435409199e-15
447	271.2	272.25	-0.416	-0.034	-0.062	0.079	1.05	0.372	0.354	17.801	1.41354602227207e-14
447	273.15	276.9	0.034	0.058	1.606	-0.101	3.75	1.58	0.421	-5.761	1.41354602227207e-14
447	277.2	280.35	1.618	-0.057	3.155	-0.003	3.15	1.538	0.488	2.022	1.41354602227207e-14
447	281.85	282.9	3.421	0.07199999999999999	3.981	0.013	1.05	0.5629999999999999	0.536	-6.051	1.41354602227207e-14
447	285.6	287.7	4.387	-0.012	5.418	0.117	2.1	1.039	0.495	7.111	1.41354602227207e-14
447	289.8	293.7	6.218	-0.09	8.074	-0.207	3.9	1.86	0.477	-3.606	1.41354602227207e-14
471	242.7	243.75	-0.189	-0.026	-0.062	-0.149	1.05	0.176	0.168	-43.865	9.94174002060491e-15
471	257.1	258.3	0.151	0.09	0.299	-0.154	1.2	0.285	0.238	-58.76	9.94174002060491e-15
471	274.5	275.4	0.419	-0.06900000000000001	0.589	-0.024	0.9	0.176	0.195	14.838	9.94174002060491e-15
471	290.7	291.6	1.477	-0.249	1.621	-0.197	0.9	0.153	0.17	19.944	9.94174002060491e-15
495	341.1	342.3	-0.944	-0.397	-0.347	-0.276	1.2	0.609	0.508	11.526	1.816107044438564e-14
495	351.15	352.05	1.553	0.958	2.075	0.985	0.9	0.523	0.581	2.923	1.816107044438564e-14
495	353.25	354.3	2.537	1.126	2.965	1.078	1.05	0.431	0.41	-6.434	1.816107044438564e-14
495	355.95	357	2.944	1.356	2.331	1.244	1.05	0.623	0.593	-169.698	1.816107044438564e-14
500	256.05	257.85	-0.806	-0.544	-1.231	-0.524	1.8	0.425	0.236	177.358	1.16930072399195e-14
500	274.05	274.95	-1.262	-0.584	-1.558	-0.589	0.9	0.296	0.329	-178.976	1.16930072399195e-14
500	275.55	276.45	-1.699	-0.303	-1.972	-0.603	0.9	0.405	0.45	-132.352	1.16930072399195e-14
500	278.55	279.6	-2.172	-0.505	-2.844	-0.433	1.05	0.676	0.644	173.882	1.16930072399195e-14
523	238.35	239.55	0.411	0.268	-0.248	-0.025	1.2	0.721	0.601	-156.039	1.252176661151431e-14
544	253.95	254.85	-0.155	-0.068	0.074	-0.021	0.9	0.234	0.26	11.549	3.032414318548583e-14
548	181.35	182.7	0.194	-0.108	-0.455	-0.171	1.35	0.652	0.483	-174.434	2.957518576515702e-14
576	226.95	227.85	-0.16	-0.223	0.032	-0.078	0.9	0.241	0.267	37.068	1.235095729455216e-14
576	245.55	246.3	0.045	-0.06900000000000001	0.2	-0.074	0.75	0.155	0.207	-1.725	1.235095729455216e-14
580	280.5	282	0.145	-0.06	0.623	0.032	1.5	0.487	0.325	10.944	1.582344956145313e-14
580	283.05	283.95	0.721	0.083	1.103	0.125	0.9	0.384	0.427	6.296	1.582344956145313e-14
580	284.85	285.75	1.361	0.036	1.894	0.279	0.9	0.586	0.651	24.558	1.582344956145313e-14
580	289.35	290.25	2.703	0.485	3.233	0.266	0.9	0.573	0.637	-22.444	1.582344956145313e-14
580	295.2	296.7	4.193	0.536	4.871	1.046	1.5	0.848	0.5659999999999999	36.959	1.582344956145313e-14
580	304.5	305.85	5.767	0.27	6.558	0.928	1.35	1.029	0.762	39.773	1.582344956145313e-14
580	307.2	309.3	6.967	1.035	8.016999999999999	1.039	2.1	1.05	0.5	0.202	1.582344956145313e-14
605	246.15	247.8	-0.956	-0.281	-1.776	-0.221	1.65	0.822	0.498	175.848	1.041995474899779e-14
605	263.1	264.15	-1.832	-0.236	-2.716	-0.331	1.05	0.889	0.847	-173.842	1.041995474899779e-14
605	267.6	268.35	-3.084	-0.421	-3.41	-0.511	0.75	0.338	0.451	-164.624	1.041995474899779e-14
605	268.65	269.85	-3.738	-0.279	-4.589	-0.5	1.2	0.879	0.733	-165.445	1.041995474899779e-14
609	260.1	261.15	-0.192	-0.169	0.411	-0.045	1.05	0.616	0.586	11.607	1.585747938440521e-14
614	251.1	251.85	-0.945	-0.36	-1.05	-0.296	0.75	0.123	0.164	148.407	5.202934974163313e-14
638	280.35	281.25	-0.615	-0.353	-0.839	-0.408	0.9	0.231	0.256	-166.268	1.218259521185399e-14
638	282.15	284.4	-0.854	-0.346	-2.009	-1.305	2.25	1.501	0.667	-140.3	1.218259521185399e-14
643	296.25	297	0.07099999999999999	-0.047	-0.409	-0.543	0.75	0.6909999999999999	0.921	-134.026	2.121544391230106e-14
659	318.75	319.95	-1.029	-0.369	-2.183	0.147	1.2	1.264	1.053	155.901	5.506623403700285e-14
659	322.65	324.6	-3.226	0.529	-4.255	0.509	1.95	1.029	0.528	-178.853	5.506623403700285e-14
659	326.4	328.5	-4.724	0.465	-5.847	0.828	2.1	1.18	0.5620000000000001	162.09	5.506623403700285e-14
662	241.2	242.1	-0.137	0.198	-0.637	0.032	0.9	0.527	0.585	-161.67	2.391362608640322e-14
683	265.65	266.85	-0.9409999999999999	-0.517	-1.94	-0.368	1.2	1.01	0.842	171.538	5.638206059894223e-14
683	304.5	305.7	-2.752	0.059	-2.088	-0.41	1.2	0.8129999999999999	0.677	-35.215	5.638206059894223e-14
685	210.9	212.4	-0.132	-0.106	0.066	-0.447	1.5	0.394	0.263	-59.859	1.81199368453015e-14
692	264.6	273.45	-0.011	-0.201	-0.545	0.116	8.85	0.621	0.07000000000000001	149.315	2.131973000000003e-14
692	278.85	282.45	-1.091	0.245	-1.677	0.478	3.6	0.63	0.175	158.349	2.131973000000003e-14
694	250.95	251.7	-0.032	-0.058	-0.307	-0.16	0.75	0.293	0.391	-159.653	1.684058297645994e-14
706	296.85	298.5	0.096	-0.342	0.718	-0.165	1.65	0.647	0.392	15.886	5.409434544782866e-14
706	298.5	299.25	0.905	-0.155	1.347	-0.397	0.75	0.504	0.672	-28.745	5.409434544782866e-14
707	364.65	365.7	-0.027	-0.051	-0.749	-0.036	1.05	0.722	0.6879999999999999	178.755	2.133711406870273e-14
709	223.05	224.55	-0.697	0.104	-1.312	0.047	1.5	0.618	0.412	-174.742	1.050235800355585e-14
724	249.6	250.5	-0.151	0.005	0.34	-0.333	0.9	0.596	0.663	-34.572	5.295238919282888e-14
742	253.65	254.4	0.5600000000000001	-0.458	0.911	-0.226	0.75	0.421	0.5610000000000001	33.493	6.590566949445979e-14
742	254.55	255.75	1.083	0.068	1.911	-0.42	1.2	0.961	0.801	-30.493	6.590566949445979e-14
756	276.45	278.7	-0.118	-0.216	-1.155	0.06900000000000001	2.25	1.076	0.478	164.611	1.534973559795754e-14
798	327.6	330.9	1.108	-0.136	-0.663	-0.132	3.3	1.771	0.537	179.872	1.124443723824951e-14
798	333.15	335.1	-1.295	-0.246	-2.468	-0.056	1.95	1.188	0.609	170.802	1.124443723824951e-14
798	345	347.85	-2.503	-0.113	-3.91	-0.169	2.85	1.408	0.494	-177.725	1.124443723824951e-14
798	354.3	356.4	-3.913	-0.21	-4.889	-0.284	2.1	0.979	0.466	-175.695	1.124443723824951e-14
806	239.55	241.05	-0.22	-0.07099999999999999	-0.764	-0.017	1.5	0.547	0.364	174.345	1.540154373199724e-14
807	278.4	280.2	-0.111	-0.082	0.754	-0.267	1.8	0.884	0.491	-12.04	1.790406425155242e-14
807	280.65	281.7	0.902	-0.279	1.409	-0.08400000000000001	1.05	0.543	0.517	21.004	1.790406425155242e-14
833	313.8	315.15	-0.296	-0.129	-0.832	-0.042	1.35	0.543	0.402	170.762	1.99590827348463e-14
833	316.65	318.75	-1.106	-0.07000000000000001	-1.736	0.002	2.1	0.634	0.302	173.48	1.99590827348463e-14
883	284.85	285.9	-0.26	-0.262	0.012	-0.714	1.05	0.527	0.502	-58.943	9.573520532325138e-15
899	300.15	301.05	-0.8129999999999999	0.059	-1.16	0.199	0.9	0.374	0.416	158.033	1.852017497591862e-14
907	241.35	243	0.008	0.104	-0.166	-0.273	1.65	0.415	0.252	-114.781	2.682054208830348e-14
907	246.3	248.25	-0.435	-0.074	-1.075	0.111	1.95	0.666	0.342	163.855	2.682054208830348e-14
907	250.95	253.95	-1.198	-0.067	-2.081	-0.243	3	0.9	0.3	-168.742	2.682054208830348e-14
908	276.75	277.5	-0.189	-0.045	0.126	-0.163	0.75	0.337	0.449	-20.616	1.573469218650971e-14
918	326.7	328.05	-0.216	-0.051	0.403	0.032	1.35	0.625	0.463	7.642	2.077217865484849e-14
918	328.65	329.7	0.725	-0.135	1.565	-0.126	1.05	0.84	0.8	0.648	2.077217865484849e-14
918	331.8	333.45	2.187	-0.054	3.222	0.226	1.65	1.072	0.65	15.144	2.077217865484849e-14
957	227.7	228.6	-0.042	-0.097	-0.397	-0.176	0.9	0.364	0.404	-167.451	1.387812495177469e-14
957	231.45	232.8	-0.626	-0.185	-1.045	-0.105	1.35	0.427	0.316	169.2	1.387812495177469e-14
957	234	235.8	-1.121	-0.022	-1.668	-0.018	1.8	0.547	0.304	179.558	1.387812495177469e-14
957	236.85	237.6	-2.058	-0.267	-2.34	-0.237	0.75	0.284	0.378	173.917	1.387812495177469e-14
963	286.35	288.6	-0.436	-0.277	0.021	-0.21	2.25	0.462	0.205	8.318	1.09803469693028e-14
969	223.5	226.95	0.08799999999999999	-0.238	0.85	-0.096	3.45	0.775	0.225	10.561	2.617906007250743e-14
969	231	233.4	0.765	-0.199	1.175	-0.07199999999999999	2.4	0.429	0.179	17.222	2.617906007250743e-14
991	388.95	390.75	-0.172	-0.411	0.588	0.091	1.8	0.911	0.506	33.447	5.8931112744384e-14
998	289.5	291.6	-1.733	-0.622	-0.966	-0.989	2.1	0.85	0.405	-25.587	1.226060058630343e-14
998	292.5	294	-0.461	-0.334	0.064	-0.621	1.5	0.599	0.399	-28.727	1.226060058630343e-14
998	294.9	297.45	0.221	-0.571	1.365	-0.672	2.55	1.148	0.45	-5.069	1.226060058630343e-14
1003	335.25	336.45	-0.383	-0.061	-1.187	0.197	1.2	0.844	0.704	162.184	2.154302711941e-14
1032	216.3	217.35	-0.277	0.117	-0.098	0.049	1.05	0.191	0.182	-20.786	1.175814317935296e-14
1038	261.45	262.95	-0.267	-0.08599999999999999	-0.86	-0.044	1.5	0.594	0.396	176.025	1.388196823987097e-14
1038	265.95	266.7	-1.315	-0.08	-1.6	-0.121	0.75	0.288	0.384	-171.704	1.388196823987097e-14
1053	325.5	330.75	-0.639	0.415	0.031	0.716	5.25	0.734	0.14	24.141	1.594067931469168e-14
1072	216.9	218.55	0.464	0.07099999999999999	1.112	-0.193	1.65	0.7	0.424	-22.148	3.080228393687369e-14
1072	229.5	232.8	1.868	-0.172	2.689	-0.066	3.3	0.828	0.251	7.362	3.080228393687369e-14
1087	219.3	220.35	0.044	-0.081	0.292	-0.1	1.05	0.249	0.237	-4.416	1.477952375242737e-14
1101	279.3	281.55	0.179	-0.078	1.365	-0.633	2.25	1.31	0.582	-25.089	5.669048826522452e-14
1102	262.8	263.85	-0.741	-0.253	-1.212	-0.032	1.05	0.52	0.495	154.926	2.080782013599879e-14
1102	267.75	269.55	-1.472	-0.049	-2.482	0.052	1.8	1.015	0.5639999999999999	174.318	2.080782013599879e-14
1134	268.2	269.4	-0.161	-0.024	0.225	-0.078	1.2	0.39	0.325	-7.922	2.418470917838888e-14
1134	273.45	277.05	0.5620000000000001	-0.019	1.996	0.045	3.6	1.435	0.399	2.562	2.418470917838888e-14
1134	278.85	279.9	2.092	0.031	2.559	0.064	1.05	0.468	0.446	4.082	2.418470917838888e-14
1134	303.9	306.15	2.623	0.019	3.356	-0.117	2.25	0.746	0.331	-10.55	2.418470917838888e-14
1134	308.4	313.65	3.66	-0.057	5.975	-0.186	5.25	2.319	0.442	-3.176	2.418470917838888e-14
1157	258.75	259.95	-0.421	-0.171	-0.075	0.036	1.2	0.403	0.336	30.892	1.512702936424341e-14
1157	260.4	262.05	-0.06900000000000001	0.129	0.45	-0.089	1.65	0.5629999999999999	0.341	-22.852	1.512702936424341e-14
1157	284.55	286.65	0.44	-0.019	1.157	-0.057	2.1	0.718	0.342	-3.065	1.512702936424341e-14
1157	288	291.9	1.312	-0.027	2.365	0.056	3.9	1.056	0.271	4.542	1.512702936424341e-14
1157	292.95	296.7	2.376	0.053	3.603	0.483	3.75	1.3	0.347	19.33	1.512702936424341e-14
1188	228.75	229.8	-1.268	-0.074	-1.83	-0.109	1.05	0.5629999999999999	0.536	-176.469	1.027682150474799e-14
1188	229.8	231.9	-1.86	-0.08599999999999999	-2.628	0.016	2.1	0.775	0.369	172.413	1.027682150474799e-14
1226	241.65	242.85	-0.22	0.31	-0.495	0.315	1.2	0.275	0.229	179.036	4.960404895133311e-14
1229	210.9	212.25	0.039	-0.215	0.569	-0.274	1.35	0.533	0.395	-6.414	5.83887160558101e-14
1261	228.75	229.8	-0.272	-0.196	-0.536	-0.156	1.05	0.267	0.254	171.518	2.304583562425683e-14
1261	242.85	244.05	-1.213	-0.503	-1.752	-0.513	1.2	0.539	0.449	-178.933	2.304583562425683e-14
1261	246.6	247.65	-2.477	-0.736	-3.05	-0.827	1.05	0.58	0.552	-171.041	2.304583562425683e-14
1265	250.5	251.85	-0.295	-0.098	0.428	0.09	1.35	0.747	0.553	14.572	5.540348277590291e-14
1265	259.5	260.4	0.67	0.07099999999999999	1.244	0.227	0.9	0.595	0.661	15.264	5.540348277590291e-14
1265	260.7	262.5	1.398	-0.257	2.372	0.004	1.8	1.008	0.5600000000000001	14.992	5.540348277590291e-14
1273	249.9	251.7	-0.703	0.149	-1.701	-0.137	1.8	1.038	0.577	-164.008	1.782524185540682e-14
1289	249.75	250.8	-2.09	-0.865	-2.89	-0.725	1.05	0.8120000000000001	0.773	170.111	2.951451163789622e-14
1337	312.6	314.55	-0.327	-0.168	0.751	-0.196	1.95	1.078	0.553	-1.459	4.453179632158135e-14
1337	315.45	319.35	1.124	-0.383	3.772	-0.241	3.9	2.652	0.68	3.062	4.453179632158135e-14
1388	267.75	268.8	0.21	-0.6919999999999999	-0.097	-0.5649999999999999	1.05	0.332	0.316	157.579	2.587621751424106e-14
1455	270	271.8	-0.09	-0.052	0.412	-0.706	1.8	0.824	0.458	-52.459	2.22926591344022e-14
1525	268.35	269.25	0.16	-0.057	-0.259	-0.225	0.9	0.451	0.502	-158.151	3.757114059066774e-14
1525	272.4	273.75	-0.584	-0.121	-1.35	-0.304	1.35	0.788	0.583	-166.548	3.757114059066774e-14
1532	261.15	261.9	-0.461	-0.314	-0.714	-0.158	0.75	0.297	0.396	148.303	2.442011061499423e-14
1532	267.9	269.1	-1.736	0.028	-2.348	0.099	1.2	0.616	0.513	173.398	2.442011061499423e-14
1532	271.65	273	-2.442	-0.125	-3.125	0.122	1.35	0.726	0.538	160.169	2.442011061499423e-14
1594	321.3	323.4	0.129	0.061	0.954	0.234	2.1	0.843	0.401	11.796	2.413323080497945e-14
1625	224.4	232.8	-0.746	-0.122	-0.011	-0.07199999999999999	8.4	0.737	0.08799999999999999	3.898	6.960688391509621e-15
1625	260.85	262.95	0.226	0.011	0.576	0.07199999999999999	2.1	0.355	0.169	9.997999999999999	6.960688391509621e-15
1698	282.75	285	-1.059	-0.022	-2.748	0.144	2.25	1.697	0.754	174.393	2.140464872077833e-14
1741	246.15	248.7	-0.008	0.043	0.961	0.173	2.55	0.978	0.383	7.651	4.73627158159722e-14
1749	310.8	311.7	0.252	-0.19	-0.19	-0.09	0.9	0.453	0.503	167.309	9.91057220918502e-15
1776	245.55	246.6	1.074	0.001	0.646	0.256	1.05	0.498	0.474	149.266	1.598763816885946e-14
1776	247.8	249.3	0.502	0.07099999999999999	-0.098	0.188	1.5	0.611	0.408	168.959	1.598763816885946e-14
1776	344.55	347.85	-0.112	-1.166	-1.672	-2.256	3.3	1.903	0.577	-145.043	1.598763816885946e-14
1776	349.5	351.45	-1.274	-2.046	-0.349	-2.387	1.95	0.986	0.506	-20.246	1.598763816885946e-14
1776	355.5	361.35	1.125	-1.433	4.059	0.862	5.85	3.725	0.637	38.034	1.598763816885946e-14
1788	261	262.5	-0.492	0.017	0.186	0.003	1.5	0.678	0.452	-1.196	2.15779383695544e-14
1788	282.45	291.15	0.716	-0.004	3.274	0.057	8.699999999999999	2.559	0.294	1.372	2.15779383695544e-14
1788	292.2	297.15	3.404	0.014	4.801	0.07199999999999999	4.95	1.398	0.282	2.391	2.15779383695544e-14
1802	296.4	297.9	0.112	-0.006	0.598	0.137	1.5	0.506	0.338	16.318	1.535452556578273e-14
1858	294	301.8	-0.746	-0.06900000000000001	3.577	-0.064	7.8	4.323	0.554	0.06	2.875377983713063e-14
14	226.05	226.95	-0.261	-0.139	-0.07000000000000001	-0.077	0.9	0.201	0.223	17.946	1.792645625936193e-14
14	232.5	233.55	-0.083	-0.238	0.059	-0.157	1.05	0.164	0.156	29.836	1.792645625936193e-14
182	232.95	234	0.734	-0.025	0.235	-0.098	1.05	0.504	0.48	-171.734	7.894661572977955e-15
182	277.2	278.1	-1.786	-0.08799999999999999	-2.365	0.051	0.9	0.595	0.662	166.531	7.894661572977955e-15
182	279.15	280.05	-2.541	-0.162	-2.866	0.04	0.9	0.383	0.425	148.147	7.894661572977955e-15
182	287.55	289.5	-2.733	0.098	-3.821	-0.029	1.95	1.095	0.5620000000000001	-173.359	7.894661572977955e-15
182	292.95	294.3	-3.996	0.248	-4.751	0.158	1.35	0.76	0.5629999999999999	-173.218	7.894661572977955e-15
182	294.45	297	-4.885	0.139	-6.49	0.294	2.55	1.612	0.632	174.495	7.894661572977955e-15
182	301.5	302.25	-6.872	0.425	-7.24	0.26	0.75	0.403	0.538	-155.845	7.894661572977955e-15
182	302.55	304.8	-7.322	0.253	-8.56	0.133	2.25	1.244	0.553	-174.479	7.894661572977955e-15
182	307.2	310.05	-8.532999999999999	0.343	-10.288	0.145	2.85	1.766	0.62	-173.557	7.894661572977955e-15
182	311.4	312.6	-10.148	0.155	-9.332000000000001	0.154	1.2	0.8159999999999999	0.68	-0.03	7.894661572977955e-15
182	315.3	317.55	-8.699999999999999	0.184	-7.317	0.209	2.25	1.383	0.615	1.067	7.894661572977955e-15
184	255.9	256.95	-1.169	-0.037	-1.628	0.307	1.05	0.574	0.546	143.133	2.83686208973201e-14
256	265.05	266.1	0.607	-0.216	0.356	-0.135	1.05	0.264	0.251	162.223	1.658720304519818e-14
272	270.9	273.15	-0.207	0.498	-0.5669999999999999	-0.109	2.25	0.706	0.314	-120.664	3.909079523502598e-14
278	253.65	255.75	-0.304	-0.253	-0.664	-0.134	2.1	0.379	0.181	161.655	2.775432215133846e-14
279	239.55	240.45	-0.618	-0.318	-0.434	-0.02	0.9	0.35	0.389	58.298	2.648286893391007e-14
287	219.6	220.95	-0.613	-0.195	-0.874	-0.026	1.35	0.311	0.23	147.052	3.070502967067887e-14
291	254.85	256.35	-0.962	-0.123	-1.89	-0.155	1.5	0.929	0.619	-178.018	1.162978593112512e-14
291	260.7	261.45	-2.591	-0.331	-2.955	-0.259	0.75	0.371	0.495	168.871	1.162978593112512e-14
291	271.35	272.25	-3.429	-0.329	-4.133	-0.319	0.9	0.704	0.782	179.189	1.162978593112512e-14
312	274.5	275.85	0.059	-0.056	-0.8129999999999999	0.161	1.35	0.899	0.666	166.011	2.452295519125497e-14
312	289.8	292.2	-1.2	0.015	-2.461	-0.016	2.4	1.261	0.526	-178.576	2.452295519125497e-14
312	346.95	348.45	-2.416	0.08799999999999999	-3.296	0.166	1.5	0.883	0.589	174.917	2.452295519125497e-14
312	373.05	374.4	-3.247	-0.033	-4.108	0.013	1.35	0.862	0.639	176.933	2.452295519125497e-14
312	382.8	383.7	-3.928	0.246	-4.597	0.077	0.9	0.6899999999999999	0.767	-165.87	2.452295519125497e-14
312	396	397.35	-3.807	-0.022	-4.54	0.063	1.35	0.738	0.547	173.418	2.452295519125497e-14
359	236.55	240	-0.419	0.07000000000000001	-1.029	-0.056	3.45	0.623	0.18	-168.399	1.267478302191463e-14
370	246.3	247.2	-0.164	-0.025	0.308	-0.248	0.9	0.522	0.58	-25.246	3.077352179308972e-14
401	269.25	271.05	-0.292	-0.07000000000000001	0.404	-0.179	1.8	0.705	0.391	-8.912000000000001	1.094939219985903e-14
401	280.2	282.3	0.645	-0.055	1.17	-0.28	2.1	0.571	0.272	-23.223	1.094939219985903e-14
422	310.95	311.85	-0.402	0.021	-0.445	-0.194	0.9	0.22	0.244	-101.292	3.368743969881527e-14
436	224.7	225.9	-0.125	-0.368	-0.224	-0.535	1.2	0.194	0.161	-120.741	2.381482536948621e-14
485	281.55	283.05	-0.222	-0.017	-0.641	-0.175	1.5	0.448	0.298	-159.371	7.839884948624332e-15
487	279.15	280.65	-0.182	0.039	0.082	-0.033	1.5	0.274	0.183	-15.364	1.520118785191745e-14
525	244.5	245.4	-1.263	-0.242	-1.839	-0.077	0.9	0.599	0.666	164.041	1.091421425294922e-14
525	250.2	251.55	-2.954	-0.256	-3.474	-0.239	1.35	0.52	0.385	178.064	1.091421425294922e-14
525	252	254.1	-3.477	-0.111	-4.728	-0.213	2.1	1.255	0.598	-175.325	1.091421425294922e-14
562	242.4	244.2	-0.141	0.021	-0.721	-0.041	1.8	0.583	0.324	-173.912	1.269543621909111e-14
562	289.95	291.45	-1.479	0.022	-2.673	-0.186	1.5	1.212	0.8080000000000001	-170.103	1.269543621909111e-14
571	345.9	355.5	1.099	0.061	3.185	0.013	9.6	2.087	0.217	-1.329	2.134771848248193e-14
572	343.05	343.8	-0.519	-0.119	-0.174	-0.266	0.75	0.375	0.5	-23.128	3.107190023427118e-14
580	233.25	234.3	-0.278	0.192	-0.728	-0.139	1.05	0.5580000000000001	0.532	-143.711	2.763865255970065e-14
580	236.85	237.9	-0.888	0.152	-1.202	0.027	1.05	0.338	0.322	-158.255	2.763865255970065e-14
591	257.4	259.5	-0.075	-0.04	-1.552	-0.14	2.1	1.48	0.705	-176.133	1.987540808115336e-14
591	263.4	264.15	-1.72	0.024	-2.187	-0.03	0.75	0.47	0.627	-173.413	1.987540808115336e-14
591	265.05	267.75	-2.215	0.048	-3.89	-0.26	2.7	1.703	0.631	-169.598	1.987540808115336e-14
591	272.85	274.35	-4.623	-0.292	-5.474	-0.238	1.5	0.853	0.5679999999999999	176.384	1.987540808115336e-14
591	278.25	279	-5.509	-0.342	-4.936	-0.387	0.75	0.575	0.766	-4.488	1.987540808115336e-14
591	279.75	280.5	-4.768	-0.473	-4.448	-0.483	0.75	0.32	0.427	-1.81	1.987540808115336e-14
598	393.6	396.9	1.624	0.074	0.652	-0.058	3.3	0.981	0.297	-172.266	1.789385666486371e-14
600	285	286.2	0.143	-0.048	-0.202	-0.198	1.2	0.376	0.314	-156.473	1.46338190119185e-14
600	288.3	292.05	-0.362	-0.067	-2.106	-0.195	3.75	1.749	0.466	-175.789	1.46338190119185e-14
600	307.2	310.05	-2.776	-0.416	-3.535	-0.371	2.85	0.76	0.267	176.621	1.46338190119185e-14
605	246.15	247.05	-0.251	-0.102	-0.39	-0.265	0.9	0.214	0.238	-130.484	1.087136460871339e-14
624	245.55	246.9	-0.327	-0.099	0.275	-0.246	1.35	0.62	0.459	-13.723	1.331960735664685e-14
624	247.65	249	0.312	-0.161	0.757	-0.24	1.35	0.452	0.335	-10.115	1.331960735664685e-14
627	364.95	365.7	0.171	0.157	-0.176	-0.252	0.75	0.536	0.715	-130.324	4.117378035830557e-14
665	272.1	273.15	-0.196	-0.058	-0.461	-0.09	1.05	0.267	0.254	-172.989	4.658106749714268e-15
665	275.55	276.75	-0.612	-0.098	-1.265	-0.021	1.2	0.658	0.548	173.206	4.658106749714268e-15
665	280.35	281.4	-1.37	-0.013	-1.564	0.013	1.05	0.196	0.186	172.424	4.658106749714268e-15
678	249.45	251.1	-0.278	-0.098	-0.174	0.018	1.65	0.155	0.094	47.982	1.014710890185127e-14
680	237.45	238.95	-0.16	-0.01	0.538	-0.048	1.5	0.699	0.466	-3.103	1.570515047840629e-14
685	290.25	298.5	-0.1	-0.111	2.841	0.007	8.25	2.943	0.357	2.293	1.269041389682881e-14
686	231.6	232.95	0.004	-0.248	-0.34	-0.157	1.35	0.356	0.264	165.068	3.347003826388887e-14
686	242.25	243.9	-0.58	0.119	-0.929	-0.057	1.65	0.391	0.237	-153.223	3.347003826388887e-14
700	227.7	228.9	-0.12	-0.039	-0.412	-0.077	1.2	0.294	0.245	-172.558	1.331698729247813e-14
700	303.9	305.1	0.364	-0.162	0.124	0.024	1.2	0.303	0.253	142.35	1.331698729247813e-14
726	252.6	253.35	0.272	-0.003	0.584	-0.073	0.75	0.32	0.426	-12.696	3.626268727536654e-14
746	278.7	279.6	-0.318	-0.181	-1.158	-0.208	0.9	0.84	0.9340000000000001	-178.177	2.805950720084337e-14
748	226.8	227.7	-0.175	0.161	-0.506	-0.329	0.9	0.592	0.657	-124.024	1.690215480098309e-14
761	254.85	256.05	-0.424	-0.193	0.115	-0.015	1.2	0.5679999999999999	0.473	18.28	1.699655927175089e-14
768	380.55	381.75	-0.11	0.285	-0.225	0.051	1.2	0.261	0.218	-116.097	3.038038092276364e-14
775	356.4	362.1	-0.177	-0.042	0.545	0.095	5.7	0.735	0.129	10.698	1.763132881374542e-14
779	282.15	284.7	-0.125	-0.076	0.466	0.015	2.55	0.598	0.235	8.794	9.615913208012779e-15
779	285.45	288.9	0.549	0.08500000000000001	1.221	0.128	3.45	0.673	0.195	3.691	9.615913208012779e-15
779	315	317.7	0.672	0.011	0.955	0.194	2.7	0.337	0.125	33	9.615913208012779e-15
779	327.45	332.4	0.992	0.058	2.047	0.12	4.95	1.057	0.213	3.366	9.615913208012779e-15
792	293.25	295.65	-1.518	-0.172	-2.879	-0.013	2.4	1.37	0.571	173.336	1.691911333228905e-14
792	297.15	303.75	-2.979	-0.079	-6.862	0.124	6.6	3.888	0.589	177.007	1.691911333228905e-14
833	232.95	233.85	-1.135	-0.135	-1.572	-0.154	0.9	0.437	0.486	-177.462	1.550509228795835e-14
840	207	207.75	-0.246	-0.297	-0.121	-0.062	0.75	0.266	0.355	61.983	1.16595182070707e-14
849	263.4	265.05	-0.45	-0.109	-1.357	-0.306	1.65	0.928	0.5629999999999999	-167.741	4.625444545875548e-14
850	312.6	317.1	-0.2	-0.221	-3.337	-0.074	4.5	3.14	0.698	177.316	1.138425900826444e-14
850	325.8	333	-3.76	-0.111	-8.657	0.019	7.2	4.899	0.68	178.477	1.138425900826444e-14
851	258.15	259.8	-0.756	-0.08400000000000001	-0.268	0.03	1.65	0.501	0.304	13.146	2.490018512018454e-14
889	251.25	252.3	-0.539	-0.108	-0.922	0.103	1.05	0.437	0.416	151.143	2.030852032591223e-14
903	241.2	241.95	-0.173	-0.226	-0.444	0.133	0.75	0.45	0.599	127.073	1.53027234998609e-14
924	322.65	332.4	0.074	-0.022	5.064	0.04	9.75	4.99	0.512	0.711	3.431503372856097e-14
961	237.3	238.65	0.188	-0.128	-0.211	-0.22	1.35	0.41	0.303	-166.978	1.220654177491679e-14
961	247.8	249.15	-0.736	0.002	-1.435	-0.112	1.35	0.708	0.525	-170.71	1.220654177491679e-14
961	283.95	285.15	-3.947	-0.066	-4.329	0.003	1.2	0.388	0.324	169.741	1.220654177491679e-14
1050	378.75	382.35	-2.815	-1.337	-2.09	-1.396	3.6	0.727	0.202	-4.614	1.439006833964304e-14
1114	298.35	300.75	-0.194	-0.073	0.545	0.092	2.4	0.757	0.315	12.563	5.408135592265289e-14
1170	301.2	304.35	0.044	0.289	1.682	0.351	3.15	1.639	0.52	2.162	1.724279967503189e-14
1325	246.3	248.1	-0.218	0.162	-0.701	0.068	1.8	0.492	0.273	-168.905	4.242027811219652e-14
1325	249.15	250.2	-0.722	-0.021	-1.288	-0.034	1.05	0.5659999999999999	0.539	-178.636	4.242027811219652e-14
1325	276.9	279.15	-1.174	-0.117	-2.043	0.23	2.25	0.9360000000000001	0.416	158.256	4.242027811219652e-14
1508	348	352.35	-0.529	-0.128	1.304	0.424	4.35	1.914	0.44	16.778	1.676176244482912e-14
1563	221.1	222.45	0.038	-0.132	0.724	0.353	1.35	0.84	0.622	35.226	3.827238812778582e-14
1602	229.2	230.4	-0.151	-0.092	0.183	-0.032	1.2	0.339	0.283	10.147	4.738063435558525e-14
1621	238.95	239.85	-0.047	0.187	-0.435	0.161	0.9	0.389	0.432	-176.195	1.323530680030238e-15
1660	214.5	215.7	-0.171	-0.397	0.065	0.096	1.2	0.547	0.456	64.453	3.356520604589239e-14
1660	239.55	245.4	0.27	0.16	2.299	-0.005	5.85	2.036	0.348	-4.664	3.356520604589239e-14
1685	252.9	253.8	0.122	0.04	-0.496	0.147	0.9	0.627	0.697	170.166	5.490538446994192e-14
1696	213	213.9	0.261	-0.165	-0.288	0.094	0.9	0.607	0.675	154.737	4.990309349899298e-14
1796	223.8	224.85	0.729	-0.06900000000000001	0.27	-0.136	1.05	0.464	0.442	-171.81	1.508651796045786e-14
1796	254.85	258.6	-0.85	-0.677	-2.067	0.094	3.75	1.441	0.384	147.645	1.508651796045786e-14
1796	264.15	267.45	-2.107	0.188	-3.557	0.284	3.3	1.453	0.44	176.218	1.508651796045786e-14
1814	300.9	301.95	0.016	-0.06900000000000001	0.449	0.111	1.05	0.469	0.447	22.58	1.847349142092982e-14
2005	256.5	258.45	5.131	-0.985	4.288	-0.435	1.95	1.007	0.516	146.867	4.851183431952615e-14
2005	266.7	269.4	2.691	-0.362	2.024	-0.33	2.7	0.668	0.247	177.25	4.851183431952615e-14
2005	283.65	285.15	1.443	-0.858	0.802	0.172	1.5	1.213	0.8080000000000001	121.912	4.851183431952615e-14
2005	293.55	295.35	0.573	-0.256	-0.477	0.225	1.8	1.155	0.642	155.397	4.851183431952615e-14
2005	307.8	313.05	-0.542	-0.052	-2.466	0.15	5.25	1.935	0.368	174.008	4.851183431952615e-14
2005	323.7	325.35	-2.626	0.22	-3.55	0.397	1.65	0.9409999999999999	0.57	169.14	4.851183431952615e-14
2018	235.95	237.3	0.607	-0.478	0.077	0.158	1.35	0.828	0.613	129.821	1.256811720196312e-14
2027	294	295.2	-0.512	0.512	-1.19	0.236	1.2	0.732	0.61	-157.834	3.561458605650965e-14
2048	266.85	276	-0.358	-0.029	3.447	-0.035	9.15	3.805	0.416	-0.089	1.747468832589849e-14
2055	276	278.85	-0.304	-0.18	0.826	0.106	2.85	1.166	0.409	14.23	4.598660972222218e-14
2055	283.5	286.8	1.09	0.112	2.682	-0.173	3.3	1.617	0.49	-10.164	4.598660972222218e-14
2060	284.4	285.3	0.255	0.077	-0.146	-0.223	0.9	0.501	0.5570000000000001	-143.131	1.921098977499999e-14
2076	265.2	266.4	0.6870000000000001	0.008	0.193	0.067	1.2	0.497	0.415	173.207	1.712356770452884e-14
2076	283.65	285	-0.5610000000000001	-0.536	-1.404	-0.432	1.35	0.849	0.629	172.951	1.712356770452884e-14
2076	287.1	288.45	-1.397	-0.538	-1.834	-0.298	1.35	0.498	0.369	151.269	1.712356770452884e-14
2087	267.3	275.25	-1.898	-0.025	2.051	-0.081	7.95	3.949	0.497	-0.8120000000000001	4.29048485394314e-14
2159	288.6	290.7	3.229	0.179	1.776	0.01	2.1	1.463	0.697	-173.362	5.34438710528796e-14
2159	296.4	301.35	1.472	0.115	-1.522	0.046	4.95	2.995	0.605	-178.678	5.34438710528796e-14
2159	306.3	307.5	-2.272	-0.424	-3.179	-0.146	1.2	0.949	0.791	162.936	5.34438710528796e-14
37	258	259.5	0.378	-0.207	0.675	-0.098	1.5	0.316	0.211	20.112	7.221082840778925e-15
68	241.65	242.55	0.089	-0.08500000000000001	0.46	-0.012	0.9	0.378	0.42	11.139	1.686299999483469e-14
68	243	243.75	0.644	-0.111	1.119	0.03	0.75	0.495	0.661	16.52	1.686299999483469e-14
79	271.95	272.7	0.02	-0.375	-0.127	-0.338	0.75	0.151	0.202	166.022	1.904514576326537e-14
84	279.6	287.1	-0.188	-0.248	1.3	-0.126	7.5	1.493	0.199	4.681	2.821084905150867e-14
86	245.25	246	-0.259	-0.114	-0.517	0.008	0.75	0.285	0.38	154.705	7.137227230454457e-15
86	256.8	258	-1.768	-0.186	-2.192	-0.129	1.2	0.428	0.357	172.273	7.137227230454457e-15
93	258	258.75	-1.551	-0.191	-1.823	-0.448	0.75	0.374	0.499	-136.641	1.808256346115802e-14
137	256.5	257.4	-1.254	0.294	-1.611	0.169	0.9	0.378	0.42	-160.752	1.940260389993903e-14
153	224.7	225.45	-0.416	-0.153	-0.79	-0.147	0.75	0.374	0.499	179.099	1.360089189986281e-14
153	235.05	235.8	-1.155	0.016	-1.374	-0.177	0.75	0.292	0.39	-138.557	1.360089189986281e-14
153	237.45	238.8	-1.379	-0.277	-1.784	-0.024	1.35	0.478	0.354	148.008	1.360089189986281e-14
306	276.75	277.65	1.261	-0.112	1.823	-0.024	0.9	0.569	0.632	8.923999999999999	1.624339118220481e-14
306	289.2	291.6	2.055	-0.156	3.341	0.117	2.4	1.315	0.548	11.991	1.624339118220481e-14
306	292.5	297.3	3.571	-0.217	6.229	0.158	4.8	2.684	0.5590000000000001	8.021000000000001	1.624339118220481e-14
306	297.75	301.2	6.243	-0.004	8.082000000000001	0.11	3.45	1.843	0.534	3.555	1.624339118220481e-14
306	302.55	304.95	8.631	0.032	10.255	0.108	2.4	1.626	0.677	2.692	1.624339118220481e-14
318	295.65	296.4	-0.185	-0.139	-0.801	-0.109	0.75	0.617	0.822	177.212	2.514075788352076e-14
433	259.35	260.25	-1.118	-0.219	-1.828	0.058	0.9	0.762	0.847	158.685	2.198696492631145e-14
496	255.45	256.2	-1.293	-0.158	-1.411	-0.099	0.75	0.132	0.176	153.267	5.870228271484367e-15
496	271.5	273	-1.674	-0.057	-1.875	-0.123	1.5	0.211	0.141	-161.893	5.870228271484367e-15
496	277.65	278.85	-1.992	-0.096	-1.883	-0.207	1.2	0.156	0.13	-45.568	5.870228271484367e-15
530	233.7	234.6	-0.09	-0.196	0.048	-0.077	0.9	0.183	0.203	40.897	1.403358695052469e-14
577	260.7	261.45	-0.3	-0.003	-0.859	0.077	0.75	0.5649999999999999	0.753	171.817	2.555580451051203e-14
582	253.05	254.85	-0.135	-0.186	0.515	0.449	1.8	0.909	0.505	44.335	2.389390066137102e-14
583	300.6	301.35	-0.858	-0.609	-1.535	-0.756	0.75	0.6929999999999999	0.924	-167.791	1.948034798676758e-14
593	237.45	238.35	-0.059	-0.209	-0.357	-0.076	0.9	0.327	0.363	155.85	2.746940573060541e-14
600	260.25	263.1	-1.888	-0.039	-1.131	-0.184	2.85	0.771	0.27	-10.834	1.299513802373056e-14
600	267	270.75	-0.864	-0.038	0.043	-0.09	3.75	0.908	0.242	-3.287	1.299513802373056e-14
601	257.25	259.5	-0.269	0.001	0.182	-0.231	2.25	0.507	0.225	-27.193	3.511698524903048e-14
601	261.45	264	0.589	0.129	1.016	0.092	2.55	0.429	0.168	-4.939	3.511698524903048e-14
601	267	271.5	1.117	-0.02	2.162	0.159	4.5	1.06	0.236	9.723000000000001	3.511698524903048e-14
613	233.85	235.2	0.066	-0.255	0.589	0.035	1.35	0.598	0.443	28.981	2.55084183950617e-14
657	296.85	298.05	0.569	-0.141	0.271	-0.128	1.2	0.298	0.249	177.497	1.714976203922817e-14
667	233.55	235.5	-0.724	0.08400000000000001	-0.242	0.096	1.95	0.482	0.247	1.457	1.498927864649287e-14
667	237	239.1	-0.07099999999999999	-0.166	0.806	0.02	2.1	0.897	0.427	11.983	1.498927864649287e-14
667	250.95	253.05	0.8100000000000001	-0.097	1.59	0.041	2.1	0.792	0.377	10.058	1.498927864649287e-14
667	321	321.9	1.345	-0.08400000000000001	1.82	0.019	0.9	0.486	0.54	12.27	1.498927864649287e-14
686	256.95	258.3	0.024	0.063	0.655	0.057	1.35	0.631	0.467	-0.5679999999999999	3.208002970941574e-14
727	277.5	279.3	0.357	-0.244	1.568	-0.469	1.8	1.232	0.6840000000000001	-10.523	2.767650160000003e-14
727	279.6	280.35	1.656	-0.304	1.835	-0.025	0.75	0.332	0.443	57.37	2.767650160000003e-14
727	283.5	284.4	2.003	-0.299	2.641	-0.36	0.9	0.641	0.712	-5.506	2.767650160000003e-14
727	288.15	290.1	3.385	-0.158	4.725	0.005	1.95	1.35	0.6919999999999999	6.945	2.767650160000003e-14
735	222.9	225	-0.268	-0.013	0.311	-0.194	2.1	0.607	0.289	-17.344	1.684102676977991e-14
735	240.45	242.7	0.437	0.102	0.914	0.117	2.25	0.477	0.212	1.841	1.684102676977991e-14
763	232.5	233.55	-0.192	-0.125	0.203	-0.147	1.05	0.396	0.377	-3.228	2.400231358505467e-14
763	235.8	236.55	0.493	0.127	0.664	0.046	0.75	0.189	0.252	-25.178	2.400231358505467e-14
768	325.65	327.6	-0.696	0.142	0.081	-0.099	1.95	0.8139999999999999	0.417	-17.283	4.730942809406827e-14
768	327.75	328.65	0.187	0.079	0.736	-0.271	0.9	0.651	0.723	-32.49	4.730942809406827e-14
795	217.2	218.25	-0.835	-0.246	-0.376	-0.092	1.05	0.484	0.461	18.541	3.349613860919289e-14
795	243.3	246.6	0.629	0.11	2.706	0.067	3.3	2.077	0.63	-1.194	3.349613860919289e-14
795	260.1	262.2	3.144	0.046	4.277	-0.12	2.1	1.145	0.545	-8.329000000000001	3.349613860919289e-14
795	263.85	269.7	5.095	0.066	8.762	-0.182	5.85	3.675	0.628	-3.856	3.349613860919289e-14
798	242.7	243.75	-0.365	0.052	-1.719	-0.02	1.05	1.356	1.291	-176.955	5.042446252195815e-14
798	261.9	262.65	-2.059	0.11	-2.498	-0.274	0.75	0.583	0.778	-138.835	5.042446252195815e-14
798	273.15	274.35	-3.131	-0.187	-3.735	0.188	1.2	0.711	0.592	148.172	5.042446252195815e-14
803	248.25	252.6	-2.348	-0.022	-0.673	-0.053	4.35	1.675	0.385	-1.057	3.482752633229265e-14
816	238.2	239.4	-0.206	0.006	-0.5629999999999999	-0.29	1.2	0.464	0.386	-140.367	1.969265424415803e-14
822	305.1	307.05	-0.394	-0.853	-0.882	-0.771	1.95	0.495	0.254	170.46	1.172428954081623e-14
823	238.35	239.7	1.404	0.032	0.198	0.004	1.35	1.206	0.894	-178.683	1.567286185663323e-14
823	240.75	242.25	-0.34	-0.121	-1.253	-0.042	1.5	0.916	0.611	175.087	1.567286185663323e-14
823	245.7	248.4	-1.391	-0.058	-2.855	-0.15	2.7	1.467	0.543	-176.396	1.567286185663323e-14
823	249.9	253.35	-3.661	-0.217	-6.239	-0.269	3.45	2.579	0.747	-178.858	1.567286185663323e-14
823	262.35	263.7	-6.498	-0.343	-7.781	-0.322	1.35	1.283	0.95	179.062	1.567286185663323e-14
823	270.15	272.25	-8.143000000000001	-0.376	-9.647	-0.381	2.1	1.504	0.716	-179.783	1.567286185663323e-14
844	289.5	292.2	-0.294	-0.193	-2.564	0.235	2.7	2.31	0.856	169.338	2.746705664097389e-14
844	292.2	295.05	-2.578	0.126	-1.452	0.164	2.85	1.127	0.395	1.954	2.746705664097389e-14
844	295.05	295.95	-1.327	0.06900000000000001	-2.594	0.13	0.9	1.268	1.409	177.243	2.746705664097389e-14
844	307.8	310.65	-2.057	0.205	-0.577	0.166	2.85	1.481	0.519	-1.526	2.746705664097389e-14
844	318.75	328.5	-2.674	0.31	2.958	0.404	9.75	5.633	0.578	0.956	2.746705664097389e-14
844	328.8	332.7	1.023	0.352	3.178	0.552	3.9	2.164	0.555	5.307	2.746705664097389e-14
859	209.25	210.3	-0.304	0.022	-0.028	-0.033	1.05	0.281	0.268	-11.286	1.846347379713594e-14
863	245.25	246.45	-0.194	-0.066	-0.024	0.029	1.2	0.195	0.162	29.295	1.436135163348547e-14
870	311.4	314.1	-0.727	0.091	0.008999999999999999	-0.051	2.7	0.75	0.278	-10.932	2.590361422379402e-14
870	314.25	317.55	0.042	-0.149	1.222	-0.083	3.3	1.182	0.358	3.208	2.590361422379402e-14
870	317.85	320.25	1.204	-0.06900000000000001	1.897	-0.41	2.4	0.772	0.322	-26.187	2.590361422379402e-14
872	303.3	304.2	-1.773	-0.271	-2.368	0.017	0.9	0.661	0.735	154.163	1.652058453796845e-14
872	305.7	308.85	-2.493	-0.539	-4.327	-0.231	3.15	1.86	0.59	170.464	1.652058453796845e-14
873	257.4	260.7	1.482	-0.006	3.093	0.116	3.3	1.616	0.49	4.324	2.904869658054652e-14
873	267	268.95	3.461	0.021	4.674	-0.13	1.95	1.222	0.627	-7.121	2.904869658054652e-14
879	277.8	279.45	-0.763	-0.051	-2.021	0.361	1.65	1.324	0.802	161.898	1.706761177944842e-14
879	282.6	284.25	-2.363	0.67	-3.241	0.8110000000000001	1.65	0.889	0.539	170.911	1.706761177944842e-14
904	268.2	269.55	-0.234	-0.055	-0.519	-0.095	1.35	0.288	0.213	-172.015	2.674610877097372e-14
905	216.15	217.65	-0.375	0.1	0.156	0.117	1.5	0.531	0.354	1.854	2.75112265474337e-14
935	372.6	376.35	2.353	-0.175	0.948	0.041	3.75	1.422	0.379	171.238	2.642921341095758e-14
935	377.55	380.4	1.492	0.196	-1.031	0.006	2.85	2.53	0.888	-175.695	2.642921341095758e-14
935	380.4	382.65	-1.145	0.158	0.174	-0.048	2.25	1.335	0.593	-8.858000000000001	2.642921341095758e-14
962	316.35	319.35	-2.303	0.054	-1.085	-0.287	3	1.265	0.422	-15.652	2.311042524353026e-14
962	322.5	325.95	-0.549	-0.015	0.673	-0.049	3.45	1.222	0.354	-1.591	2.311042524353026e-14
962	326.85	328.2	0.555	0.172	1.214	-0.374	1.35	0.855	0.634	-39.61	2.311042524353026e-14
962	328.65	330.3	1.168	-0.297	1.62	0.08500000000000001	1.65	0.592	0.359	40.202	2.311042524353026e-14
962	331.5	335.85	1.673	-0.04	3.544	-0.237	4.35	1.881	0.432	-5.998	2.311042524353026e-14
964	216.3	217.2	-0.296	-0.042	0.16	-0.149	0.9	0.468	0.521	-13.239	1.877906802092948e-14
969	283.5	286.05	0.027	-1.927	-1.503	-2.982	2.55	1.858	0.729	-145.415	2.347739970231845e-14
969	296.25	298.65	-2.458	-3.487	-3.802	-4.217	2.4	1.53	0.637	-151.479	2.347739970231845e-14
969	300.75	302.4	-3.832	-4.447	-4.834	-4.651	1.65	1.023	0.62	-168.473	2.347739970231845e-14
981	229.95	231.6	-0.265	-0.201	-1.921	-0.122	1.65	1.658	1.005	177.27	1.857963404040402e-14
987	198.45	200.4	-0.214	-0.08799999999999999	-0.363	0.051	1.95	0.204	0.105	136.917	1.452572191174337e-14
990	238.5	239.25	-0.119	-0.108	-0.443	0.275	0.75	0.501	0.669	130.255	2.182262024539986e-14
993	260.7	261.9	-0.192	-0.423	0.369	-0.163	1.2	0.618	0.515	24.878	5.805930850187843e-14
1029	313.8	314.55	-0.625	0.32	-0.112	0.167	0.75	0.536	0.714	-16.685	4.753707792675897e-14
1029	314.85	316.2	0.067	-0.034	0.876	0.011	1.35	0.8100000000000001	0.6	3.151	4.753707792675897e-14
1046	205.65	206.4	-0.316	-0.139	-1.218	-0.243	0.75	0.908	1.211	-173.429	1.720123714023807e-14
1048	352.05	352.8	-0.457	-0.081	-0.113	-0.248	0.75	0.383	0.51	-25.934	2.621210320939831e-14
1056	268.2	268.95	-0.727	-0.309	-0.519	-0.281	0.75	0.21	0.28	7.682	2.876976105193705e-14
1064	243.6	247.5	-1.346	-0.112	-0.013	-0.042	3.9	1.335	0.342	3.026	1.901002151807395e-14
1064	295.95	303.75	0.067	-0.022	3.432	0.098	7.8	3.367	0.432	2.051	1.901002151807395e-14
1064	345.3	349.05	3.038	-0.006	4.742	-0.046	3.75	1.704	0.455	-1.343	1.901002151807395e-14
1069	248.85	249.9	-0.0001	0.12	0.166	-0.196	1.05	0.358	0.341	-62.317	3.280372431482883e-14
1078	258.3	259.5	-0.079	0.302	-0.835	-0.404	1.2	1.035	0.862	-136.933	2.466127336011132e-14
1085	244.65	245.4	-0.199	0.125	-0.601	0.028	0.75	0.414	0.552	-166.316	2.234708854873468e-14
1085	261.9	262.95	-0.727	0.2	-1.237	0.047	1.05	0.532	0.507	-163.342	2.234708854873468e-14
1085	268.35	270.45	-1.711	-0.125	-2.785	0.096	2.1	1.097	0.522	168.336	2.234708854873468e-14
1085	273.75	274.5	-3.157	0.052	-3.661	-0.004	0.75	0.507	0.676	-173.75	2.234708854873468e-14
1085	279.45	281.1	-4.14	-0.594	-5.162	-0.867	1.65	1.058	0.641	-165.051	2.234708854873468e-14
1085	282.3	284.25	-5.548	-0.6889999999999999	-6.828	-0.793	1.95	1.284	0.659	-175.358	2.234708854873468e-14
1087	278.25	282	0.21	-0.029	1.987	0.004	3.75	1.777	0.474	1.067	1.679066924006446e-14
1159	246.15	246.9	0.233	-0.113	0.063	-0.073	0.75	0.175	0.233	166.789	8.764159076740167e-15
1159	247.65	248.7	0.042	-0.027	-0.239	-0.133	1.05	0.3	0.286	-159.385	8.764159076740167e-15
1159	254.4	256.2	-0.865	-0.049	-1.82	-0.036	1.8	0.955	0.531	179.247	8.764159076740167e-15
1159	259.05	259.8	-2.02	-0.178	-2.298	0.068	0.75	0.371	0.495	138.546	8.764159076740167e-15
1159	264.75	265.5	-2.668	-0.18	-2.9	-0.118	0.75	0.24	0.32	165.171	8.764159076740167e-15
1281	284.7	290.4	-0.049	-0.074	1.53	0.006	5.7	1.581	0.277	2.912	2.351422157360732e-14
1281	300.75	304.65	1.335	-0.024	2.423	0.039	3.9	1.09	0.279	3.336	2.351422157360732e-14
1281	328.8	331.2	2.78	0.161	3.473	0.119	2.4	0.694	0.289	-3.496	2.351422157360732e-14
1281	331.95	334.65	3.521	0.149	4.767	0.002	2.7	1.255	0.465	-6.715	2.351422157360732e-14
1281	336.3	339.3	4.865	0.185	6.148	0.175	3	1.283	0.428	-0.474	2.351422157360732e-14
1309	258.45	259.5	-0.014	-0.032	0.269	-0.416	1.05	0.477	0.455	-53.641	3.362236711440902e-14
1392	269.55	271.05	-0.171	0.066	0.177	-0.114	1.5	0.392	0.261	-27.409	3.933366737401936e-14
1527	227.25	228.6	-0.133	-0.094	-0.402	-0.144	1.35	0.274	0.203	-169.515	3.738447982562464e-14
1527	231	231.75	-0.442	-0.268	-0.661	-0.039	0.75	0.317	0.423	133.707	3.738447982562464e-14
1533	273.45	274.8	-0.494	-1.623	0.046	-1.839	1.35	0.582	0.431	-21.79	7.416033055555696e-15
1533	290.55	291.45	0.041	-1.481	0.343	-1.564	0.9	0.313	0.348	-15.258	7.416033055555696e-15
1555	234	235.05	-0.08	-0.005	-0.363	-0.07000000000000001	1.05	0.29	0.277	-167.023	1.284612293740975e-14
1648	286.35	287.85	-0.504	-0.229	0.296	0.074	1.5	0.855	0.57	20.733	2.196693011503675e-14
1648	288.45	289.5	0.208	-0.104	0.6909999999999999	0.104	1.05	0.526	0.501	23.265	2.196693011503675e-14
1683	309.15	310.65	0.045	0.064	-0.517	-0.188	1.5	0.616	0.41	-155.924	3.765414037518242e-14
1719	246.75	247.8	0.37	-0.313	-0.016	0.127	1.05	0.586	0.5580000000000001	131.24	3.052280538577019e-14
1719	248.1	248.85	-0.08799999999999999	-0.07199999999999999	-0.421	0.032	0.75	0.349	0.465	162.655	3.052280538577019e-14
1729	257.4	259.05	0.07099999999999999	-0.137	0.694	-0.095	1.65	0.624	0.378	3.898	4.992278296718295e-14
1729	259.35	260.7	-0.324	-0.156	0.249	-0.011	1.35	0.591	0.438	14.183	4.992278296718295e-14
1729	261.9	263.7	0.166	-0.21	0.758	-0.301	1.8	0.599	0.333	-8.722	4.992278296718295e-14
1751	260.55	263.4	0.433	-0.215	-1.348	-0.042	2.85	1.789	0.628	174.474	2.911225079196673e-14
1759	236.1	237.15	0.299	0.236	-0.22	-0.344	1.05	0.778	0.741	-131.856	3.449097563851947e-14
1759	252.75	254.55	-1.031	-0.271	-2.192	0.091	1.8	1.216	0.676	162.7	3.449097563851947e-14
1759	265.5	267.15	-2.453	-0.022	-2.68	-0.137	1.65	0.254	0.154	-153.202	3.449097563851947e-14
1817	237.3	238.05	0.03	-0.019	-1.079	-0.333	0.75	1.152	1.536	-164.23	3.158120761245675e-14
1827	289.95	291.6	-1.535	1.385	-1.114	1.444	1.65	0.425	0.258	7.963	3.204423235081316e-14
1827	297.45	298.65	-1.005	1.391	-0.759	1.324	1.2	0.255	0.212	-15.217	3.204423235081316e-14
1827	311.7	312.6	-0.73	1.561	-0.394	1.407	0.9	0.369	0.41	-24.549	3.204423235081316e-14
1889	244.65	245.7	0.182	-0.104	-0.328	-0.187	1.05	0.517	0.492	-170.745	5.721161722834794e-14
2033	286.05	288.6	-0.6909999999999999	0.044	0.657	0.222	2.55	1.36	0.533	7.504	3.726405796517652e-14
2033	290.85	291.6	1.325	0.083	1.676	0.011	0.75	0.358	0.478	-11.678	3.726405796517652e-14
2033	294.45	301.35	1.949	-0.08	5.653	0.105	6.9	3.709	0.537	2.856	3.726405796517652e-14
2040	257.1	259.2	-0.097	0.235	0.48	0.054	2.1	0.605	0.288	-17.359	4.38618266211238e-14
2048	233.55	234.6	0.5600000000000001	-0.261	0.254	-0.465	1.05	0.368	0.351	-146.238	1.500239412754361e-14
2048	269.25	270.45	-0.044	-0.622	-1.586	0.976	1.2	2.221	1.851	133.964	1.500239412754361e-14
2048	276.75	277.65	-4.765	2.195	-5.538	2.151	0.9	0.774	0.86	-176.71	1.500239412754361e-14
2048	285.6	286.5	-6.111	2.154	-6.664	2.145	0.9	0.553	0.615	-179.032	1.500239412754361e-14
2106	263.4	264.75	0.065	-0.098	-0.719	0.021	1.35	0.793	0.587	171.338	2.303165338635879e-14
2106	272.4	273.15	-1.684	0.044	-1.972	-0.169	0.75	0.358	0.477	-143.569	2.303165338635879e-14
2140	339.45	340.5	1.102	-0.024	0.481	-0.106	1.05	0.626	0.597	-172.435	2.689863252314813e-14
2140	341.55	342.9	-0.119	0.395	-0.783	-0.012	1.35	0.779	0.577	-148.504	2.689863252314813e-14
2154	245.4	250.5	-1.2	0.625	0.793	0.612	5.1	1.993	0.391	-0.396	1.114355782495802e-14
2154	281.55	285.9	1.598	-0.707	2.497	-0.261	4.35	1.004	0.231	26.39	1.114355782495802e-14
2242	247.65	248.85	0.241	-0.011	-0.124	0.075	1.2	0.375	0.313	166.615	8.219162715195011e-15
2248	304.2	305.4	-0.6870000000000001	-0.122	-0.161	0.111	1.2	0.575	0.479	23.913	1.966672839302111e-14
2269	273.6	274.65	0.048	0.091	-0.486	0.03	1.05	0.537	0.512	-173.532	1.700479705626126e-14
2272	266.4	268.05	-0.052	-0.083	0.907	-0.176	1.65	0.963	0.584	-5.532	2.582591832723139e-14
2288	273.3	274.35	0.271	-0.352	-0.227	-0.169	1.05	0.531	0.505	159.77	1.643756770452885e-14
2288	277.2	279.15	-0.62	0.158	-1.663	-0.133	1.95	1.083	0.555	-164.424	1.643756770452885e-14
2288	280.8	281.55	-2.031	0.175	-2.396	0.325	0.75	0.395	0.526	157.619	1.643756770452885e-14
2299	266.25	267.45	0.334	-0.055	-0.21	-0.141	1.2	0.551	0.459	-170.932	2.907894932857142e-14
2335	302.4	304.5	-0.136	0.426	-0.675	0.083	2.1	0.639	0.304	-147.523	5.135213831360945e-14
2375	321.9	322.95	0.664	-0.289	0.174	-0.178	1.05	0.503	0.479	167.166	2.153565530733003e-14
2375	324.3	326.25	0.185	0.015	-0.21	0.051	1.95	0.397	0.203	174.767	2.153565530733003e-14
2380	339.6	340.5	-0.025	0.149	0.537	-0.08400000000000001	0.9	0.609	0.676	-22.577	4.220448437273992e-14
2411	285.15	292.05	-1.182	-0.101	3.127	0.08599999999999999	6.9	4.313	0.625	2.479	2.88949858367098e-14
2482	333.9	337.8	0.5669999999999999	0.061	-1.913	0.171	3.9	2.482	0.637	177.446	2.909705590770712e-14
2504	318.15	318.9	0.973	-0.222	0.581	0.176	0.75	0.5590000000000001	0.745	134.564	2.652657304285714e-14
2593	376.35	377.4	1.894	0.367	0.681	0.015	1.05	1.263	1.203	-163.826	3.690066519250781e-14
