trajectory	start     	end       	x1        	y1        	x2        	y2        	duration  	distance  	rate      	angle (deg)	msd_y
62	371.55	372.9	0.344	-0.245	-0.75	0.03	1.35	1.128	0.836	165.882	3.540596639324932e-14
174	367.2	368.25	-0.107	-0.275	-0.614	-0.043	1.05	0.5580000000000001	0.531	155.435	3.756248505277319e-14
236	411.9	413.55	-0.074	-0.011	-0.749	-0.057	1.65	0.677	0.41	-176.14	3.427795361062672e-14
236	415.65	416.55	-1.003	0.25	-1.592	-0.055	0.9	0.663	0.736	-152.683	3.427795361062672e-14
236	422.85	423.9	-2.885	-0.081	-3.414	-0.229	1.05	0.55	0.524	-164.338	3.427795361062672e-14
236	425.1	426.9	-3.637	0.042	-2.742	0.045	1.8	0.894	0.497	0.198	3.427795361062672e-14
236	427.5	428.4	-2.443	-0.091	-2.016	-0.233	0.9	0.45	0.5	-18.386	3.427795361062672e-14
236	428.55	429.75	-1.989	-0.046	-1.555	0.114	1.2	0.462	0.385	20.242	3.427795361062672e-14
331	310.95	311.85	-0.032	-0.03	0.102	0.286	0.9	0.343	0.381	66.941	5.902669928387224e-14
809	310.2	311.1	-0.142	0.165	0.25	-0.03	0.9	0.438	0.486	-26.385	5.651995105180371e-15
1119	352.8	354.45	-0.042	-0.13	0.886	0.29	1.65	1.019	0.617	24.361	4.66258981392101e-14
1192	382.95	384.45	-0.053	-0.031	0.131	-0.105	1.5	0.198	0.132	-21.773	2.005008667894836e-14
1245	356.25	358.8	-0.235	0.093	-1.688	0.144	2.55	1.454	0.57	177.981	4.641464504036906e-14
1282	324.9	325.95	-0.056	0.518	-0.125	-2.03	1.05	2.549	2.427	-91.547	6.752870849361303e-14
1422	398.25	399.15	0.219	-0.399	-0.454	0.136	0.9	0.86	0.955	141.573	4.124980009469618e-14
1681	390.15	391.65	0.253	-0.192	-0.285	-0.119	1.5	0.542	0.362	172.322	2.191932183593748e-14
1866	371.55	372.9	0.493	0.68	-0.709	-0.625	1.35	1.774	1.314	-132.64	2.592061210345606e-14
1990	415.05	415.95	-0.005	0.187	-0.312	0.436	0.9	0.395	0.439	141.004	9.178002199555548e-15
1990	421.5	423.6	-0.549	1.394	-1.09	1.072	2.1	0.63	0.3	-149.203	9.178002199555548e-15
2055	449.55	450.45	-1.648	0.256	-2.283	0.3	0.9	0.637	0.707	176.015	7.560313166609978e-15
2106	385.5	387	0.114	0.168	-0.483	0.044	1.5	0.609	0.406	-168.326	4.389379728815133e-15
2208	333.6	334.8	0.093	0.174	-0.131	-0.082	1.2	0.34	0.284	-131.176	2.784821779296995e-14
2208	387.3	388.2	-0.168	-0.129	-1.062	-0.251	0.9	0.903	1.003	-172.209	2.784821779296995e-14
2235	364.65	365.7	-0.974	-0.123	-1.557	-0.179	1.05	0.585	0.5570000000000001	-174.509	2.281457388440236e-14
2252	347.4	348.15	0.189	0.08500000000000001	-0.157	0.255	0.75	0.385	0.514	153.702	3.460564831170805e-14
2255	392.4	394.8	0.146	-0.054	-1.091	-0.256	2.4	1.253	0.522	-170.706	1.531967963469388e-14
2288	469.05	470.7	-0.24	0.29	-1.362	0.18	1.65	1.127	0.6830000000000001	-174.393	5.886591170408099e-14
2433	397.5	398.4	-1.227	0.167	-1.666	0.265	0.9	0.449	0.499	167.428	4.626121996834172e-14
2433	403.5	404.55	-1.949	0.431	-2.682	0.226	1.05	0.761	0.725	-164.346	4.626121996834172e-14
2455	453.9	454.65	0.202	-0.184	-0.398	-0.199	0.75	0.6	0.8	-178.548	5.356483468730656e-14
2455	456.15	457.95	-1.176	-0.338	-0.395	-0.095	1.8	0.8179999999999999	0.454	17.284	5.356483468730656e-14
2568	317.4	318.45	0.301	-0.083	1.048	-0.286	1.05	0.774	0.737	-15.185	2.181563570734415e-14
2595	403.5	405.45	0.19	-0.159	-0.971	-0.173	1.95	1.162	0.596	-179.286	5.567252444744235e-14
2891	427.05	428.1	0.022	0.08799999999999999	0.4	-0.145	1.05	0.444	0.423	-31.684	3.752981680236006e-14
2964	408.9	409.65	-0.309	0.052	0.192	-0.104	0.75	0.525	0.699	-17.297	4.732920520444474e-15
3010	418.05	419.1	-1.163	-0.519	-1.638	-0.29	1.05	0.527	0.502	154.343	4.359103548141982e-14
3017	349.05	350.1	0.104	0.227	-1.067	-0.324	1.05	1.294	1.233	-154.791	3.766619675484051e-14
3031	381.45	382.35	0.258	0.15	-0.08799999999999999	-0.309	0.9	0.574	0.638	-127.002	4.470545819848143e-14
3031	390.45	391.2	-0.469	-0.07099999999999999	-0.789	-0.041	0.75	0.321	0.428	174.735	4.470545819848143e-14
3031	393.6	395.1	-0.8129999999999999	-0.311	-1.856	-0.113	1.5	1.062	0.708	169.245	4.470545819848143e-14
3031	413.7	414.6	-1.832	-0.281	-2.166	-0.285	0.9	0.334	0.372	-179.431	4.470545819848143e-14
3052	349.05	350.55	0.062	-0.494	-0.517	0.022	1.5	0.776	0.517	138.303	4.546072317287703e-14
3077	337.35	339.45	0.314	-0.026	-0.507	-0.08599999999999999	2.1	0.823	0.392	-175.823	1.706499341864884e-14
3106	373.35	375.15	-2.302	-0.041	-2.789	-1.745	1.8	1.772	0.984	-105.936	2.492005687318647e-14
3247	352.35	353.25	-0.299	-0.214	-0.608	-0.391	0.9	0.356	0.395	-150.226	3.603549798320058e-14
3269	361.2	362.1	-0.125	-0.08799999999999999	0.226	-0.111	0.9	0.351	0.39	-3.82	3.019296172539549e-14
3272	335.55	336.45	0.133	-0.382	-0.35	0.248	0.9	0.794	0.882	127.478	4.064892077069702e-14
3308	361.35	362.4	0.419	0.89	-0.858	-0.825	1.05	2.138	2.036	-126.673	2.75014816544814e-14
3355	356.7	357.45	0.298	-0.338	-0.648	-0.097	0.75	0.976	1.301	165.698	4.431635901608975e-14
3411	318	318.75	0.354	0.394	-0.843	-0	0.75	1.26	1.68	-161.765	3.792236868079237e-14
3429	357.6	359.4	-0.061	0.409	-0.629	-0.181	1.8	0.819	0.455	-133.925	3.892121808511499e-14
3546	336	338.1	0.08	0.135	-0.522	-0.926	2.1	1.22	0.581	-119.557	4.135539336704341e-14
3593	383.25	386.25	-0.926	-0.449	-0.362	-0.275	3	0.591	0.197	17.123	5.224900163068634e-14
3803	402.45	403.65	-2.578	0.187	-1.45	0.008	1.2	1.142	0.952	-8.991	2.100944568441602e-14
4206	341.25	342	-0.094	-0.221	-0.834	0.291	0.75	0.899	1.199	145.313	4.982743832655024e-14
4382	468	468.9	-0.574	0.511	0.117	-0.126	0.9	0.9399999999999999	1.044	-42.645	5.83422762775092e-14
4779	458.55	460.05	0.118	-0.197	-0.477	-0.272	1.5	0.6	0.4	-172.903	2.17413559269446e-14
5113	325.95	326.85	0.114	0.08400000000000001	-0.186	0.253	0.9	0.344	0.382	150.49	2.752517081959829e-14
5544	487.95	490.35	0.04	0.017	1.554	-0.104	2.4	1.518	0.633	-4.552	3.700270151947792e-14
5566	347.4	348.6	0.397	0.5	-0.203	0.282	1.2	0.638	0.532	-160.083	1.418668399092971e-13
5753	345.75	346.65	-0.136	-0.0001	-0.03	-0.015	0.9	0.107	0.118	-7.93	4.540218368541952e-15
6002	322.95	323.7	0.251	0.065	-0.046	0.214	0.75	0.333	0.444	153.409	5.432975720897113e-14
6703	379.05	380.85	0.06900000000000001	-1.947	0.8100000000000001	0.708	1.8	2.757	1.532	74.41200000000001	5.058439955678666e-14
6880	347.55	348.45	0.8	0.16	-0.35	0.035	0.9	1.157	1.286	-173.768	1.568588403257907e-14
7020	465.9	468	0.462	0.051	1.026	-0.01	2.1	0.5669999999999999	0.27	-6.221	3.442692013217975e-14
7087	355.95	356.7	-0.435	0.03	-2.194	-0.21	0.75	1.775	2.366	-172.229	2.351934524815843e-14
7100	363.45	370.5	0.202	-0.24	-2.798	0.179	7.05	3.029	0.43	172.044	3.664438097122506e-14
7314	338.4	339.15	0.134	-0.193	-0.395	0.26	0.75	0.696	0.929	139.507	2.629785948538237e-14
7506	380.85	381.9	-0.08500000000000001	0.064	0.358	-0.182	1.05	0.507	0.483	-29.028	6.133556033876094e-14
7764	338.1	339.3	0.379	0.369	-0.322	-0.08699999999999999	1.2	0.837	0.697	-146.902	3.635838781217483e-14
7986	430.2	430.95	-5.44	0.644	-6.374	0.669	0.75	0.9350000000000001	1.246	178.472	3.459026663237315e-14
7986	432.6	434.25	-6.96	0.617	-9.805	0.672	1.65	2.845	1.724	178.897	3.459026663237315e-14
8283	394.5	395.85	0.042	-0.239	0.573	-0.094	1.35	0.55	0.408	15.207	3.541871046036141e-14
8332	384	385.05	-0.174	0.114	0.078	0.191	1.05	0.264	0.252	16.997	1.267021985120207e-14
8563	398.7	399.6	-0.366	-0.158	-1.342	-0.353	0.9	0.995	1.106	-168.681	6.079337098058658e-14
8590	345.3	346.2	0.392	-0.387	-0.062	-0.08	0.9	0.548	0.609	145.999	4.930540878289949e-14
8646	343.5	345	0.65	0.13	-0.192	0.08599999999999999	1.5	0.843	0.5620000000000001	-177.01	3.840030917125804e-14
8671	435	438.45	-0.474	-0.062	0.645	0.035	3.45	1.123	0.325	4.961	2.435069976643433e-14
8671	438.9	444.75	0.643	-0.124	3.166	-0.018	5.85	2.525	0.432	2.417	2.435069976643433e-14
8755	385.65	386.55	-0.061	-1.474	0.106	-1.106	0.9	0.404	0.449	65.688	2.837514887963228e-14
8763	384	384.9	-0.154	0.164	-1.632	0.07000000000000001	0.9	1.481	1.646	-176.354	6.071538153059319e-14
8863	415.8	418.05	-0.728	0.046	0.301	-0.065	2.25	1.035	0.46	-6.138	2.56255657325714e-14
8871	431.25	432.9	-0.094	-0.023	0.275	0.097	1.65	0.389	0.236	18.092	1.934839635597135e-14
8890	503.25	505.05	-0.485	0.344	-1.493	0.494	1.8	1.019	0.5659999999999999	171.483	5.097437921038401e-14
8901	346.05	348.45	0.518	-0.029	0.06900000000000001	-0.058	2.4	0.451	0.188	-176.311	2.047339227862357e-14
9043	387	387.75	-0.109	-3.318	0.206	0.488	0.75	3.819	5.092	85.26600000000001	1.562567896063999e-14
9181	401.85	403.05	0.579	-0.12	0.922	0.044	1.2	0.38	0.316	25.579	3.192383010186937e-14
9370	368.85	369.6	0.418	0.457	-0.115	-0.115	0.75	0.782	1.043	-132.953	4.833973858833469e-14
9430	390.9	392.1	0.045	0.328	0.082	0.281	1.2	0.06	0.05	-52.297	2.594495898771039e-14
9454	402.6	403.5	0.272	-0.192	-0.554	-0.08	0.9	0.833	0.926	172.266	1.86461314758347e-14
9509	428.85	430.05	-0.173	0.106	0.366	0.183	1.2	0.545	0.454	8.135	1.417148535147392e-14
9520	486.3	488.1	-0.134	-0.416	0.806	-0.092	1.8	0.995	0.553	18.979	3.944528106113029e-14
9588	423.3	426.3	0.421	-0.292	1.995	-0.242	3	1.575	0.525	1.837	5.26495705113706e-14
9588	434.55	439.95	-0.573	-0.498	1.742	-0.125	5.4	2.345	0.434	9.151999999999999	5.26495705113706e-14
9588	441.45	443.55	2.28	0.008	3.394	0.123	2.1	1.119	0.533	5.867	5.26495705113706e-14
9588	460.5	462.3	1.845	-0.279	2.904	-0.357	1.8	1.062	0.59	-4.239	5.26495705113706e-14
9617	378.3	379.35	0.058	0.135	-0.216	0.08400000000000001	1.05	0.278	0.265	-169.335	4.039884045351472e-14
9709	394.8	395.85	0.139	-0.295	-0.8110000000000001	0.002	1.05	0.996	0.948	162.637	1.903734828016494e-14
9943	419.7	420.45	0.123	-0.392	-0.659	0.324	0.75	1.061	1.414	137.528	5.540536584104665e-14
9982	415.35	416.1	-0.048	-0.147	0.17	0.5679999999999999	0.75	0.748	0.997	73.078	6.431869135802466e-14
10288	413.55	415.05	0.171	0.07099999999999999	-0.778	0.031	1.5	0.95	0.633	-177.57	3.577576274348423e-14
10304	403.8	404.55	0.062	0.372	-0.533	0.408	0.75	0.596	0.795	176.565	2.622841330812854e-14
10533	425.7	427.8	-1.776	0.328	-2.778	-0.007	2.1	1.056	0.503	-161.479	8.037928607863436e-14
10611	491.7	494.1	-4.536	0.283	-3.272	1.129	2.4	1.521	0.634	33.789	1.422302040352338e-14
10614	496.2	497.25	-0.134	0.058	0.403	0.325	1.05	0.6	0.572	26.405	1.606992679418189e-14
10670	495.3	496.05	-0.187	-0.112	0.288	0.07000000000000001	0.75	0.509	0.678	20.958	2.625472931319196e-14
10670	496.35	497.55	0.318	-0.014	1.102	0.219	1.2	0.8179999999999999	0.6820000000000001	16.547	2.625472931319196e-14
10756	398.25	399.3	3.718	-0.606	3.056	-0.591	1.05	0.663	0.631	178.671	4.086492641256533e-14
10835	401.25	402.9	0.542	-0.881	0.077	-0.172	1.65	0.848	0.514	123.308	1.499653409614509e-14
10994	461.1	462.3	-0.29	0.206	0.45	0.074	1.2	0.751	0.626	-10.119	1.13496307568098e-13
11068	454.5	458.25	-1.794	-0.409	-0.461	0.166	3.75	1.452	0.387	23.351	7.238030468815692e-15
11068	459.9	462	-0.31	0.177	0.434	0.103	2.1	0.748	0.356	-5.692	7.238030468815692e-15
11068	464.55	465.9	0.336	0.246	0.79	0.149	1.35	0.465	0.344	-12.069	7.238030468815692e-15
11068	467.4	470.25	0.509	0.042	1.382	0.131	2.85	0.878	0.308	5.802	7.238030468815692e-15
11068	471.6	473.25	1.488	-0.005	2.085	0.12	1.65	0.61	0.37	11.849	7.238030468815692e-15
11068	474.3	476.1	2.227	0.131	2.866	0.079	1.8	0.641	0.356	-4.651	7.238030468815692e-15
11163	467.55	468.75	-0.198	-0.034	-2.419	-0.212	1.2	2.228	1.857	-175.43	1.520368613196616e-14
11284	445.95	446.85	-0.522	0.025	-0.027	0.425	0.9	0.636	0.707	38.968	1.975033251700682e-14
11284	447	447.75	-0.173	0.256	0.302	0.165	0.75	0.484	0.645	-10.841	1.975033251700682e-14
11419	426.45	427.35	4.358	2.524	1.955	0.319	0.9	3.261	3.624	-137.465	4.875232410642297e-14
11435	462.75	471.45	-0.379	-0.158	2.896	0.237	8.699999999999999	3.299	0.379	6.879	3.167530178571428e-14
11513	433.05	433.8	0.965	0.511	0.117	0.224	0.75	0.895	1.194	-161.277	3.21177911673554e-14
11620	466.5	467.55	-0.187	0.076	0.21	0.406	1.05	0.516	0.491	39.725	3.479465474876736e-14
11620	468.3	469.2	0.496	-0.101	0.949	0.171	0.9	0.528	0.586	30.914	3.479465474876736e-14
11760	488.7	490.05	0.141	0.008	-0.403	0.241	1.35	0.592	0.438	156.78	1.07278362195943e-13
11799	520.5	521.55	0.232	-0.023	-0.514	-0.082	1.05	0.748	0.712	-175.519	2.316041129662984e-14
11839	505.95	506.85	-0.213	0.12	0.141	0.022	0.9	0.367	0.408	-15.526	1.154687192768872e-13
11843	459.3	460.8	0.107	0.234	-0.59	0.053	1.5	0.721	0.48	-165.506	6.003284725913249e-14
12072	505.05	507	-0.698	-0.049	0.87	-0.055	1.95	1.568	0.804	-0.183	1.139850785123967e-14
12072	517.2	518.4	0.5570000000000001	0.028	-0.576	-0.048	1.2	1.135	0.946	-176.173	1.139850785123967e-14
12172	498.3	499.2	-0.259	-0.369	0.06900000000000001	-1.208	0.9	0.901	1.001	-68.645	3.00344800734619e-14
12322	507.3	509.1	-0.195	-1.173	0.405	0.445	1.8	1.725	0.959	69.65000000000001	4.486871967813926e-14
12322	510.3	511.35	0.25	-0.299	0.848	0.239	1.05	0.805	0.766	41.947	4.486871967813926e-14
12635	493.5	494.7	0.384	0.173	-0.098	0.125	1.2	0.484	0.403	-174.406	3.346132194054073e-15
28	420.9	426	2.315	-0.361	4.789	-0.414	5.1	2.474	0.485	-1.234	4.638120404813361e-15
28	430.05	433.35	2.046	-0.455	3.435	-0.374	3.3	1.391	0.422	3.329	4.638120404813361e-15
28	435	436.95	3.896	-0.133	4.512	-0.307	1.95	0.64	0.328	-15.779	4.638120404813361e-15
28	441.45	446.25	1.867	-0.138	3.648	-0.593	4.8	1.838	0.383	-14.342	4.638120404813361e-15
245	427.05	429.3	-0.946	-0.313	-0.346	-0.494	2.25	0.627	0.279	-16.802	7.62601180878078e-14
356	383.4	384.3	-0.272	-0.143	-0.595	-0.271	0.9	0.348	0.386	-158.363	3.747536958323252e-14
457	381.3	382.2	-0.702	-0.641	-0.483	-0.201	0.9	0.491	0.545	63.477	3.178950937833852e-14
539	447.9	448.8	-0.178	0.19	0.213	0.183	0.9	0.39	0.434	-1.051	3.482402743484229e-14
540	441.45	442.2	-0.008	-0.146	0.29	-0.181	0.75	0.3	0.4	-6.734	4.939636644691023e-14
619	333.45	334.5	0.08599999999999999	0.149	-0.277	0.048	1.05	0.377	0.359	-164.403	4.559261021775015e-14
830	449.85	450.9	-0.029	0.126	-0.602	0.511	1.05	0.6899999999999999	0.657	146.099	4.610948448518784e-14
874	439.65	441.75	0.01	0.146	0.752	0.094	2.1	0.744	0.354	-3.99	3.20785041795142e-14
1153	351.15	352.05	-0.206	-0.027	0.306	-0.095	0.9	0.517	0.574	-7.577	4.435659728174247e-14
1351	398.85	400.05	-1.024	-0.267	-0.37	0.512	1.2	1.017	0.848	49.968	4.777971571216674e-14
1351	405.9	406.8	-0.629	0.019	-0.142	0.34	0.9	0.583	0.648	33.47	4.777971571216674e-14
1351	434.1	437.4	0.49	-0.151	1.84	-0.101	3.3	1.351	0.409	2.105	4.777971571216674e-14
1351	447.3	450	3.896	-0.018	4.821	0.061	2.7	0.928	0.344	4.892	4.777971571216674e-14
1351	454.2	457.5	6.512	-0.145	7.566	-0.301	3.3	1.066	0.323	-8.442	4.777971571216674e-14
1372	379.5	380.55	0.152	-0.08799999999999999	0.338	0.06	1.05	0.237	0.226	38.521	2.266154012161803e-14
1600	418.5	420.45	-1.005	-0.601	0.038	0.175	1.95	1.3	0.667	36.649	6.016882051172481e-14
1662	391.35	394.05	-1.018	0.008	-0.168	-0.145	2.7	0.863	0.32	-10.242	3.265950060267607e-14
1662	397.05	399.45	0.309	-0.176	0.966	-0.052	2.4	0.669	0.279	10.635	3.265950060267607e-14
1662	402.6	403.65	1.24	-0.029	1.826	-0.194	1.05	0.608	0.579	-15.752	3.265950060267607e-14
1707	431.85	433.2	-0.501	-0.308	-1.15	-0.187	1.35	0.661	0.49	169.416	1.989989962650722e-14
2020	378.9	381	-1.123	0.059	-4.142	-0.235	2.1	3.033	1.445	-174.437	6.705042719286024e-15
2095	341.85	343.05	0.07000000000000001	-0.309	-0.323	0.171	1.2	0.62	0.517	129.39	4.516230774374995e-14
2132	452.7	454.2	-0.195	-0.091	0.376	0.294	1.5	0.6889999999999999	0.459	33.971	3.309203225249592e-14
2152	428.85	430.35	0.032	-0.016	0.542	-0.157	1.5	0.53	0.353	-15.467	3.189605916132477e-14
2178	462.45	463.35	-1.819	-1.088	-2.23	-1.164	0.9	0.418	0.465	-169.514	2.890557504056247e-14
2178	463.95	465.6	-2.459	-1.175	-3.032	-1.165	1.65	0.573	0.347	179.013	2.890557504056247e-14
2505	420.45	421.5	-0.336	0.131	-0.642	0.058	1.05	0.314	0.299	-166.627	4.521401197568263e-14
2598	505.5	506.25	-0.061	0.045	0.435	-0.016	0.75	0.5	0.666	-7.076	3.127655369448407e-14
2598	506.7	507.75	0.768	0.036	1.443	-0.008	1.05	0.677	0.644	-3.785	3.127655369448407e-14
2621	373.35	374.1	-0.094	-0.198	0.234	-0.5679999999999999	0.75	0.494	0.659	-48.439	3.461357966326528e-14
2626	332.7	334.35	-0.256	0.092	-0.618	0.132	1.65	0.364	0.22	173.685	4.535862685497113e-14
2791	490.5	492.9	-0.272	0.612	0.576	0.354	2.4	0.886	0.369	-16.921	3.054182954430941e-14
2933	390.9	392.1	-0.189	-0.252	-0.888	0.107	1.2	0.786	0.655	152.877	4.195093708227614e-14
2958	435.75	436.5	-0.706	-0.121	-1.33	0.229	0.75	0.715	0.954	150.709	3.716690251996499e-14
3009	382.65	384	-2.051	-0.117	-3.03	-0.335	1.35	1.003	0.743	-167.471	1.904351856528927e-14
3031	370.95	372.15	0.022	0.29	-0.376	-0.021	1.2	0.505	0.421	-142.078	3.43598591794949e-14
3056	389.1	390.9	0.504	0.014	1.086	-0.701	1.8	0.922	0.512	-50.834	2.879654387099554e-14
3056	397.65	399.9	0.488	-0.152	1.136	0.078	2.25	0.6879999999999999	0.306	19.568	2.879654387099554e-14
3150	422.1	422.85	0.621	-0.27	1.181	0.35	0.75	0.835	1.114	47.902	3.696906939898068e-14
3169	391.05	391.8	0.184	0.761	0.672	-0.026	0.75	0.926	1.235	-58.207	3.820632370052195e-14
3172	373.5	374.55	0.411	0.47	-0.235	-0.012	1.05	0.806	0.768	-143.284	4.180595102898296e-14
3187	350.7	351.6	-0.51	-0.041	-0.701	-0.201	0.9	0.249	0.276	-139.996	3.143324437255858e-14
3221	421.35	422.55	-0.158	-0.158	0.382	0.022	1.2	0.57	0.475	18.381	3.081645027800661e-14
3251	426	427.05	0.418	0.172	0.698	0.09	1.05	0.291	0.278	-16.142	4.591768729497096e-14
3251	434.85	435.75	1.053	-0.218	1.709	0.25	0.9	0.806	0.895	35.505	4.591768729497096e-14
3304	337.05	338.4	-0.186	0.058	-0.03	0.056	1.35	0.155	0.115	-0.702	2.8036779749255e-14
3318	335.4	336.6	-0.051	0.032	-0.429	0.247	1.2	0.434	0.362	150.364	3.481687189345208e-14
3319	360.9	362.1	-0.31	0.292	-0.6	0.364	1.2	0.298	0.249	166.067	4.051614921947315e-14
3383	471.3	472.5	-0.184	0.346	0.371	-0.098	1.2	0.711	0.593	-38.66	4.76047217970227e-14
3383	472.95	474.45	0.402	-0.012	1.221	0.025	1.5	0.82	0.547	2.614	4.76047217970227e-14
3383	479.4	480.6	3.475	0.182	4.206	0.115	1.2	0.734	0.612	-5.258	4.76047217970227e-14
3383	490.2	491.1	6.173	0.417	6.778	0.8110000000000001	0.9	0.722	0.802	33.088	4.76047217970227e-14
3535	416.85	417.9	-0.038	-0.003	-0.526	-0.033	1.05	0.489	0.466	-176.511	7.770961216699451e-14
3614	437.4	439.35	-0.128	0.106	0.723	0.024	1.95	0.855	0.439	-5.461	4.934207889369804e-14
3624	355.35	356.55	-0.165	0.105	-0.637	-0.485	1.2	0.755	0.629	-128.684	3.849405387074526e-14
3663	333.45	334.2	0.061	0.313	-0.168	-0.222	0.75	0.582	0.776	-113.164	3.375139179292566e-14
3702	368.4	369.3	0.093	-0.059	-0.739	0.177	0.9	0.865	0.961	164.17	4.78953551427201e-14
3705	394.65	396.45	-0.109	0.156	-0.714	0.008	1.8	0.623	0.346	-166.261	4.045716750236615e-14
3760	342.6	343.5	-0.045	-0.249	-0.168	-0.208	0.9	0.13	0.144	161.456	6.241345153563792e-14
3770	437.85	438.9	0.032	0.07000000000000001	-0.5600000000000001	-0.236	1.05	0.667	0.635	-152.625	5.82711803245264e-14
3941	317.4	318.15	0.21	0.055	-0.446	-0.237	0.75	0.718	0.957	-156.061	2.601512252869421e-14
4265	325.8	326.85	0.064	0.122	-0.629	0.023	1.05	0.7	0.667	-171.82	2.706059291859034e-14
4321	390.9	393.3	0.541	0.102	1.211	0.111	2.4	0.67	0.279	0.772	2.886287235736855e-14
4411	390.45	394.05	-0.101	-0.081	-2.29	0.129	3.6	2.199	0.611	174.523	2.384104313281095e-14
4411	395.1	397.05	-2.309	0.08799999999999999	-1.696	-0.141	1.95	0.654	0.335	-20.474	2.384104313281095e-14
4455	384.9	385.65	-0.051	-0.18	0.435	-0.331	0.75	0.509	0.679	-17.26	3.87143756692971e-14
4565	377.55	379.05	-0.155	0.332	0.49	-0.336	1.5	0.928	0.619	-46.012	3.460822624559376e-14
4629	361.2	362.25	0.485	0.044	1.205	-0.222	1.05	0.768	0.731	-20.267	4.545458451885957e-14
4654	386.25	388.5	0.094	0.144	-0.429	0.593	2.25	0.6889999999999999	0.306	139.392	4.351195288305024e-14
4659	361.35	362.55	0.462	-0.052	0.051	-0.209	1.2	0.44	0.367	-159.071	4.302138187304803e-14
4913	436.95	437.7	-0.27	0.024	0.355	-0.253	0.75	0.6840000000000001	0.912	-23.876	5.533351717867056e-14
5134	346.5	347.25	0.478	-0.181	0.099	-0.06	0.75	0.398	0.531	162.327	2.838877477477459e-14
5332	338.85	339.6	0.157	NaN	0.157	NaN	0.75	NaN	NaN	NaN	3.001791494508585e-14
5969	384.9	386.25	0.378	-0.08799999999999999	-0.07000000000000001	0.05	1.35	0.469	0.347	162.82	3.144712321799305e-14
5969	392.55	393.3	-0.21	-0.164	-0.549	0.11	0.75	0.436	0.581	141.105	3.144712321799305e-14
6143	372.45	373.65	0.174	0.096	0.029	0.223	1.2	0.193	0.161	139.002	2.958006989832966e-14
6315	374.85	377.1	-0.354	0.076	-1.162	-0.204	2.25	0.855	0.38	-160.883	3.187287762774041e-14
6315	379.65	380.4	-1.338	-0.034	-1.696	0.08500000000000001	0.75	0.378	0.503	161.682	3.187287762774041e-14
7123	353.25	357.15	-0.123	-0.045	-1.315	0.14	3.9	1.206	0.309	171.195	4.56377519174812e-14
7123	370.65	371.4	-2.488	-0.384	-3.144	-0.492	0.75	0.665	0.886	-170.691	4.56377519174812e-14
7214	355.35	356.25	0.01	-0.152	-0.445	-0.067	0.9	0.462	0.514	169.352	2.954669957056849e-14
7340	378.3	379.05	0.275	-0.067	-0.082	-0.205	0.75	0.382	0.51	-158.904	2.274730976468121e-14
7570	452.55	453.9	1.766	0.446	2.333	0.415	1.35	0.5669999999999999	0.42	-3.131	2.427959735349717e-14
7570	456.75	458.55	3.189	0.652	3.581	0.474	1.8	0.43	0.239	-24.397	2.427959735349717e-14
7688	488.7	489.75	0.173	0.601	-0.272	-0.422	1.05	1.116	1.062	-113.498	8.639125979220918e-14
7702	380.55	381.45	-0.398	-0.047	-0.766	0.089	0.9	0.392	0.436	159.694	1.372311383381599e-14
7810	465.6	466.95	-0.171	-0.154	-1.41	-0.08	1.35	1.241	0.919	176.589	3.832340635060607e-14
7810	471.75	473.85	-2.626	-0.046	-4.067	0.572	2.1	1.568	0.747	156.798	3.832340635060607e-14
8915	448.35	449.55	-0.115	0.08699999999999999	0.864	-0.254	1.2	1.037	0.864	-19.205	4.364758258458941e-14
9079	463.65	465.3	-0.618	-0.1	-1.57	0.106	1.65	0.974	0.59	167.759	3.147037787317467e-14
9314	464.7	465.6	0.323	0.017	-0.669	0.026	0.9	0.992	1.102	179.504	2.487869147936508e-14
9316	484.05	485.4	0.846	-0.169	1.72	0.106	1.35	0.916	0.678	17.481	2.152204023103765e-14
9410	481.05	482.4	-0.018	0.026	0.322	-0.008	1.35	0.341	0.253	-5.684	3.838246711432505e-14
9593	523.05	524.55	-0.045	0.278	0.248	0.029	1.5	0.384	0.256	-40.374	6.421977920946746e-14
